0.727082 0.200000 2354 0 1 99998 2 [],[99999]
1.464301 1.800000 12218 0 1 99997 3 [],[2354]
1.653746 2.400000 17962 0 1 99996 4 [],[2354]
1.663405 2.600000 73837 0 1 99995 5 [],[2354]
1.702728 2.600000 33361 0 1 99994 6 [],[17962]
3.503224 2.700000 18366 0 1 99993 7 [],[99999]
3.596072 3.500000 37803 0 1 99992 8 [],[18366]
4.096270 3.500000 31518 0 1 99991 9 [],[37803]
4.741441 4.200000 24287 0 1 99990 10 [],[2354]
4.762811 4.400000 80785 0 1 99989 11 [],[2354]
5.228742 4.400000 78164 0 1 99988 12 [],[17962]
5.635942 4.400000 20 0 1 99987 13 [],[2354]
5.655488 19.300000 38453 0 1 99986 14 [],[2354]
5.720893 19.500000 37992 0 1 99985 15 [],[20]
5.809484 19.500000 95611 0 1 99984 16 [],[20]
5.851946 19.500000 3877 0 1 99983 17 [],[20]
5.888811 20.300000 952 0 1 99982 18 [],[38453]
5.894403 27.300000 8370 0 1 99981 19 [],[31518]
5.902930 27.800000 47893 0 1 99980 20 [],[20]
5.921823 28.100000 31276 0 1 99979 21 [],[20]
5.969444 28.100000 14598 0 1 99978 22 [],[20]
5.970610 28.200000 14534 0 1 99977 23 [],[33361]
6.001168 28.400000 1110 0 1 99976 24 [],[20]
6.040745 28.800000 39977 0 1 99975 25 [],[952]
6.138710 28.900000 59819 0 1 99974 26 [],[952]
6.190032 28.900000 28436 0 1 99973 27 [],[952]
6.194069 28.900000 74461 0 1 99972 28 [],[20]
6.195734 28.900000 36807 0 1 99971 29 [],[20]
6.333833 29.000000 374 0 1 99970 30 [],[20]
6.336933 32.300000 16969 0 1 99969 31 [],[20]
6.364355 33.600000 72593 0 1 99968 32 [],[20]
6.390485 33.600000 83718 0 1 99967 33 [],[952]
6.409700 33.600000 12232 0 1 99966 34 [],[8370]
6.463579 33.900000 34442 0 1 99965 35 [],[20]
6.493905 34.300000 5205 0 1 99964 36 [],[952]
6.535800 34.800000 93023 0 1 99963 37 [],[20]
6.567637 34.800000 86972 0 1 99962 38 [],[20]
6.570199 34.800000 1539 0 1 99961 39 [],[952]
6.592316 36.100000 54044 0 1 99960 40 [],[34442]
6.593074 36.200000 14081 0 1 99959 41 [],[20]
6.597714 36.400000 88485 0 1 99958 42 [],[20]
6.606193 36.400000 22211 0 1 99957 43 [],[16969]
6.614840 36.400000 50255 0 1 99956 44 [],[374]
6.623165 36.400000 28399 0 1 99955 45 [],[20]
6.666697 36.500000 36243 0 1 99954 46 [],[86972]
6.669800 36.800000 56142 0 1 99953 47 [],[952]
6.673351 36.800000 188 0 1 99952 48 [],[28436]
6.681575 40.500000 16425 0 1 99951 49 [],[5205]
6.700657 40.600000 56179 0 1 99950 50 [],[952]
6.717871 40.600000 21887 0 1 99949 51 [],[20]
6.722272 40.800000 4808 0 1 99948 52 [],[20]
6.775762 41.100000 2637 0 1 99947 53 [],[20]
6.775880 41.300000 24811 0 1 99946 54 [],[16969]
6.843971 41.400000 85140 0 1 99945 55 [],[952]
6.883481 41.400000 11515 0 1 99944 56 [],[20]
6.888675 41.800000 68813 0 1 99943 57 [],[374]
6.906446 41.800000 84103 0 1 99942 58 [],[12232]
6.908127 41.800000 31770 0 1 99941 59 [],[20]
6.917048 41.800000 2388 0 1 99940 60 [],[36807]
6.942491 44.500000 7276 0 1 99939 61 [],[188]
7.000708 45.900000 1250 0 1 99938 62 [],[1539]
7.071982 46.100000 33099 0 1 99937 63 [],[1539]
7.098582 46.200000 75678 0 1 99936 64 [],[952]
7.168625 46.200000 7113 0 1 99935 65 [],[374]
7.211893 46.900000 55318 0 1 99934 66 [],[20]
7.227423 46.900000 36134 0 1 99933 67 [],[20]
7.229856 47.200000 3922 0 1 99932 68 [],[188]
7.254613 47.800000 57406 0 1 99931 69 [],[16969]
7.298255 47.900000 12697 0 1 99930 70 [],[20]
7.304235 48.100000 75250 0 1 99929 71 [],[4808]
7.308181 48.100000 410 0 1 99928 72 [],[20]
7.321330 49.200000 71697 0 1 99927 73 [],[31518]
7.332696 49.200000 42184 0 1 99926 74 [],[2354]
7.397925 49.200000 44163 0 1 99925 75 [],[188]
7.399625 49.200000 20423 0 1 99924 76 [],[36243]
7.406894 49.500000 176 0 1 99923 77 [],[20]
7.407724 51.600000 4915 0 1 99922 78 [],[5205]
7.414621 52.200000 215 0 1 99921 79 [],[72593]
7.417177 58.700000 65808 0 1 99920 80 [],[2637]
7.426493 58.700000 67011 0 1 99919 81 [],[215]
7.441933 58.700000 28909 0 1 99918 82 [],[2388]
7.449043 58.700000 92346 0 1 99917 83 [],[3922]
7.464070 58.700000 89264 0 1 99916 84 [],[188]
7.493487 58.700000 60975 0 1 99915 85 [],[12218]
7.543143 58.900000 6230 0 1 99914 86 [],[20]
7.547455 59.500000 3 0 1 99913 87 [],[215]
7.548810 99.200000 9106 0 1 99912 88 [],[3]
7.560083 99.600000 47293 0 1 99911 89 [],[56179]
7.564359 100.100000 416 0 1 99910 90 [],[3]
7.573556 100.300000 35000 0 1 99909 91 [],[20]
7.594969 100.400000 50636 0 1 99908 92 [],[1539]
7.612536 100.400000 70379 0 1 99907 93 [],[952]
7.614676 100.600000 16699 0 1 99906 94 [],[3]
7.654403 100.700000 7301 0 1 99905 95 [],[3]
7.657540 101.600000 183 0 1 99904 96 [],[21887]
7.670650 106.900000 45664 0 1 99903 97 [],[11515]
7.707447 107.100000 598 0 1 99902 98 [],[3]
7.710651 107.800000 69921 0 1 99901 99 [],[1539]
7.776247 107.800000 70202 0 1 99900 100 [],[3]
7.788052 107.800000 80961 0 1 99899 101 [],[3]
7.795145 107.800000 58778 0 1 99898 102 [],[39977]
7.798968 107.900000 7554 0 1 99897 103 [],[3]
7.810840 108.100000 80189 0 1 99896 104 [],[3]
7.811201 108.200000 71611 0 1 99895 105 [],[3]
7.811872 108.200000 35722 0 1 99894 106 [],[54044]
7.825144 108.300000 45969 0 1 99893 107 [],[34442]
7.829488 108.400000 437 0 1 99892 108 [],[20]
7.829765 115.400000 79176 0 1 99891 109 [],[16699]
7.838959 115.400000 10168 0 1 99890 110 [],[952]
7.855053 115.500000 79919 0 1 99889 111 [],[1539]
7.870004 115.500000 20463 0 1 99888 112 [],[3]
7.872488 115.800000 71560 0 1 99887 113 [],[437]
7.890265 115.800000 42524 0 1 99886 114 [],[3]
7.891117 115.800000 33097 0 1 99885 115 [],[3]
7.906920 115.800000 54555 0 1 99884 116 [],[215]
7.929055 116.000000 24352 0 1 99883 117 [],[55318]
7.934627 116.800000 13506 0 1 99882 118 [],[2388]
7.941675 117.300000 3181 0 1 99881 119 [],[3]
7.949968 118.300000 69451 0 1 99880 120 [],[952]
7.952390 118.300000 253 0 1 99879 121 [],[3]
7.953693 120.200000 59923 0 1 99878 122 [],[45664]
7.973634 120.200000 94901 0 1 99877 123 [],[952]
7.981928 120.200000 44149 0 1 99876 124 [],[3]
7.983829 120.200000 95458 0 1 99875 125 [],[21887]
7.991652 120.200000 12067 0 1 99874 126 [],[215]
8.000535 120.300000 64211 0 1 99873 127 [],[6230]
8.006965 120.400000 406 0 1 99872 128 [],[20]
8.007281 123.800000 5036 0 1 99871 129 [],[1110]
8.011299 125.500000 86043 0 1 99870 130 [],[183]
8.014589 125.500000 22219 0 1 99869 131 [],[3181]
8.021999 125.700000 94482 0 1 99868 132 [],[13506,60975]
8.046399 125.500000 2087 0 1 99867 133 [],[20463]
8.052975 126.300000 79639 0 1 99866 134 [],[406]
8.053983 126.300000 51807 0 1 99865 135 [],[215]
8.076809 126.300000 1749 0 1 99864 136 [],[952]
8.081458 127.800000 26698 0 1 99863 137 [],[16969]
8.095619 127.900000 69707 0 1 99862 138 [],[3]
8.099573 127.900000 69920 0 1 99861 139 [],[3]
8.115817 127.900000 61952 0 1 99860 140 [],[6230]
8.116472 127.900000 30117 0 1 99859 141 [],[35722]
8.122986 128.200000 6138 0 1 99858 142 [],[80189]
8.138030 128.700000 535 0 1 99857 143 [],[3]
8.143696 129.800000 45792 0 1 99856 144 [],[410]
8.153624 129.800000 12177 0 1 99855 145 [],[3]
8.155388 130.000000 6672 0 1 99854 146 [],[79639]
8.163508 130.800000 3781 0 1 99853 147 [],[20]
8.163754 131.000000 34617 0 1 99852 148 [],[215]
8.174801 131.100000 4 0 1 99851 149 [],[183,3]
8.177491 181.500000 1116 0 1 99850 150 [],[4]
8.187907 182.700000 59323 0 1 99849 151 [],[20]
8.192515 182.900000 5382 0 1 99848 152 [],[3]
8.192701 183.600000 12939 0 1 99847 153 [],[3]
8.196157 183.900000 19944 0 1 99846 154 [],[183]
8.206032 184.000000 54651 0 1 99845 155 [],[2388]
8.212356 184.000000 51214 0 1 99844 156 [],[406]
8.236216 184.000000 23506 0 1 99843 157 [],[3]
8.240218 184.500000 55096 0 1 99842 158 [],[2388]
8.241162 184.600000 1767 0 1 99841 159 [],[3]
8.256264 185.700000 5793 0 1 99840 160 [],[1116]
8.258352 185.800000 32507 0 1 99839 161 [],[3]
8.258587 185.800000 61716 0 1 99838 162 [],[4]
8.260615 185.800000 66975 0 1 99837 163 [],[1110]
8.260729 186.200000 63576 0 1 99836 164 [],[57406]
8.264428 186.200000 79687 0 1 99835 165 [],[5036]
8.266258 186.200000 44629 0 1 99834 166 [],[952]
8.270732 186.200000 780 0 1 99833 167 [],[437]
8.272988 187.400000 2770 0 1 99832 168 [],[176]
8.283896 188.000000 75721 0 1 99831 169 [],[3]
8.291909 188.100000 837 0 1 99830 170 [],[374]
8.293934 194.600000 83543 0 1 99829 171 [],[7301]
8.295675 194.600000 49199 0 1 99828 172 [],[3]
8.296557 194.900000 61782 0 1 99827 173 [],[95611]
8.297387 195.000000 71886 0 1 99826 174 [],[60975]
8.307633 195.000000 3887 0 1 99825 175 [],[4]
8.307859 195.400000 90369 0 1 99824 176 [],[4]
8.310622 195.400000 18602 0 1 99823 177 [],[20]
8.313502 196.200000 15478 0 1 99822 178 [],[4]
8.318268 196.400000 23261 0 1 99821 179 [],[7276]
8.321432 196.600000 70817 0 1 99820 180 [],[952]
8.322212 196.600000 2837 0 1 99819 181 [],[3]
8.326942 196.800000 54288 0 1 99818 182 [],[1749]
8.339681 196.800000 32014 0 1 99817 183 [],[4]
8.339814 196.800000 68167 0 1 99816 184 [],[4]
8.344844 196.800000 73923 0 1 99815 185 [],[215]
8.348221 196.800000 49735 0 1 99814 186 [],[3]
8.356607 197.000000 45544 0 1 99813 187 [],[3]
8.356862 197.000000 3203 0 1 99812 188 [],[4]
8.368222 197.300000 67466 0 1 99811 189 [],[837]
8.368722 197.500000 17486 0 1 99810 190 [],[598]
8.370056 197.600000 22803 0 1 99809 191 [],[215]
8.378975 197.900000 21508 0 1 99808 192 [],[16969]
8.384192 197.900000 51911 0 1 99807 193 [],[952]
8.385042 197.900000 84017 0 1 99806 194 [],[4]
8.389385 197.900000 64 0 1 99805 195 [],[3,4]
8.389615 208.100000 72750 0 1 99804 196 [],[188]
8.402485 208.200000 75059 0 1 99803 197 [],[374]
8.404758 208.200000 8631 0 1 99802 198 [],[406]
8.407474 208.400000 53856 0 1 99801 199 [],[4]
8.409307 208.400000 74640 0 1 99800 200 [],[374]
8.416225 208.400000 16132 0 1 99799 201 [],[51807]
8.416581 208.900000 19846 0 1 99798 202 [],[15478]
8.417049 209.300000 1674 0 1 99797 203 [],[4]
8.429676 211.000000 48298 0 1 99796 204 [],[3]
8.434613 211.000000 27597 0 1 99795 205 [],[837]
8.438220 211.100000 3407 0 1 99794 206 [],[4]
8.441359 212.100000 476 0 1 99793 207 [],[23506]
8.441736 217.600000 51032 0 1 99792 208 [],[952]
8.444225 217.900000 60483 0 1 99791 209 [],[19846]
8.446417 218.000000 42409 0 1 99790 210 [],[215]
8.450107 218.100000 24201 0 1 99789 211 [],[4]
8.457678 218.100000 18091 0 1 99788 212 [],[64]
8.461566 218.500000 15 0 1 99787 213 [],[3,4]
8.466011 228.500000 60445 0 1 99786 214 [],[183]
8.472555 228.600000 49172 0 1 99785 215 [],[215]
8.473918 228.600000 29027 0 1 99784 216 [],[4]
8.473991 228.700000 6188 0 1 99783 217 [],[64]
8.474591 229.200000 54114 0 1 99782 218 [],[3]
8.482912 229.200000 10424 0 1 99781 219 [],[2388]
8.490752 229.700000 70337 0 1 99780 220 [],[4]
8.495387 229.700000 50219 0 1 99779 221 [],[2770]
8.499808 229.700000 181 0 1 99778 222 [],[1110]
8.511308 231.200000 5000 0 1 99777 223 [],[215]
8.512732 232.300000 61 0 1 99776 224 [],[188,215,20]
8.523855 248.700000 83223 0 1 99775 225 [],[61]
8.528398 248.700000 65 0 1 99774 226 [],[4,61]
8.530296 254.900000 85998 0 1 99773 227 [],[4]
8.532409 254.900000 31924 0 1 99772 228 [],[29027]
8.535227 255.000000 3590 0 1 99771 229 [],[215]
8.536615 255.000000 72787 0 1 99770 230 [],[3]
8.538900 255.000000 73075 0 1 99769 231 [],[15]
8.542177 255.000000 10985 0 1 99768 232 [],[4]
8.542425 255.100000 8792 0 1 99767 233 [],[15]
8.548340 255.900000 6794 0 1 99766 234 [],[476]
8.552073 256.800000 10036 0 1 99765 235 [],[61]
8.554643 257.400000 50574 0 1 99764 236 [],[1539]
8.555453 257.400000 31899 0 1 99763 237 [],[253]
8.557794 257.700000 1328 0 1 99762 238 [],[4]
8.557822 259.100000 75080 0 1 99761 239 [],[15]
8.564225 259.100000 81105 0 1 99760 240 [],[18366]
8.572136 259.100000 8206 0 1 99759 241 [],[183]
8.575144 259.300000 24012 0 1 99758 242 [],[1116]
8.576786 259.300000 4001 0 1 99757 243 [],[1328]
8.576941 260.000000 12323 0 1 99756 244 [],[4]
8.580468 260.500000 42628 0 1 99755 245 [],[476]
8.580827 260.500000 37091 0 1 99754 246 [],[4]
8.580949 260.900000 31275 0 1 99753 247 [],[3]
8.582227 260.900000 63954 0 1 99752 248 [],[4]
8.583098 260.900000 62 0 1 99751 249 [],[181]
8.589012 266.500000 57272 0 1 99750 250 [],[61]
8.589966 266.500000 88867 0 1 99749 251 [],[215]
8.590637 266.500000 43593 0 1 99748 252 [],[19944]
8.594561 266.500000 302 0 1 99747 253 [],[3]
8.597361 268.700000 85992 0 1 99746 254 [],[5000]
8.599654 268.700000 23423 0 1 99745 255 [],[4]
8.601329 269.300000 6874 0 1 99744 256 [],[4]
8.603615 269.400000 3380 0 1 99743 257 [],[4]
8.604805 269.400000 32311 0 1 99742 258 [],[4]
8.609048 269.400000 90480 0 1 99741 259 [],[4]
8.612183 269.400000 39521 0 1 99740 260 [],[215]
8.616744 269.500000 30726 0 1 99739 261 [],[302]
8.621727 269.700000 51455 0 1 99738 262 [],[4]
8.625802 269.900000 64959 0 1 99737 263 [],[3]
8.629189 270.100000 52658 0 1 99736 264 [],[183]
8.629778 270.200000 20823 0 1 99735 265 [],[4]
8.631763 270.200000 46022 0 1 99734 266 [],[1674]
8.632202 270.200000 6325 0 1 99733 267 [],[61]
8.633880 271.300000 74535 0 1 99732 268 [],[24352]
8.635118 271.300000 214 0 1 99731 269 [],[3]
8.635471 274.900000 1106 0 1 99730 270 [],[837]
8.641386 276.100000 60848 0 1 99729 271 [],[64]
8.643123 276.100000 28962 0 1 99728 272 [],[5382]
8.652343 276.300000 42040 0 1 99727 273 [],[64]
8.652912 276.300000 32445 0 1 99726 274 [],[837]
8.657395 276.400000 9743 0 1 99725 275 [],[476]
8.660179 276.900000 22615 0 1 99724 276 [],[837]
8.663275 276.900000 36319 0 1 99723 277 [],[61]
8.663403 276.900000 95036 0 1 99722 278 [],[61]
8.663475 276.900000 58109 0 1 99721 279 [],[952]
8.665186 277.000000 36173 0 1 99720 280 [],[4]
8.667712 277.200000 86746 0 1 99719 281 [],[36134]
8.668011 277.200000 64952 0 1 99718 282 [],[176]
8.670725 277.200000 29780 0 1 99717 283 [],[215]
8.673986 277.200000 67805 0 1 99716 284 [],[4]
8.682011 277.300000 18468 0 1 99715 285 [],[3]
8.689314 278.200000 43546 0 1 99714 286 [],[20]
8.691740 278.300000 1192 0 1 99713 287 [],[188]
8.691934 280.400000 391 0 1 99712 288 [],[4]
8.697005 283.200000 3607 0 1 99711 289 [],[391]
8.702431 283.500000 53511 0 1 99710 290 [],[64]
8.702809 283.500000 624 0 1 99709 291 [],[4]
8.710837 284.100000 70561 0 1 99708 292 [],[10036]
8.713567 284.100000 5472 0 1 99707 293 [],[3]
8.727877 284.900000 2969 0 1 99706 294 [],[4]
8.733015 285.600000 22380 0 1 99705 295 [],[3]
8.734793 285.600000 94558 0 1 99704 296 [],[3]
8.736214 285.600000 1932 0 1 99703 297 [],[215]
8.738583 287.200000 85731 0 1 99702 298 [],[64]
8.739145 287.200000 73240 0 1 99701 299 [],[1749]
8.739657 287.200000 22646 0 1 99700 300 [],[3]
8.739817 287.200000 11615 0 1 99699 301 [],[4]
8.740578 287.700000 94599 0 1 99698 302 [],[535]
8.740716 287.700000 59541 0 1 99697 303 [],[61]
8.744319 287.700000 13382 0 1 99696 304 [],[64]
8.753342 287.800000 30761 0 1 99695 305 [],[4]
8.756939 287.800000 17024 0 1 99694 306 [],[15]
8.761765 287.900000 20637 0 1 99693 307 [],[62]
8.762197 288.000000 31 0 1 99692 308 [],[4]
8.763069 295.200000 14449 0 1 99691 309 [],[188]
8.765388 295.200000 10600 0 1 99690 310 [],[476]
8.774205 295.500000 29769 0 1 99689 311 [],[3]
8.778930 295.500000 604 0 1 99688 312 [],[14534,3]
8.780198 295.700000 51626 0 1 99687 313 [],[61]
8.787861 295.800000 39530 0 1 99686 314 [],[3]
8.792292 295.900000 50307 0 1 99685 315 [],[85731,4]
8.795489 296.300000 7588 0 1 99684 316 [],[215]
8.796407 296.800000 58921 0 1 99683 317 [],[952]
8.796653 296.800000 66698 0 1 99682 318 [],[3]
8.804834 296.900000 25421 0 1 99681 319 [],[406]
8.806221 297.400000 984 0 1 99680 320 [],[3,31]
8.807310 298.900000 8546 0 1 99679 321 [],[780]
8.808070 299.500000 13879 0 1 99678 322 [],[183]
8.809191 300.400000 3249 0 1 99677 323 [],[22219,42040]
8.816981 304.200000 55491 0 1 99676 324 [],[4]
8.817255 304.300000 3547 0 1 99675 325 [],[176]
8.817351 305.100000 46178 0 1 99674 326 [],[19846]
8.821842 305.400000 10 0 1 99673 327 [],[61,4]
8.822854 321.000000 24568 0 1 99672 328 [],[3249]
8.833433 321.600000 206 0 1 99671 329 [],[410]
8.838932 327.500000 93161 0 1 99670 330 [],[214]
8.842085 327.600000 43661 0 1 99669 331 [],[4915]
8.851982 327.700000 38482 0 1 99668 332 [],[837]
8.852094 327.700000 65841 0 1 99667 333 [],[10]
8.852895 327.700000 12311 0 1 99666 334 [],[598]
8.853086 328.200000 747 0 1 99665 335 [],[15]
8.862249 329.700000 87717 0 1 99664 336 [],[4]
8.868721 329.700000 1833 0 1 99663 337 [],[18091]
8.874647 330.500000 44963 0 1 99662 338 [],[837]
8.876018 330.700000 99 0 1 99661 339 [],[20]
8.876385 335.200000 7274 0 1 99660 340 [],[4]
8.876557 335.900000 92674 0 1 99659 341 [],[410]
8.880849 335.900000 44235 0 1 99658 342 [],[62]
8.881571 335.900000 24284 0 1 99657 343 [],[31]
8.883269 335.900000 6694 0 1 99656 344 [],[61]
8.894624 337.000000 70369 0 1 99655 345 [],[4]
8.896490 337.000000 10124 0 1 99654 346 [],[62]
8.902567 338.400000 12145 0 1 99653 347 [],[476]
8.905695 338.600000 25936 0 1 99652 348 [],[391]
8.906663 338.700000 31482 0 1 99651 349 [],[4]
8.907328 339.100000 94568 0 1 99650 350 [],[206]
8.911964 339.100000 20628 0 1 99649 351 [],[3]
8.919174 339.300000 75758 0 1 99648 352 [],[6694]
8.921713 339.300000 68590 0 1 99647 353 [],[3]
8.923303 339.300000 46357 0 1 99646 354 [],[31]
8.931787 339.400000 1243 0 1 99645 355 [],[437]
8.931894 340.000000 3568 0 1 99644 356 [],[3249]
8.933673 340.700000 6810 0 1 99643 357 [],[302]
8.939386 340.800000 90378 0 1 99642 358 [],[4]
8.940135 340.800000 62353 0 1 99641 359 [],[61]
8.941028 340.900000 8480 0 1 99640 360 [],[206]
8.944610 341.300000 3839 0 1 99639 361 [],[3]
8.945032 341.500000 13521 0 1 99638 362 [],[4]
8.947191 342.500000 46175 0 1 99637 363 [],[85998]
8.947968 342.600000 465 0 1 99636 364 [],[4,302]
8.957099 347.100000 77829 0 1 99635 365 [],[4]
8.960422 347.100000 51503 0 1 99634 366 [],[62]
8.965584 347.100000 16737 0 1 99633 367 [],[437]
8.974544 347.500000 54969 0 1 99632 368 [],[62]
8.985708 347.500000 50889 0 1 99631 369 [],[4]
8.991903 347.500000 41074 0 1 99630 370 [],[37091]
8.993775 347.600000 1899 0 1 99629 371 [],[4808]
8.993906 348.000000 24370 0 1 99628 372 [],[31]
8.995865 348.000000 9 0 1 99627 373 [],[10,952,72750,3]
8.995982 384.600000 87607 0 1 99626 374 [],[61]
8.998379 384.600000 32022 0 1 99625 375 [],[31482]
8.998879 384.700000 30335 0 1 99624 376 [],[5000]
9.005707 384.900000 11413 0 1 99623 377 [],[9]
9.005806 385.300000 44212 0 1 99622 378 [],[1833]
9.006137 385.500000 96176 0 1 99621 379 [],[3]
9.006909 385.500000 95605 0 1 99620 380 [],[20]
9.011014 385.500000 90641 0 1 99619 381 [],[64]
9.013903 385.500000 36009 0 1 99618 382 [],[46175]
9.015699 385.600000 40001 0 1 99617 383 [],[837]
9.018732 385.600000 97606 0 1 99616 384 [],[9743]
9.019762 385.600000 17201 0 1 99615 385 [],[29027,64]
9.019967 385.600000 14249 0 1 99614 386 [],[64]
9.025395 385.800000 60704 0 1 99613 387 [],[18602]
9.027072 385.800000 61001 0 1 99612 388 [],[6794]
9.029130 386.000000 14844 0 1 99611 389 [],[406]
9.030638 386.400000 96080 0 1 99610 390 [],[4]
9.033378 386.500000 46915 0 1 99609 391 [],[2388]
9.039848 386.800000 89988 0 1 99608 392 [],[2969]
9.043215 386.800000 7838 0 1 99607 393 [],[65]
9.049699 387.600000 65815 0 1 99606 394 [],[13879]
9.051035 387.600000 66552 0 1 99605 395 [],[13879]
9.051789 387.600000 8755 0 1 99604 396 [],[9]
9.052183 387.800000 48714 0 1 99603 397 [],[3]
9.055522 387.800000 35989 0 1 99602 398 [],[9]
9.056667 388.200000 41 0 1 99601 399 [],[4]
9.059990 389.700000 16462 0 1 99600 400 [],[9]
9.060275 389.900000 11209 0 1 99599 401 [],[32014]
9.062268 390.200000 56831 0 1 99598 402 [],[215]
9.064892 390.200000 2716 0 1 99597 403 [],[9]
9.066128 390.300000 71968 0 1 99596 404 [],[12323]
9.066330 390.500000 8 0 1 99595 405 [],[9,6138]
9.070400 409.200000 79159 0 1 99594 406 [],[62]
9.071317 409.200000 1940 0 1 99593 407 [],[64]
9.074747 409.900000 26096 0 1 99592 408 [],[3]
9.074867 409.900000 25982 0 1 99591 409 [],[1674]
9.076532 410.000000 5060 0 1 99590 410 [],[9]
9.081158 410.500000 92095 0 1 99589 411 [],[61]
9.081667 410.500000 27182 0 1 99588 412 [],[8]
9.082280 410.500000 46928 0 1 99587 413 [],[4]
9.085404 410.500000 1595 0 1 99586 414 [],[61]
9.086432 411.200000 46423 0 1 99585 415 [],[4]
9.087632 411.600000 1481 0 1 99584 416 [],[10]
9.088456 412.900000 4271 0 1 99583 417 [],[9,61]
9.090025 412.800000 1149 0 1 99582 418 [],[6672]
9.092380 414.400000 57217 0 1 99581 419 [],[4]
9.095669 414.400000 1404 0 1 99580 420 [],[4]
9.100394 416.100000 63370 0 1 99579 421 [],[8]
9.100799 416.100000 2775 0 1 99578 422 [],[9]
9.104198 416.500000 605 0 1 99577 423 [],[9]
9.105155 418.800000 44655 0 1 99576 424 [],[302]
9.106332 418.900000 73955 0 1 99575 425 [],[391]
9.107968 418.900000 64924 0 1 99574 426 [],[4]
9.108882 419.000000 29589 0 1 99573 427 [],[95036]
9.109451 419.500000 80704 0 1 99572 428 [],[64]
9.112415 419.500000 27189 0 1 99571 429 [],[20]
9.114896 419.700000 5852 0 1 99570 430 [],[10]
9.118724 419.900000 495 0 1 99569 431 [],[14081]
9.118783 427.500000 81980 0 1 99568 432 [],[10124]
9.119516 427.500000 51907 0 1 99567 433 [],[3]
9.120735 427.600000 84908 0 1 99566 434 [],[4]
9.123461 427.600000 69439 0 1 99565 435 [],[3]
9.129643 427.700000 30241 0 1 99564 436 [],[8755]
9.139634 427.900000 886 0 1 99563 437 [],[9]
9.142510 429.200000 1441 0 1 99562 438 [],[9]
9.143020 429.600000 25660 0 1 99561 439 [],[1404]
9.146158 429.600000 47944 0 1 99560 440 [],[8480]
9.147072 429.900000 67598 0 1 99559 441 [],[29589]
9.148690 430.000000 44221 0 1 99558 442 [],[10600]
9.151963 430.000000 33201 0 1 99557 443 [],[64]
9.156050 430.100000 4542 0 1 99556 444 [],[16699]
9.156782 431.700000 78364 0 1 99555 445 [],[20423]
9.159060 431.700000 92073 0 1 99554 446 [],[4]
9.162342 431.700000 94961 0 1 99553 447 [],[3]
9.162408 431.700000 43626 0 1 99552 448 [],[10]
9.163007 431.800000 13295 0 1 99551 449 [],[23261]
9.163066 432.100000 27908 0 1 99550 450 [],[4,6138]
9.163294 432.400000 20835 0 1 99549 451 [],[10]
9.167295 432.600000 53924 0 1 99548 452 [],[24568]
9.169725 432.600000 35845 0 1 99547 453 [],[183]
9.173339 433.100000 1849 0 1 99546 454 [],[437]
9.173625 433.300000 1968 0 1 99545 455 [],[61]
9.180973 433.700000 30764 0 1 99544 456 [],[8]
9.181185 434.200000 8852 0 1 99543 457 [],[984]
9.181725 434.400000 61328 0 1 99542 458 [],[8]
9.181958 434.500000 33289 0 1 99541 459 [],[61]
9.187860 434.500000 97407 0 1 99540 460 [],[3]
9.188699 434.500000 41411 0 1 99539 461 [],[48298,183]
9.190554 434.700000 69468 0 1 99538 462 [],[206]
9.193645 434.700000 61111 0 1 99537 463 [],[54555]
9.194357 434.700000 12273 0 1 99536 464 [],[9]
9.195722 434.800000 18937 0 1 99535 465 [],[1116]
9.198249 435.400000 81569 0 1 99534 466 [],[3]
9.200230 435.500000 76646 0 1 99533 467 [],[20]
9.200769 435.500000 25314 0 1 99532 468 [],[1674,1749]
9.203832 436.100000 6789 0 1 99531 469 [],[8]
9.203936 436.700000 38803 0 1 99530 470 [],[1674]
9.204198 437.000000 39553 0 1 99529 471 [],[6794]
9.205686 437.100000 6223 0 1 99528 472 [],[61]
9.206885 437.600000 40760 0 1 99527 473 [],[437]
9.206966 437.700000 80885 0 1 99526 474 [],[465]
9.207244 437.700000 2501 0 1 99525 475 [],[215]
9.215211 438.300000 19799 0 1 99524 476 [],[10]
9.221390 438.400000 56907 0 1 99523 477 [],[4]
9.221718 438.500000 99839 0 1 99522 478 [],[40760]
9.224182 438.500000 40062 0 1 99521 479 [],[2354]
9.226462 438.700000 45011 0 1 99520 480 [],[61]
9.229915 439.100000 55173 0 1 99519 481 [],[952]
9.230808 439.200000 25811 0 1 99518 482 [],[8]
9.231344 439.400000 54244 0 1 99517 483 [],[2770]
9.235444 439.400000 57400 0 1 99516 484 [],[64]
9.246096 439.400000 2958 0 1 99515 485 [],[9]
9.246709 439.600000 59637 0 1 99514 486 [],[69921]
9.250939 439.900000 70118 0 1 99513 487 [],[62]
9.251540 440.000000 933 0 1 99512 488 [],[75721]
9.251554 444.600000 15602 0 1 99511 489 [],[9,6694]
9.255314 445.500000 44250 0 1 99510 490 [],[61]
9.261206 445.600000 66114 0 1 99509 491 [],[4]
9.263748 445.600000 53208 0 1 99508 492 [],[8]
9.264153 445.700000 92746 0 1 99507 493 [],[20]
9.266438 445.700000 5015 0 1 99506 494 [],[9]
9.267862 445.900000 19544 0 1 99505 495 [],[50636]
9.268218 446.200000 7397 0 1 99504 496 [],[437]
9.272983 447.100000 68021 0 1 99503 497 [],[46178]
9.273076 447.100000 4893 0 1 99502 498 [],[61]
9.273707 448.200000 36707 0 1 99501 499 [],[4]
9.276951 448.200000 69 0 1 99500 500 [],[2958,8370,3,15]
9.277691 463.800000 44551 0 1 99499 501 [],[10]
9.282292 464.000000 48082 0 1 99498 502 [],[6694]
9.282654 464.000000 64898 0 1 99497 503 [],[47293]
9.285983 464.100000 31134 0 1 99496 504 [],[38482]
9.286980 464.400000 54250 0 1 99495 505 [],[15602]
9.287030 464.400000 67343 0 1 99494 506 [],[1481]
9.289532 464.400000 30191 0 1 99493 507 [],[2775]
9.290865 464.600000 85333 0 1 99492 508 [],[3]
9.294814 464.600000 91912 0 1 99491 509 [],[2388]
9.295913 464.600000 91085 0 1 99490 510 [],[4]
9.297189 464.600000 92428 0 1 99489 511 [],[374]
9.301091 464.600000 82459 0 1 99488 512 [],[2770]
9.301592 464.600000 52930 0 1 99487 513 [],[4915]
9.304572 465.100000 89375 0 1 99486 514 [],[6794]
9.307350 465.100000 35469 0 1 99485 515 [],[71611]
9.310729 465.400000 14604 0 1 99484 516 [],[3]
9.313259 465.500000 27331 0 1 99483 517 [],[933]
9.315351 465.800000 25838 0 1 99482 518 [],[32445]
9.319931 466.500000 13045 0 1 99481 519 [],[406]
9.320599 466.700000 12988 0 1 99480 520 [],[9]
9.322101 467.100000 12189 0 1 99479 521 [],[1932]
9.328893 467.500000 11585 0 1 99478 522 [],[6672]
9.333990 468.500000 14787 0 1 99477 523 [],[6230]
9.335386 469.000000 75895 0 1 99476 524 [],[3407]
9.337454 469.000000 264 0 1 99475 525 [],[20]
9.341598 470.600000 54885 0 1 99474 526 [],[4]
9.342674 470.600000 19380 0 1 99473 527 [],[465]
9.344203 470.600000 38343 0 1 99472 528 [],[4]
9.350303 470.600000 7888 0 1 99471 529 [],[9]
9.358113 470.600000 60765 0 1 99470 530 [],[44655]
9.360353 470.600000 72742 0 1 99469 531 [],[4]
9.361511 470.700000 92608 0 1 99468 532 [],[1149]
9.365548 470.700000 79233 0 1 99467 533 [],[437]
9.365995 470.800000 46264 0 1 99466 534 [],[9]
9.374373 471.000000 92865 0 1 99465 535 [],[31]
9.377111 471.000000 8562 0 1 99464 536 [],[42184]
9.381723 471.700000 41691 0 1 99463 537 [],[1674]
9.383567 472.200000 18190 0 1 99462 538 [],[9]
9.383740 472.400000 41926 0 1 99461 539 [],[3547]
9.389161 472.400000 70143 0 1 99460 540 [],[16969]
9.389398 472.400000 59545 0 1 99459 541 [],[25838]
9.392400 472.400000 12904 0 1 99458 542 [],[1674]
9.395316 472.900000 84795 0 1 99457 543 [],[933]
9.395492 472.900000 41637 0 1 99456 544 [],[1674]
9.398496 473.700000 81123 0 1 99455 545 [],[215]
9.404405 473.900000 30091 0 1 99454 546 [],[3]
9.407365 474.100000 14814 0 1 99453 547 [],[476]
9.411833 474.500000 1803 0 1 99452 548 [],[10]
9.413312 475.500000 31452 0 1 99451 549 [],[1149]
9.414937 475.500000 15242 0 1 99450 550 [],[391]
9.417884 475.800000 43550 0 1 99449 551 [],[25314]
9.418468 475.900000 91198 0 1 99448 552 [],[6223]
9.420455 475.900000 86574 0 1 99447 553 [],[1106]
9.420884 475.900000 2121 0 1 99446 554 [],[374]
9.423537 477.000000 70 0 1 99445 555 [],[3922,8]
9.424336 479.300000 3675 0 1 99444 556 [],[64]
9.426671 479.800000 35576 0 1 99443 557 [],[69]
9.427882 480.300000 23 0 1 99442 558 [],[4]
9.428612 480.400000 29172 0 1 99441 559 [],[27908]
9.430697 480.600000 4326 0 1 99440 560 [],[9]
9.431284 480.600000 93106 0 1 99439 561 [],[206]
9.431902 480.600000 20396 0 1 99438 562 [],[8852]
9.432379 481.000000 33320 0 1 99437 563 [],[3]
9.434903 481.500000 91371 0 1 99436 564 [],[41]
9.435138 481.500000 68446 0 1 99435 565 [],[8]
9.437802 481.500000 95044 0 1 99434 566 [],[9]
9.440563 481.500000 91174 0 1 99433 567 [],[41637]
9.441201 481.500000 73570 0 1 99432 568 [],[34442]
9.444730 481.500000 14456 0 1 99431 569 [],[4]
9.447665 482.100000 24346 0 1 99430 570 [],[188]
9.448678 482.200000 193 0 1 99429 571 [],[1243,3568]
9.448805 488.200000 6632 0 1 99428 572 [],[9,10]
9.449817 488.500000 3755 0 1 99427 573 [],[15]
9.453860 488.900000 22536 0 1 99426 574 [],[3,14456]
9.455633 489.100000 18 0 1 99425 575 [],[20,36009,3,9]
9.456640 500.900000 868 0 1 99424 576 [],[535]
9.461252 504.200000 21325 0 1 99423 577 [],[437]
9.463289 504.300000 2498 0 1 99422 578 [],[9106]
9.464578 506.200000 49208 0 1 99421 579 [],[10]
9.465897 506.400000 42373 0 1 99420 580 [],[3]
9.469130 506.700000 577 0 1 99419 581 [],[4,183]
9.478039 508.800000 37 0 1 99418 582 [],[41,91912,10]
9.482396 519.200000 18549 0 1 99417 583 [],[206]
9.483241 519.500000 28341 0 1 99416 584 [],[933]
9.485983 519.600000 39494 0 1 99415 585 [],[1595]
9.489921 520.100000 840 0 1 99414 586 [],[18]
9.490230 521.300000 50974 0 1 99413 587 [],[70]
9.493231 521.300000 49150 0 1 99412 588 [],[605]
9.493281 521.400000 14334 0 1 99411 589 [],[837]
9.495512 521.400000 13265 0 1 99410 590 [],[4]
9.496113 521.700000 38770 0 1 99409 591 [],[22219]
9.497349 521.800000 68224 0 1 99408 592 [],[8370]
9.498804 521.800000 19232 0 1 99407 593 [],[99]
9.500656 521.900000 86300 0 1 99406 594 [],[20]
9.505452 521.900000 80685 0 1 99405 595 [],[37]
9.505972 521.900000 66425 0 1 99404 596 [],[3249]
9.506960 521.900000 39270 0 1 99403 597 [],[193]
9.508818 521.900000 42471 0 1 99402 598 [],[20]
9.511493 521.900000 3138 0 1 99401 599 [],[10168]
9.518512 522.600000 31307 0 1 99400 600 [],[9]
9.519512 522.600000 66811 0 1 99399 601 [],[15602]
9.519757 522.600000 65702 0 1 99398 602 [],[61001]
9.522364 522.700000 37394 0 1 99397 603 [],[465]
9.522920 523.100000 63784 0 1 99396 604 [],[3,495]
9.522986 522.900000 7309 0 1 99395 605 [],[65]
9.526540 524.000000 859 0 1 99394 606 [],[10]
9.526865 525.300000 14283 0 1 99393 607 [],[10124]
9.531194 525.900000 3089 0 1 99392 608 [],[437]
9.535030 526.400000 5395 0 1 99391 609 [],[70369]
9.535578 527.300000 96591 0 1 99390 610 [],[10]
9.535667 527.300000 258 0 1 99389 611 [],[3]
9.537003 529.500000 65175 0 1 99388 612 [],[15]
9.539580 529.500000 259 0 1 99387 613 [],[18]
9.540203 532.500000 19381 0 1 99386 614 [],[2498]
9.545302 532.500000 9835 0 1 99385 615 [],[4]
9.547194 532.500000 20395 0 1 99384 616 [],[48714]
9.549210 532.800000 140 0 1 99383 617 [],[181,476]
9.549454 543.300000 15597 0 1 99382 618 [],[3]
9.551077 543.500000 9556 0 1 99381 619 [],[3675]
9.552070 544.100000 8565 0 1 99380 620 [],[31134]
9.552079 545.200000 54007 0 1 99379 621 [],[7554]
9.552342 545.200000 2186 0 1 99378 622 [],[4]
9.552968 546.900000 1 0 1 99377 623 [],[3,8,99,1149,5852,40760]
9.555786 580.600000 26223 0 1 99376 624 [],[2087]
9.557135 580.700000 27822 0 1 99375 625 [],[476]
9.560110 581.300000 83804 0 1 99374 626 [],[465]
9.563901 581.300000 16202 0 1 99373 627 [],[69]
9.567647 581.300000 28666 0 1 99372 628 [],[9]
9.567849 581.700000 45960 0 1 99371 629 [],[8792]
9.568090 581.700000 48114 0 1 99370 630 [],[5036]
9.569177 581.700000 45692 0 1 99369 631 [],[476]
9.569721 581.700000 93006 0 1 99368 632 [],[12988]
9.570884 581.700000 12703 0 1 99367 633 [],[64]
9.571743 582.200000 111 0 1 99366 634 [],[61]
9.573392 590.500000 92250 0 1 99365 635 [],[99]
9.574091 590.500000 33350 0 1 99364 636 [],[206]
9.579086 590.600000 53828 0 1 99363 637 [],[15]
9.580922 590.700000 78977 0 1 99362 638 [],[3]
9.581180 590.700000 10360 0 1 99361 639 [],[1]
9.583879 591.000000 17573 0 1 99360 640 [],[111]
9.586306 591.400000 18766 0 1 99359 641 [],[29769]
9.586394 591.600000 8220 0 1 99358 642 [],[62]
9.591324 591.900000 59653 0 1 99357 643 [],[1]
9.591382 591.900000 14896 0 1 99356 644 [],[111]
9.591758 592.100000 11916 0 1 99355 645 [],[1]
9.592108 592.300000 61146 0 1 99354 646 [],[68446]
9.592925 592.400000 55339 0 1 99353 647 [],[933]
9.593229 592.400000 4319 0 1 99352 648 [],[13879,70]
9.593451 593.500000 6875 0 1 99351 649 [],[49172]
9.594952 594.300000 36502 0 1 99350 650 [],[3138]
9.595002 594.500000 1396 0 1 99349 651 [],[1803]
9.595263 601.900000 66931 0 1 99348 652 [],[12904]
9.596255 602.000000 12153 0 1 99347 653 [],[1767]
9.599605 602.300000 41373 0 1 99346 654 [],[92346]
9.599742 602.400000 59198 0 1 99345 655 [],[9]
9.605796 602.400000 25581 0 1 99344 656 [],[259]
9.607135 602.600000 6870 0 1 99343 657 [],[65]
9.607918 602.900000 46748 0 1 99342 658 [],[476]
9.608434 603.000000 10521 0 1 99341 659 [],[30117]
9.608678 604.000000 9956 0 1 99340 660 [],[1396]
9.608973 604.600000 77265 0 1 99339 661 [],[20,36173]
9.609493 604.400000 64397 0 1 99338 662 [],[69]
9.611439 604.400000 805 0 1 99337 663 [],[15]
9.612732 607.000000 50257 0 1 99336 664 [],[94558]
9.613521 607.300000 99716 0 1 99335 665 [],[4]
9.613824 607.300000 62465 0 1 99334 666 [],[13295]
9.614581 607.300000 17929 0 1 99333 667 [],[6188]
9.614903 607.300000 4978 0 1 99332 668 [],[258]
9.616557 607.500000 56229 0 1 99331 669 [],[391]
9.617825 607.500000 8373 0 1 99330 670 [],[4]
9.619344 608.500000 67775 0 1 99329 671 [],[2501]
9.620106 608.600000 1104 0 1 99328 672 [],[37992]
9.620790 610.600000 8571 0 1 99327 673 [],[437]
9.622495 611.400000 11639 0 1 99326 674 [],[253]
9.623495 611.600000 19903 0 1 99325 675 [],[1968]
9.623627 611.800000 1900 0 1 99324 676 [],[14334]
9.624247 614.000000 78089 0 1 99323 677 [],[71968]
9.625364 614.000000 20685 0 1 99322 678 [],[302]
9.626339 614.200000 50873 0 1 99321 679 [],[9]
9.626509 614.200000 44353 0 1 99320 680 [],[69]
9.628786 614.300000 31059 0 1 99319 681 [],[805]
9.628926 614.400000 10638 0 1 99318 682 [],[9,495]
9.628985 614.600000 78342 0 1 99317 683 [],[67598]
9.630414 614.600000 88665 0 1 99316 684 [],[3887]
9.631155 614.700000 92945 0 1 99315 685 [],[6694]
9.634977 614.700000 15054 0 1 99314 686 [],[1]
9.639793 615.000000 50970 0 1 99313 687 [],[14456]
9.640046 615.000000 487 0 1 99312 688 [],[15478]
9.641281 616.500000 40744 0 1 99311 689 [],[61]
9.643148 616.500000 29421 0 1 99310 690 [],[4]
9.643613 616.600000 237 0 1 99309 691 [],[1767,12153]
9.644880 618.000000 76585 0 1 99308 692 [],[31482]
9.647486 618.000000 42097 0 1 99307 693 [],[96176]
9.648293 618.400000 48808 0 1 99306 694 [],[9]
9.651442 618.500000 4342 0 1 99305 695 [],[48808]
9.651879 618.600000 15817 0 1 99304 696 [],[1404]
9.652919 618.900000 25510 0 1 99303 697 [],[13506]
9.653979 619.100000 2647 0 1 99302 698 [],[69468]
9.654269 620.200000 2244 0 1 99301 699 [],[1]
9.659444 621.500000 58771 0 1 99300 700 [],[4]
9.659878 621.500000 3145 0 1 99299 701 [],[4]
9.663432 621.600000 15610 0 1 99298 702 [],[10]
9.664692 623.000000 22808 0 1 99297 703 [],[29172]
9.665931 623.300000 7731 0 1 99296 704 [],[6325]
9.668095 623.300000 1162 0 1 99295 705 [],[9]
9.668446 626.800000 27474 0 1 99294 706 [],[1192]
9.672072 626.800000 19283 0 1 99293 707 [],[2121]
9.672503 627.100000 81272 0 1 99292 708 [],[1]
9.674598 627.100000 14338 0 1 99291 709 [],[9]
9.675577 627.500000 66718 0 1 99290 710 [],[15]
9.676375 627.500000 15559 0 1 99289 711 [],[62]
9.677240 627.800000 21894 0 1 99288 712 [],[9]
9.687147 628.200000 5127 0 1 99287 713 [],[16132,984]
9.687903 628.900000 56429 0 1 99286 714 [],[188]
9.687955 629.000000 48614 0 1 99285 715 [],[20628]
9.688705 629.000000 3639 0 1 99284 716 [],[99]
9.689545 629.900000 9217 0 1 99283 717 [],[65]
9.689733 630.200000 30953 0 1 99282 718 [],[4]
9.691130 630.400000 22868 0 1 99281 719 [],[1674]
9.691246 630.700000 75857 0 1 99280 720 [],[20]
9.691655 630.700000 91535 0 1 99279 721 [],[1]
9.692024 630.700000 75349 0 1 99278 722 [],[64]
9.697802 630.700000 67595 0 1 99277 723 [],[10424]
9.698020 630.700000 3099 0 1 99276 724 [],[37]
9.698027 631.100000 29903 0 1 99275 725 [],[58778]
9.701849 631.600000 8422 0 1 99274 726 [],[214,868]
9.702390 631.500000 44613 0 1 99273 727 [],[20]
9.703510 631.500000 28331 0 1 99272 728 [],[61]
9.704028 631.800000 85410 0 1 99271 729 [],[15610]
9.704424 631.800000 80535 0 1 99270 730 [],[111]
9.705343 631.800000 86715 0 1 99269 731 [],[193]
9.706736 631.800000 14595 0 1 99268 732 [],[4]
9.707461 632.500000 152 0 1 99267 733 [],[3,64]
9.708935 637.600000 14173 0 1 99266 734 [],[10]
9.709245 637.600000 74799 0 1 99265 735 [],[3877]
9.711424 637.800000 10848 0 1 99264 736 [],[18]
9.712956 638.100000 87858 0 1 99263 737 [],[111,33320]
9.714397 637.900000 46021 0 1 99262 738 [],[37]
9.714505 637.900000 65956 0 1 99261 739 [],[1396]
9.715296 637.900000 53559 0 1 99260 740 [],[10124]
9.716279 637.900000 33049 0 1 99259 741 [],[18]
9.720018 637.900000 16897 0 1 99258 742 [],[28399]
9.720798 639.200000 74937 0 1 99257 743 [],[11585]
9.721359 639.200000 18447 0 1 99256 744 [],[9]
9.721669 639.700000 28025 0 1 99255 745 [],[10,6794]
9.723095 640.000000 34396 0 1 99254 746 [],[214]
9.724573 640.200000 67771 0 1 99253 747 [],[41691]
9.725399 640.200000 32968 0 1 99252 748 [],[61]
9.725834 640.400000 8362 0 1 99251 749 [],[3]
9.726371 640.400000 54842 0 1 99250 750 [],[215]
9.726782 640.600000 4724 0 1 99249 751 [],[3]
9.727823 640.900000 86 0 1 99248 752 [],[22868,4]
9.728765 656.200000 937 0 1 99247 753 [],[4]
9.729276 656.400000 36075 0 1 99246 754 [],[21325]
9.729712 656.500000 7558 0 1 99245 755 [],[20]
9.729752 657.100000 13256 0 1 99244 756 [],[10]
9.729762 657.200000 7503 0 1 99243 757 [],[86]
9.731557 657.400000 15919 0 1 99242 758 [],[10]
9.732701 657.500000 60170 0 1 99241 759 [],[4]
9.732941 657.500000 11405 0 1 99240 760 [],[140]
9.734966 657.500000 69257 0 1 99239 761 [],[837,27822]
9.735454 657.400000 42085 0 1 99238 762 [],[15610]
9.737727 657.600000 3134 0 1 99237 763 [],[3]
9.739172 658.000000 87658 0 1 99236 764 [],[840]
9.739946 658.000000 11141 0 1 99235 765 [],[886]
9.742518 658.200000 651 0 1 99234 766 [],[3]
9.746026 659.000000 29463 0 1 99233 767 [],[193]
9.747614 659.300000 55810 0 1 99232 768 [],[2354]
9.748846 659.400000 2623 0 1 99231 769 [],[4001,9]
9.753330 660.400000 22125 0 1 99230 770 [],[140]
9.756625 660.500000 37146 0 1 99229 771 [],[495]
9.759565 660.700000 121 0 1 99228 772 [],[933,3781,15]
9.760521 669.300000 17467 0 1 99227 773 [],[4]
9.761581 669.300000 13325 0 1 99226 774 [],[14338]
9.761948 669.600000 48984 0 1 99225 775 [],[10521]
9.762509 669.900000 2220 0 1 99224 776 [],[302]
9.762540 672.400000 49925 0 1 99223 777 [],[69]
9.768270 672.400000 13359 0 1 99222 778 [],[1]
9.768771 672.500000 69568 0 1 99221 779 [],[31059]
9.771687 672.500000 42850 0 1 99220 780 [],[3639]
9.772219 672.500000 22788 0 1 99219 781 [],[2388]
9.773358 672.500000 170 0 1 99218 782 [],[1]
9.774448 674.400000 98231 0 1 99217 783 [],[33201]
9.774588 674.400000 385 0 1 99216 784 [],[64]
9.774595 676.000000 3643 0 1 99215 785 [],[20]
9.774972 677.400000 27506 0 1 99214 786 [],[83718]
9.776654 677.900000 65673 0 1 99213 787 [],[20]
9.777010 677.900000 67405 0 1 99212 788 [],[2186]
9.777732 677.900000 5733 0 1 99211 789 [],[65]
9.779188 677.900000 31848 0 1 99210 790 [],[3]
9.782967 678.000000 93533 0 1 99209 791 [],[65702]
9.785809 678.000000 34 0 1 99208 792 [],[859,3]
9.786246 686.400000 42179 0 1 99207 793 [],[4]
9.786366 686.600000 73502 0 1 99206 794 [],[14787]
9.786977 686.600000 43964 0 1 99205 795 [],[3755]
9.789649 686.600000 29364 0 1 99204 796 [],[86]
9.791376 686.700000 32202 0 1 99203 797 [],[3]
9.795185 686.900000 24940 0 1 99202 798 [],[3]
9.796684 687.100000 58390 0 1 99201 799 [],[1539]
9.797699 687.100000 53013 0 1 99200 800 [],[2623]
9.797875 687.200000 2488 0 1 99199 801 [],[437]
9.800652 687.600000 736 0 1 99198 802 [],[837,391]
9.800712 689.700000 90995 0 1 99197 803 [],[23423]
9.800826 689.700000 31283 0 1 99196 804 [],[65]
9.804279 689.700000 6917 0 1 99195 805 [],[64]
9.805044 691.100000 1281 0 1 99194 806 [],[3]
9.805421 692.500000 56377 0 1 99193 807 [],[12697]
9.805913 692.500000 23673 0 1 99192 808 [],[121]
9.807551 693.000000 24106 0 1 99191 809 [],[8571]
9.808345 693.100000 6708 0 1 99190 810 [],[1932]
9.808731 693.300000 3298 0 1 99189 811 [],[1396]
9.809208 694.300000 2044 0 1 99188 812 [],[69]
9.812692 695.400000 80069 0 1 99187 813 [],[61]
9.815015 695.500000 223 0 1 99186 814 [],[10,152]
9.815318 696.900000 10979 0 1 99185 815 [],[3,2958]
9.816113 697.000000 31917 0 1 99184 816 [],[8]
9.816929 697.000000 551 0 1 99183 817 [],[4]
9.818611 697.700000 84790 0 1 99182 818 [],[152]
9.822958 697.700000 25541 0 1 99181 819 [],[4]
9.827223 697.900000 13178 0 1 99180 820 [],[86]
9.829000 698.000000 7053 0 1 99179 821 [],[9]
9.838071 699.500000 66864 0 1 99178 822 [],[170]
9.840743 699.500000 46922 0 1 99177 823 [],[1900]
9.840957 699.500000 33986 0 1 99176 824 [],[8852]
9.842898 699.700000 41540 0 1 99175 825 [],[1104]
9.843168 699.900000 61231 0 1 99174 826 [],[4]
9.843694 699.900000 30429 0 1 99173 827 [],[780]
9.846325 699.900000 19009 0 1 99172 828 [],[8]
9.846558 700.100000 12193 0 1 99171 829 [],[3]
9.847280 700.200000 52849 0 1 99170 830 [],[16132]
9.848062 700.200000 83741 0 1 99169 831 [],[3]
9.849483 700.200000 94013 0 1 99168 832 [],[170]
9.850929 700.200000 2 0 1 99167 833 [],[3,4,8,23,34,86,604,1250,5395,7053,9217,30764,54885,92945,1]
9.852426 765.600000 49687 0 1 99166 834 [],[36502]
9.852721 765.700000 54425 0 1 99165 835 [],[18]
9.852729 765.700000 5309 0 1 99164 836 [],[5127]
9.853203 765.800000 73847 0 1 99163 837 [],[1162]
9.854191 765.800000 41429 0 1 99162 838 [],[10]
9.855581 765.800000 7162 0 1 99161 839 [],[84908]
9.856730 766.100000 55311 0 1 99160 840 [],[183]
9.858943 766.100000 26517 0 1 99159 841 [],[4]
9.860092 766.200000 34466 0 1 99158 842 [],[13256]
9.861120 766.200000 43089 0 1 99157 843 [],[188]
9.861593 766.200000 56027 0 1 99156 844 [],[94568]
9.861701 766.400000 912 0 1 99155 845 [],[24352]
9.862279 768.800000 56523 0 1 99154 846 [],[46915]
9.862421 768.800000 5740 0 1 99153 847 [],[18366]
9.864733 769.600000 33022 0 1 99152 848 [],[1243]
9.865140 769.700000 491 0 1 99151 849 [],[535,1104,2]
9.865420 775.800000 145 0 1 99150 850 [],[36319,37]
9.865802 782.500000 59502 0 1 99149 851 [],[2]
9.866069 782.500000 15374 0 1 99148 852 [],[43964]
9.866502 783.100000 58302 0 1 99147 853 [],[10521]
9.867952 783.100000 21658 0 1 99146 854 [],[31848]
9.867983 783.400000 65019 0 1 99145 855 [],[1162]
9.869230 783.400000 87166 0 1 99144 856 [],[2]
9.869675 783.400000 9385 0 1 99143 857 [],[15242]
9.871039 784.300000 7523 0 1 99142 858 [],[3]
9.871888 785.100000 51449 0 1 99141 859 [],[7523]
9.872568 785.300000 36725 0 1 99140 860 [],[14456]
9.873234 785.400000 30994 0 1 99139 861 [],[12311]
9.873891 785.800000 87879 0 1 99138 862 [],[3]
9.874993 785.800000 38652 0 1 99137 863 [],[25581]
9.877795 785.800000 75258 0 1 99136 864 [],[21887]
9.877819 785.800000 77148 0 1 99135 865 [],[491]
9.877944 785.800000 75679 0 1 99134 866 [],[9]
9.877970 785.800000 1241 0 1 99133 867 [],[3]
9.879600 786.900000 47613 0 1 99132 868 [],[3]
9.879994 787.100000 2696 0 1 99131 869 [],[92608]
9.880472 789.000000 17306 0 1 99130 870 [],[2,4]
9.883192 789.500000 13143 0 1 99129 871 [],[8]
9.883859 790.000000 60930 0 1 99128 872 [],[8]
9.887307 790.000000 44200 0 1 99127 873 [],[805]
9.888126 790.200000 63782 0 1 99126 874 [],[465]
9.890967 790.300000 11691 0 1 99125 875 [],[487]
9.891305 791.000000 46244 0 1 99124 876 [],[31]
9.892775 791.100000 2608 0 1 99123 877 [],[37]
9.895263 792.100000 17349 0 1 99122 878 [],[9]
9.895719 792.200000 1074 0 1 99121 879 [],[1]
9.895991 792.200000 12 0 1 99120 880 [],[170,495,868,5000,34396,2,3]
9.896202 813.000000 21382 0 1 99119 881 [],[11413]
9.898645 813.100000 70422 0 1 99118 882 [],[1]
9.898715 813.200000 4162 0 1 99117 883 [],[3]
9.900353 815.500000 21649 0 1 99116 884 [],[2]
9.900981 815.700000 603 0 1 99115 885 [],[2]
9.901430 816.500000 804 0 1 99114 886 [],[1968]
9.901760 819.100000 60608 0 1 99113 887 [],[12]
9.902162 819.200000 6880 0 1 99112 888 [],[302]
9.902557 820.700000 44975 0 1 99111 889 [],[31]
9.902688 820.700000 6045 0 1 99110 890 [],[1]
9.904154 821.500000 29792 0 1 99109 891 [],[193]
9.906990 822.100000 46641 0 1 99108 892 [],[12]
9.911504 822.300000 31630 0 1 99107 893 [],[20]
9.912088 822.400000 85 0 1 99106 894 [],[8]
9.913655 831.000000 15475 0 1 99105 895 [],[1]
9.915310 831.500000 86405 0 1 99104 896 [],[3]
9.915357 831.500000 39684 0 1 99103 897 [],[20]
9.916439 831.500000 5873 0 1 99102 898 [],[64]
9.919752 832.000000 11333 0 1 99101 899 [],[4]
9.920630 832.300000 1654 0 1 99100 900 [],[8]
9.927341 835.200000 93151 0 1 99099 901 [],[8480]
9.927866 835.200000 81263 0 1 99098 902 [],[34]
9.927880 835.200000 11700 0 1 99097 903 [],[837]
9.929027 835.400000 21965 0 1 99096 904 [],[15]
9.929236 835.600000 3414 0 1 99095 905 [],[39521]
9.930178 836.900000 37118 0 1 99094 906 [],[3407]
9.933000 837.100000 34553 0 1 99093 907 [],[4542]
9.933491 837.300000 17320 0 1 99092 908 [],[5740]
9.933866 837.400000 7355 0 1 99091 909 [],[36707]
9.936943 839.300000 30756 0 1 99090 910 [],[11209]
9.937404 839.400000 99630 0 1 99089 911 [],[4]
9.937743 839.400000 82258 0 1 99088 912 [],[4542]
9.938116 839.400000 11643 0 1 99087 913 [],[2]
9.944195 839.500000 232 0 1 99086 914 [],[13325]
9.945496 844.500000 1593 0 1 99085 915 [],[3]
9.946111 845.500000 84989 0 1 99084 916 [],[391]
9.946918 845.500000 10079 0 1 99083 917 [],[4001]
9.947111 846.200000 27142 0 1 99082 918 [],[476]
9.947686 846.500000 25412 0 1 99081 919 [],[1]
9.948396 846.500000 4439 0 1 99080 920 [],[2]
9.950412 846.800000 25701 0 1 99079 921 [],[1396]
9.950428 846.900000 24446 0 1 99078 922 [],[837]
9.950819 847.000000 53093 0 1 99077 923 [],[61]
9.950866 847.000000 57323 0 1 99076 924 [],[33099]
9.951631 847.000000 1431 0 1 99075 925 [],[85]
9.951733 848.500000 99798 0 1 99074 926 [],[47893]
9.951994 848.500000 36901 0 1 99073 927 [],[1396]
9.952203 848.600000 11347 0 1 99072 928 [],[140]
9.952493 849.000000 43845 0 1 99071 929 [],[1481]
9.953991 849.300000 5747 0 1 99070 930 [],[50970,37]
9.954131 851.000000 73861 0 1 99069 931 [],[23506]
9.955158 851.000000 92768 0 1 99068 932 [],[86]
9.957130 851.000000 84514 0 1 99067 933 [],[9]
9.957396 851.000000 24203 0 1 99066 934 [],[1]
9.957417 851.000000 76462 0 1 99065 935 [],[2]
9.958337 851.000000 34279 0 1 99064 936 [],[15]
9.958665 851.100000 10346 0 1 99063 937 [],[465]
9.958830 851.700000 52494 0 1 99062 938 [],[65]
9.960261 851.700000 71671 0 1 99061 939 [],[437]
9.960960 851.700000 24027 0 1 99060 940 [],[1441]
9.963636 851.700000 825 0 1 99059 941 [],[7731,41373,4]
9.965062 854.400000 16858 0 1 99058 942 [],[20]
9.965153 854.400000 11589 0 1 99057 943 [],[1241]
9.965695 855.800000 61947 0 1 99056 944 [],[2]
9.967775 855.800000 86832 0 1 99055 945 [],[9]
9.967933 855.800000 68650 0 1 99054 946 [],[1968]
9.968073 855.900000 2031 0 1 99053 947 [],[61]
9.971151 857.100000 1247 0 1 99052 948 [],[69]
9.971358 859.900000 1159 0 1 99051 949 [],[85]
9.972315 861.000000 38163 0 1 99050 950 [],[111]
9.973013 861.100000 36853 0 1 99049 951 [],[437]
9.976190 861.600000 21564 0 1 99048 952 [],[3]
9.978108 862.100000 59707 0 1 99047 953 [],[20]
9.979115 862.100000 797 0 1 99046 954 [],[34]
9.980262 864.200000 94863 0 1 99045 955 [],[465]
9.982775 864.200000 5703 0 1 99044 956 [],[67775]
9.982967 865.400000 7 0 1 99043 957 [],[2,3]
9.983205 869.800000 9996 0 1 99042 958 [],[37]
9.983949 871.100000 80345 0 1 99041 959 [],[44551]
9.984442 871.100000 10703 0 1 99040 960 [],[9]
9.985117 871.100000 22255 0 1 99039 961 [],[206]
9.985669 871.200000 36234 0 1 99038 962 [],[152]
9.986774 871.200000 10089 0 1 99037 963 [],[88665,3249]
9.987767 871.300000 14800 0 1 99036 964 [],[85]
9.988850 871.500000 1073 0 1 99035 965 [],[19381]
9.989840 872.000000 3456 0 1 99034 966 [],[20]
9.991885 872.400000 50217 0 1 99033 967 [],[76646]
9.992047 872.500000 12947 0 1 99032 968 [],[55173]
9.993365 872.800000 1711 0 1 99031 969 [],[2,9]
9.994476 874.800000 25138 0 1 99030 970 [],[64]
9.996709 874.900000 4765 0 1 99029 971 [],[1247]
9.997421 875.200000 42912 0 1 99028 972 [],[8]
9.998897 875.400000 7137 0 1 99027 973 [],[2]
9.998918 876.100000 59181 0 1 99026 974 [],[1396]
9.998989 876.100000 60527 0 1 99025 975 [],[9]
9.998995 876.200000 21597 0 1 99024 976 [],[65]
9.999567 876.400000 7304 0 1 99023 977 [],[3]
10.000072 876.400000 20512 0 1 99022 978 [],[5309]
10.000516 877.200000 87820 0 1 99021 979 [],[9]
10.001089 877.200000 24930 0 1 99020 980 [],[10]
10.002563 877.600000 20805 0 1 99019 981 [],[5747]
10.004519 878.200000 88103 0 1 99018 982 [],[886]
10.006216 878.200000 41000 0 1 99017 983 [],[111]
10.007519 878.200000 2931 0 1 99016 984 [],[42912,140]
10.010567 879.400000 26073 0 1 99015 985 [],[12]
10.010877 879.700000 97599 0 1 99014 986 [],[2]
10.012461 879.700000 76595 0 1 99013 987 [],[16897]
10.012501 879.700000 2826 0 1 99012 988 [],[2]
10.014678 880.400000 31490 0 1 99011 989 [],[140]
10.015136 880.600000 34548 0 1 99010 990 [],[5036]
10.017014 881.100000 35953 0 1 99009 991 [],[3]
10.019591 881.100000 20511 0 1 99008 992 [],[86]
10.020184 881.600000 8406 0 1 99007 993 [],[69]
10.021240 881.600000 7289 0 1 99006 994 [],[2]
10.021495 882.200000 60714 0 1 99005 995 [],[1192]
10.021853 882.200000 98986 0 1 99004 996 [],[15374]
10.022316 882.200000 22218 0 1 99003 997 [],[12]
10.022640 882.500000 48926 0 1 99002 998 [],[15]
10.024160 882.600000 43242 0 1 99001 999 [],[3639]
10.024467 883.200000 44481 0 1 99000 1000 [],[302]
