0.727082 0.200000 7640 0 1 99998 2 [],[99999]
1.464301 0.500000 35268 0 1 99997 3 [],[7640]
1.653746 0.700000 1703 0 1 99996 4 [],[7640]
2.590069 1.600000 3902 0 1 99995 5 [],[1703]
2.639051 4.600000 12076 0 1 99994 6 [],[3902]
2.682917 5.400000 46227 0 1 99993 7 [],[3902]
2.921655 5.400000 84686 0 1 99992 8 [],[3902]
3.090267 5.400000 91246 0 1 99991 9 [],[3902]
3.363795 5.500000 16612 0 1 99990 10 [],[3902]
3.380027 5.600000 16147 0 1 99989 11 [],[3902]
3.503224 6.100000 10597 0 1 99988 12 [],[99999]
3.589858 6.900000 33329 0 1 99987 13 [],[3902]
3.977560 7.100000 1818 0 1 99986 14 [],[3902]
4.077919 9.300000 27229 0 1 99985 15 [],[16147]
4.311062 9.500000 67707 0 1 99984 16 [],[1818]
4.404596 9.500000 33180 0 1 99983 17 [],[3902]
4.437183 9.700000 71363 0 1 99982 18 [],[12076]
4.633182 9.700000 94224 0 1 99981 19 [],[91246]
4.643045 9.800000 73898 0 1 99980 20 [],[10597]
4.678551 9.800000 99987 0 1 99979 21 [],[1818]
4.919064 9.800000 33450 0 1 99978 22 [],[94224]
4.934692 9.900000 50077 0 1 99977 23 [],[1818]
5.052266 9.900000 34138 0 1 99976 24 [],[16147]
5.063890 9.900000 2054 0 1 99975 25 [],[1818]
5.159848 10.700000 17736 0 1 99974 26 [],[27229]
5.225099 10.800000 38973 0 1 99973 27 [],[1818]
5.268338 10.900000 10551 0 1 99972 28 [],[3902]
5.370649 11.200000 85533 0 1 99971 29 [],[12076]
5.426836 11.200000 16094 0 1 99970 30 [],[17736]
5.478856 11.800000 10183 0 1 99969 31 [],[33450]
5.506188 13.100000 83220 0 1 99968 32 [],[99987]
5.573574 13.200000 46445 0 1 99967 33 [],[16147]
5.639873 13.400000 49768 0 1 99966 34 [],[1818]
5.679731 13.500000 31586 0 1 99965 35 [],[83220]
5.689476 14.300000 13486 0 1 99964 36 [],[1703]
5.751050 15.400000 30398 0 1 99963 37 [],[16147]
5.864110 15.600000 25964 0 1 99962 38 [],[12076]
5.873195 15.900000 12845 0 1 99961 39 [],[49768]
5.884761 16.300000 10755 0 1 99960 40 [],[1818]
5.915230 16.700000 15066 0 1 99959 41 [],[73898]
5.984964 17.200000 2500 0 1 99958 42 [],[16094]
6.117424 19.900000 356 0 1 99957 43 [],[33329]
6.155250 22.400000 77945 0 1 99956 44 [],[16094]
6.165064 22.400000 12188 0 1 99955 45 [],[3902]
6.234862 22.600000 8294 0 1 99954 46 [],[2500]
6.356145 23.600000 0 0 1 99953 47 [],[30398]
6.370864 44.700000 80342 0 1 99952 48 [],[13486]
6.378714 44.700000 6272 0 1 99951 49 [],[10183]
6.392708 45.200000 31764 0 1 99950 50 [],[35268]
6.410551 45.400000 52945 0 1 99949 51 [],[10183]
6.440628 45.700000 56916 0 1 99948 52 [],[10183]
6.455205 45.800000 10993 0 1 99947 53 [],[0]
6.484882 45.900000 6964 0 1 99946 54 [],[0]
6.486637 46.100000 51858 0 1 99945 55 [],[2500]
6.501008 46.100000 63482 0 1 99944 56 [],[8294]
6.510545 46.100000 8984 0 1 99943 57 [],[33450]
6.543815 46.500000 8680 0 1 99942 58 [],[0]
6.562606 46.700000 37396 0 1 99941 59 [],[1703]
6.603872 47.000000 84378 0 1 99940 60 [],[16612]
6.625285 47.100000 44034 0 1 99939 61 [],[0]
6.625405 47.300000 2400 0 1 99938 62 [],[0]
6.632721 47.400000 1974 0 1 99937 63 [],[356]
6.637151 48.300000 744 0 1 99936 64 [],[0]
6.652240 50.600000 706 0 1 99935 65 [],[1818]
6.718181 51.500000 48699 0 1 99934 66 [],[8294]
6.765953 51.500000 3008 0 1 99933 67 [],[2500]
6.786654 51.800000 14861 0 1 99932 68 [],[0]
6.795092 52.200000 2592 0 1 99931 69 [],[0]
6.796809 54.400000 5601 0 1 99930 70 [],[2500]
6.801050 55.500000 44073 0 1 99929 71 [],[38973]
6.852890 55.600000 5130 0 1 99928 72 [],[0]
6.856338 56.500000 14033 0 1 99927 73 [],[744]
6.857927 56.500000 11713 0 1 99926 74 [],[0]
6.857951 57.300000 32710 0 1 99925 75 [],[3902]
6.870796 57.700000 4208 0 1 99924 76 [],[0]
6.882667 58.900000 58513 0 1 99923 77 [],[4208]
6.910986 59.100000 896 0 1 99922 78 [],[0]
6.912650 59.600000 42294 0 1 99921 79 [],[0]
6.935436 59.700000 20036 0 1 99920 80 [],[52945]
6.938107 60.000000 84384 0 1 99919 81 [],[0]
6.940123 60.000000 53162 0 1 99918 82 [],[2500]
6.997559 60.000000 85278 0 1 99917 83 [],[0]
7.043820 60.000000 43919 0 1 99916 84 [],[896]
7.077459 60.100000 6 0 1 99915 85 [],[0]
7.078814 112.300000 5464 0 1 99914 86 [],[6]
7.080719 112.500000 61320 0 1 99913 87 [],[0]
7.089072 112.600000 29937 0 1 99912 88 [],[0]
7.094364 112.900000 243 0 1 99911 89 [],[6]
7.121236 114.700000 34536 0 1 99910 90 [],[46227]
7.143314 115.000000 96110 0 1 99909 91 [],[0]
7.144681 115.000000 9368 0 1 99908 92 [],[6]
7.146864 115.700000 70471 0 1 99907 93 [],[0]
7.167269 115.900000 9088 0 1 99906 94 [],[44034]
7.184408 116.700000 3472 0 1 99905 95 [],[6]
7.190936 117.700000 339 0 1 99904 96 [],[0]
7.194735 118.400000 41590 0 1 99903 97 [],[2500]
7.215571 118.700000 72371 0 1 99902 98 [],[0]
7.220447 118.700000 2 0 1 99901 99 [],[6,2592,10597,0]
7.223136 208.200000 13975 0 1 99900 100 [],[2]
7.233936 208.400000 12972 0 1 99899 101 [],[339]
7.237452 208.700000 492 0 1 99898 102 [],[6]
7.244495 209.900000 1932 0 1 99897 103 [],[0]
7.262985 210.600000 81591 0 1 99896 104 [],[356]
7.266457 210.600000 2718 0 1 99895 105 [],[2]
7.269964 211.100000 9285 0 1 99894 106 [],[0]
7.271566 211.600000 6082 0 1 99893 107 [],[20036]
7.273825 214.900000 3184 0 1 99892 108 [],[0]
7.292548 215.100000 73493 0 1 99891 109 [],[6]
7.293361 215.100000 401 0 1 99890 110 [],[2]
7.295814 217.800000 76961 0 1 99889 111 [],[0]
7.299219 217.900000 75388 0 1 99888 112 [],[2]
7.304232 217.900000 57231 0 1 99887 113 [],[2]
7.306252 217.900000 45456 0 1 99886 114 [],[6]
7.309248 217.900000 1015 0 1 99885 115 [],[744]
7.318056 219.500000 51119 0 1 99884 116 [],[6]
7.322859 219.500000 4809 0 1 99883 117 [],[2]
7.328931 220.200000 12691 0 1 99882 118 [],[1015]
7.328973 220.300000 3754 0 1 99881 119 [],[6]
7.340845 221.600000 50845 0 1 99880 120 [],[6]
7.341206 221.600000 46997 0 1 99879 121 [],[6]
7.346277 221.700000 61596 0 1 99878 122 [],[9285]
7.349883 221.800000 28278 0 1 99877 123 [],[1974]
7.353278 221.900000 19217 0 1 99876 124 [],[2]
7.353504 222.100000 69320 0 1 99875 125 [],[2]
7.359147 222.200000 26957 0 1 99874 126 [],[2]
7.360502 223.000000 93801 0 1 99873 127 [],[6]
7.363094 223.000000 8108 0 1 99872 128 [],[4208]
7.367841 224.000000 14962 0 1 99871 129 [],[0]
7.380914 224.100000 12238 0 1 99870 130 [],[0]
7.385326 224.400000 37166 0 1 99869 131 [],[2]
7.385459 224.500000 61267 0 1 99868 132 [],[2]
7.387199 224.700000 71989 0 1 99867 133 [],[1932]
7.388065 224.700000 20772 0 1 99866 134 [],[2,3008]
7.396440 224.800000 7809 0 1 99865 135 [],[401]
7.396841 224.900000 30 0 1 99864 136 [],[2]
7.398963 234.900000 5626 0 1 99863 137 [],[243]
7.400008 235.700000 11066 0 1 99862 138 [],[6]
7.401320 236.100000 1537 0 1 99861 139 [],[30]
7.402507 237.100000 18250 0 1 99860 140 [],[2]
7.406410 237.200000 4095 0 1 99859 141 [],[0]
7.410286 237.700000 3019 0 1 99858 142 [],[31764]
7.420270 241.100000 27324 0 1 99857 143 [],[6]
7.421122 241.100000 18761 0 1 99856 144 [],[6]
7.421571 241.100000 24811 0 1 99855 145 [],[19217]
7.424486 241.300000 11262 0 1 99854 146 [],[30]
7.425451 241.800000 31385 0 1 99853 147 [],[50845]
7.425590 242.100000 84248 0 1 99852 148 [],[2]
7.425838 242.100000 2578 0 1 99851 149 [],[2]
7.430687 243.600000 67653 0 1 99850 150 [],[2]
7.431218 243.600000 90467 0 1 99849 151 [],[6]
7.433613 243.600000 5711 0 1 99848 152 [],[2]
7.434070 244.700000 23426 0 1 99847 153 [],[1818,5601]
7.442845 244.700000 98816 0 1 99846 154 [],[2]
7.447769 244.700000 8508 0 1 99845 155 [],[243]
7.453119 244.800000 50122 0 1 99844 156 [],[2]
7.462694 244.900000 15223 0 1 99843 157 [],[2]
7.470580 245.100000 5198 0 1 99842 158 [],[2]
7.471576 247.500000 8150 0 1 99841 159 [],[2,6]
7.471679 247.400000 1950 0 1 99840 160 [],[6]
7.472239 249.300000 34990 0 1 99839 161 [],[72371]
7.477594 249.500000 3242 0 1 99838 162 [],[2]
7.481014 249.700000 9510 0 1 99837 163 [],[0]
7.482395 250.000000 180 0 1 99836 164 [],[6]
7.483865 252.700000 18447 0 1 99835 165 [],[2]
7.487755 253.600000 9812 0 1 99834 166 [],[706]
7.495752 253.800000 31265 0 1 99833 167 [],[2]
7.496596 254.300000 13235 0 1 99832 168 [],[0]
7.500910 255.200000 49079 0 1 99831 169 [],[3184]
7.503822 255.400000 59116 0 1 99830 170 [],[30]
7.509009 255.600000 99715 0 1 99829 171 [],[2]
7.510157 255.600000 6798 0 1 99828 172 [],[4208]
7.510947 256.200000 22817 0 1 99827 173 [],[5711]
7.511609 257.200000 6975 0 1 99826 174 [],[50122]
7.511932 258.500000 28257 0 1 99825 175 [],[6]
7.512405 259.000000 84112 0 1 99824 176 [],[5198]
7.519563 259.000000 34840 0 1 99823 177 [],[2]
7.523206 259.400000 30265 0 1 99822 178 [],[18447]
7.524724 259.500000 1585 0 1 99821 179 [],[2]
7.529869 260.200000 72856 0 1 99820 180 [],[5711]
7.535607 260.300000 73315 0 1 99819 181 [],[243]
7.535951 260.300000 95981 0 1 99818 182 [],[30]
7.536397 260.300000 61445 0 1 99817 183 [],[2]
7.554970 260.300000 8271 0 1 99816 184 [],[1950]
7.556008 260.500000 42768 0 1 99815 185 [],[53162]
7.557732 260.600000 86001 0 1 99814 186 [],[1950]
7.566698 260.700000 56517 0 1 99813 187 [],[13975]
7.575700 260.700000 16548 0 1 99812 188 [],[0]
7.575941 261.100000 68374 0 1 99811 189 [],[2]
7.578752 261.100000 3849 0 1 99810 190 [],[401]
7.581600 262.600000 19032 0 1 99809 191 [],[0]
7.582689 263.000000 4869 0 1 99808 192 [],[2]
7.587822 263.700000 24683 0 1 99807 193 [],[2]
7.587889 264.000000 83238 0 1 99806 194 [],[6975]
7.589710 264.100000 10746 0 1 99805 195 [],[2]
7.601865 264.800000 62895 0 1 99804 196 [],[180]
7.603439 264.800000 14445 0 1 99803 197 [],[2]
7.605498 265.500000 77184 0 1 99802 198 [],[1932]
7.611555 265.500000 27787 0 1 99801 199 [],[30]
7.612765 265.700000 12119 0 1 99800 200 [],[1932]
7.612877 265.900000 62017 0 1 99799 201 [],[30]
7.614927 265.900000 82106 0 1 99798 202 [],[2]
7.616075 266.000000 83066 0 1 99797 203 [],[6]
7.616494 266.100000 524 0 1 99796 204 [],[43919]
7.618100 273.200000 76573 0 1 99795 205 [],[2]
7.618239 273.200000 1822 0 1 99794 206 [],[2]
7.622103 273.800000 76465 0 1 99793 207 [],[0]
7.622586 273.800000 25636 0 1 99792 208 [],[2]
7.625623 273.900000 44621 0 1 99791 209 [],[6]
7.626052 274.100000 56083 0 1 99790 210 [],[8108]
7.626472 274.100000 41139 0 1 99789 211 [],[2]
7.627872 274.100000 57960 0 1 99788 212 [],[2]
7.629578 274.100000 44856 0 1 99787 213 [],[6]
7.632916 274.400000 49678 0 1 99786 214 [],[12238]
7.635486 274.400000 4481 0 1 99785 215 [],[524]
7.640003 275.000000 11228 0 1 99784 216 [],[30,180]
7.640998 275.000000 14299 0 1 99783 217 [],[0]
7.643267 275.400000 28761 0 1 99782 218 [],[744]
7.645299 275.600000 31100 0 1 99781 219 [],[2]
7.646974 275.600000 20840 0 1 99780 220 [],[2]
7.649261 275.800000 18405 0 1 99779 221 [],[2]
7.650451 276.200000 37570 0 1 99778 222 [],[2]
7.651070 276.200000 65101 0 1 99777 223 [],[3902]
7.654694 276.200000 69426 0 1 99776 224 [],[2]
7.660700 276.300000 80489 0 1 99775 225 [],[6798]
7.661186 276.300000 7110 0 1 99774 226 [],[2592]
7.667373 277.000000 49503 0 1 99773 227 [],[2]
7.668035 277.000000 390 0 1 99772 228 [],[6]
7.671055 278.100000 78892 0 1 99771 229 [],[2]
7.671444 278.200000 22059 0 1 99770 230 [],[18405]
7.675423 278.200000 30400 0 1 99769 231 [],[2]
7.676140 278.600000 97892 0 1 99768 232 [],[8108]
7.683628 278.600000 7887 0 1 99767 233 [],[6]
7.683681 278.800000 11451 0 1 99766 234 [],[10746]
7.692784 278.900000 159 0 1 99765 235 [],[2,6]
7.695840 287.700000 18 0 1 99764 236 [],[0,6]
7.696745 300.400000 5605 0 1 99763 237 [],[30]
7.700911 301.200000 34628 0 1 99762 238 [],[18]
7.703657 301.400000 20519 0 1 99761 239 [],[356]
7.708688 301.400000 37527 0 1 99760 240 [],[2500]
7.710831 301.400000 39989 0 1 99759 241 [],[2]
7.716231 301.500000 10331 0 1 99758 242 [],[2,6]
7.716990 301.600000 77698 0 1 99757 243 [],[6]
7.717710 301.600000 6832 0 1 99756 244 [],[0]
7.719631 303.100000 61145 0 1 99755 245 [],[2]
7.719859 303.100000 38619 0 1 99754 246 [],[11262]
7.720871 303.100000 63167 0 1 99753 247 [],[30]
7.722520 303.100000 2776 0 1 99752 248 [],[6]
7.728511 303.300000 43835 0 1 99751 249 [],[33329]
7.736397 303.300000 993 0 1 99750 250 [],[71989]
7.737579 305.500000 12209 0 1 99749 251 [],[2]
7.738733 305.600000 97185 0 1 99748 252 [],[6]
7.742553 305.600000 78163 0 1 99747 253 [],[6]
7.744189 305.600000 22183 0 1 99746 254 [],[10993]
7.748454 305.900000 13072 0 1 99745 255 [],[2]
7.757025 306.400000 94955 0 1 99744 256 [],[2]
7.766220 306.400000 13328 0 1 99743 257 [],[6]
7.771167 306.800000 1287 0 1 99742 258 [],[6]
7.773522 307.300000 17967 0 1 99741 259 [],[2]
7.779076 307.400000 14986 0 1 99740 260 [],[6975]
7.783636 307.500000 32400 0 1 99739 261 [],[3902]
7.785462 307.600000 25012 0 1 99738 262 [],[2]
7.788357 307.900000 18291 0 1 99737 263 [],[6]
7.798268 307.900000 9876 0 1 99736 264 [],[2]
7.798988 308.400000 35981 0 1 99735 265 [],[2]
7.801018 308.500000 1026 0 1 99734 266 [],[4208]
7.801806 314.800000 48200 0 1 99733 267 [],[3019]
7.804290 314.900000 74918 0 1 99732 268 [],[44621]
7.807842 314.900000 10344 0 1 99731 269 [],[2]
7.813362 315.200000 42937 0 1 99730 270 [],[11713]
7.813900 315.400000 48345 0 1 99729 271 [],[6]
7.814258 315.400000 32961 0 1 99728 272 [],[25964]
7.816388 315.700000 17164 0 1 99727 273 [],[0]
7.821329 315.800000 11428 0 1 99726 274 [],[3019]
7.822994 316.100000 7410 0 1 99725 275 [],[2]
7.823058 317.300000 6447 0 1 99724 276 [],[81591]
7.823509 318.000000 1006 0 1 99723 277 [],[2]
7.825680 318.300000 30317 0 1 99722 278 [],[6]
7.827920 318.500000 68476 0 1 99721 279 [],[32961]
7.842501 318.500000 10503 0 1 99720 280 [],[2,4869]
7.849196 318.500000 43689 0 1 99719 281 [],[2718]
7.852216 318.500000 1773 0 1 99718 282 [],[6]
7.852932 322.100000 70981 0 1 99717 283 [],[180]
7.857047 322.100000 53675 0 1 99716 284 [],[44034]
7.858049 322.100000 67096 0 1 99715 285 [],[30]
7.858108 322.300000 73549 0 1 99714 286 [],[97185]
7.862626 322.400000 51786 0 1 99713 287 [],[2]
7.874929 322.500000 9294 0 1 99712 288 [],[6447]
7.877473 322.500000 82802 0 1 99711 289 [],[13486]
7.878226 322.500000 30414 0 1 99710 290 [],[6]
7.879561 322.500000 92225 0 1 99709 291 [],[2]
7.881070 322.500000 81221 0 1 99708 292 [],[33180]
7.882783 322.500000 5269 0 1 99707 293 [],[2]
7.885929 323.800000 88096 0 1 99706 294 [],[6]
7.886611 323.900000 28609 0 1 99705 295 [],[6]
7.887772 324.000000 52022 0 1 99704 296 [],[401]
7.889747 324.100000 646 0 1 99703 297 [],[32710]
7.891647 325.200000 47552 0 1 99702 298 [],[2]
7.896599 325.200000 29687 0 1 99701 299 [],[159]
7.901229 325.300000 19850 0 1 99700 300 [],[1026]
7.907894 325.800000 68730 0 1 99699 301 [],[2]
7.909601 325.800000 41132 0 1 99698 302 [],[18]
7.922030 326.100000 21244 0 1 99697 303 [],[2]
7.925272 326.100000 134 0 1 99696 304 [],[2]
7.931482 330.700000 32171 0 1 99695 305 [],[19850]
7.935978 331.000000 16288 0 1 99694 306 [],[25636]
7.939336 331.900000 57119 0 1 99693 307 [],[28257]
7.940270 332.300000 61528 0 1 99692 308 [],[2]
7.941754 332.300000 61111 0 1 99691 309 [],[159]
7.949577 332.300000 53516 0 1 99690 310 [],[5130]
7.951313 332.400000 357 0 1 99689 311 [],[30]
7.952308 334.300000 37011 0 1 99688 312 [],[2]
7.957266 334.300000 1244 0 1 99687 313 [],[2]
7.959251 336.700000 18815 0 1 99686 314 [],[1950]
7.959681 337.000000 29512 0 1 99685 315 [],[6]
7.960885 337.000000 3 0 1 99684 316 [],[3754,80489,2]
7.970727 375.800000 92515 0 1 99683 317 [],[3]
7.973495 375.800000 46823 0 1 99682 318 [],[5130]
7.973722 375.800000 49755 0 1 99681 319 [],[2,339]
7.985031 375.600000 69327 0 1 99680 320 [],[2]
7.986086 375.800000 47271 0 1 99679 321 [],[20840]
7.990677 375.800000 26322 0 1 99678 322 [],[2]
7.992055 376.000000 81411 0 1 99677 323 [],[6]
7.994374 376.000000 12505 0 1 99676 324 [],[524]
7.996790 377.000000 2958 0 1 99675 325 [],[3]
8.002744 377.300000 64680 0 1 99674 326 [],[2]
8.004075 377.400000 27 0 1 99673 327 [],[646,5601]
8.004596 408.600000 34092 0 1 99672 328 [],[6]
8.004717 408.700000 15521 0 1 99671 329 [],[24683]
8.006901 409.600000 81152 0 1 99670 330 [],[44856]
8.007713 409.600000 91195 0 1 99669 331 [],[2]
8.007974 409.600000 4406 0 1 99668 332 [],[1585]
8.008716 409.700000 543 0 1 99667 333 [],[5605]
8.009694 411.500000 21029 0 1 99666 334 [],[20772]
8.010905 411.500000 14840 0 1 99665 335 [],[3754]
8.011860 412.400000 103 0 1 99664 336 [],[646,6]
8.013232 424.700000 86974 0 1 99663 337 [],[57119]
8.013955 424.700000 85143 0 1 99662 338 [],[401]
8.015820 424.700000 1998 0 1 99661 339 [],[3]
8.016809 425.500000 86713 0 1 99660 340 [],[3]
8.016947 425.500000 67 0 1 99659 341 [],[1974,3]
8.018315 427.700000 2338 0 1 99658 342 [],[2]
8.023767 427.900000 34775 0 1 99657 343 [],[3]
8.027198 428.000000 38247 0 1 99656 344 [],[103]
8.027570 428.100000 70253 0 1 99655 345 [],[524]
8.027597 428.200000 20267 0 1 99654 346 [],[3]
8.028916 428.500000 82369 0 1 99653 347 [],[2]
8.029675 428.500000 7 0 1 99652 348 [],[27,103,134,706]
8.029912 488.700000 59567 0 1 99651 349 [],[3]
8.031353 488.700000 49278 0 1 99650 350 [],[2]
8.032867 488.800000 42829 0 1 99649 351 [],[134]
8.041552 488.800000 70702 0 1 99648 352 [],[3]
8.044508 488.800000 59746 0 1 99647 353 [],[7]
8.045925 488.900000 97889 0 1 99646 354 [],[103]
8.046120 488.900000 33772 0 1 99645 355 [],[2500]
8.049108 489.200000 87731 0 1 99644 356 [],[6]
8.049156 489.200000 77765 0 1 99643 357 [],[69327]
8.052600 489.200000 6701 0 1 99642 358 [],[3]
8.053687 489.600000 25385 0 1 99641 359 [],[9510]
8.054121 489.800000 91472 0 1 99640 360 [],[159]
8.054660 489.900000 23424 0 1 99639 361 [],[30]
8.055513 490.100000 72016 0 1 99638 362 [],[32710]
8.056209 490.100000 70055 0 1 99637 363 [],[2592]
8.062201 490.200000 905 0 1 99636 364 [],[0,159]
8.063732 490.500000 3128 0 1 99635 365 [],[27]
8.065100 491.500000 90012 0 1 99634 366 [],[7]
8.065819 491.500000 60960 0 1 99633 367 [],[3]
8.066620 491.500000 47221 0 1 99632 368 [],[6]
8.067865 491.500000 6974 0 1 99631 369 [],[7]
8.069218 491.600000 47865 0 1 99630 370 [],[3]
8.069786 491.700000 95764 0 1 99629 371 [],[2500]
8.072409 491.700000 69949 0 1 99628 372 [],[0]
8.076283 491.700000 73474 0 1 99627 373 [],[2]
8.076510 491.700000 98781 0 1 99626 374 [],[0]
8.077026 491.700000 1965 0 1 99625 375 [],[7]
8.081929 492.500000 92749 0 1 99624 376 [],[27]
8.090518 492.500000 29276 0 1 99623 377 [],[16548]
8.091394 492.500000 79333 0 1 99622 378 [],[7]
8.091497 492.500000 19209 0 1 99621 379 [],[12119]
8.093150 492.500000 54538 0 1 99620 380 [],[1585]
8.094351 492.500000 26048 0 1 99619 381 [],[1244]
8.100670 493.000000 2787 0 1 99618 382 [],[0]
8.100975 493.700000 1229 0 1 99617 383 [],[18]
8.101811 495.000000 36818 0 1 99616 384 [],[3,180]
8.104654 494.800000 49201 0 1 99615 385 [],[3]
8.105525 494.800000 1250 0 1 99614 386 [],[61267]
8.105682 496.100000 49815 0 1 99613 387 [],[524]
8.107530 496.300000 53499 0 1 99612 388 [],[3]
8.110238 496.300000 49239 0 1 99611 389 [],[18]
8.110954 496.400000 17314 0 1 99610 390 [],[6]
8.114031 496.600000 71155 0 1 99609 391 [],[11713]
8.114765 496.700000 725 0 1 99608 392 [],[2]
8.117191 497.800000 23778 0 1 99607 393 [],[744]
8.117263 497.800000 35904 0 1 99606 394 [],[2054]
8.118006 497.800000 8231 0 1 99605 395 [],[1773]
8.120204 497.800000 9634 0 1 99604 396 [],[2]
8.122787 498.100000 71726 0 1 99603 397 [],[4481]
8.123344 498.100000 62446 0 1 99602 398 [],[7]
8.124565 498.100000 199 0 1 99601 399 [],[6]
8.126503 500.600000 41733 0 1 99600 400 [],[103]
8.127255 500.700000 89763 0 1 99599 401 [],[103]
8.127925 500.700000 44544 0 1 99598 402 [],[2]
8.130180 500.700000 28358 0 1 99597 403 [],[30]
8.132077 500.900000 44262 0 1 99596 404 [],[2]
8.137245 501.000000 58091 0 1 99595 405 [],[30400]
8.138026 501.100000 52637 0 1 99594 406 [],[2]
8.138100 501.300000 33728 0 1 99593 407 [],[401]
8.141314 501.700000 14647 0 1 99592 408 [],[2]
8.141318 501.900000 443 0 1 99591 409 [],[18]
8.141908 503.100000 296 0 1 99590 410 [],[9510]
8.141945 510.400000 69332 0 1 99589 411 [],[159]
8.145270 510.400000 52180 0 1 99588 412 [],[1773]
8.146026 510.600000 36600 0 1 99587 413 [],[3]
8.149362 510.600000 5259 0 1 99586 414 [],[103]
8.150711 511.300000 21062 0 1 99585 415 [],[180]
8.153613 511.600000 58221 0 1 99584 416 [],[2]
8.154142 511.600000 15884 0 1 99583 417 [],[6,27]
8.155083 511.600000 9618 0 1 99582 418 [],[2]
8.155806 512.100000 42685 0 1 99581 419 [],[6]
8.159377 512.200000 94726 0 1 99580 420 [],[3]
8.159854 512.200000 88188 0 1 99579 421 [],[18405]
8.161362 512.200000 13789 0 1 99578 422 [],[77945]
8.166015 513.900000 16766 0 1 99577 423 [],[3]
8.166380 514.200000 67964 0 1 99576 424 [],[2]
8.166803 514.200000 83070 0 1 99575 425 [],[31586]
8.168764 514.200000 22097 0 1 99574 426 [],[25012]
8.171745 514.700000 18715 0 1 99573 427 [],[0]
8.171896 514.800000 3820 0 1 99572 428 [],[2]
8.173451 515.800000 85816 0 1 99571 429 [],[7]
8.175336 515.800000 5 0 1 99570 430 [],[7,30,6974,13328,58221,2]
8.175348 560.300000 58153 0 1 99569 431 [],[180]
8.175982 560.300000 48820 0 1 99568 432 [],[1026]
8.176338 560.400000 36554 0 1 99567 433 [],[103]
8.176597 560.600000 10160 0 1 99566 434 [],[2]
8.178802 561.300000 99260 0 1 99565 435 [],[2]
8.179384 561.300000 22980 0 1 99564 436 [],[6798]
8.183178 561.600000 4559 0 1 99563 437 [],[3]
8.183729 563.200000 23561 0 1 99562 438 [],[30]
8.188091 563.400000 99962 0 1 99561 439 [],[2]
8.192076 563.400000 1418 0 1 99560 440 [],[2,103]
8.192181 565.200000 49603 0 1 99559 441 [],[1244]
8.198613 565.200000 67364 0 1 99558 442 [],[199]
8.200494 565.200000 91507 0 1 99557 443 [],[159]
8.204705 565.200000 70244 0 1 99556 444 [],[2]
8.205453 565.300000 19434 0 1 99555 445 [],[2592]
8.205490 565.300000 12425 0 1 99554 446 [],[6,443]
8.209278 565.400000 75515 0 1 99553 447 [],[103]
8.209624 565.400000 17687 0 1 99552 448 [],[5]
8.210220 565.700000 57 0 1 99551 449 [],[2]
8.210591 565.700000 6350 0 1 99550 450 [],[4559]
8.211116 566.900000 62050 0 1 99549 451 [],[3]
8.213901 567.000000 6254 0 1 99548 452 [],[14962]
8.214027 567.800000 11511 0 1 99547 453 [],[47271,6]
8.218407 568.100000 3461 0 1 99546 454 [],[7]
8.219882 569.500000 30807 0 1 99545 455 [],[3]
8.220197 569.500000 92089 0 1 99544 456 [],[7]
8.220616 569.600000 44779 0 1 99543 457 [],[706]
8.221012 569.600000 110 0 1 99542 458 [],[18]
8.222067 570.700000 39 0 1 99541 459 [],[6]
8.222907 578.500000 95469 0 1 99540 460 [],[6]
8.223535 578.500000 97166 0 1 99539 461 [],[34536]
8.224678 578.500000 83781 0 1 99538 462 [],[22817]
8.227988 578.500000 82469 0 1 99537 463 [],[6]
8.229073 578.500000 721 0 1 99536 464 [],[7]
8.231170 581.200000 13314 0 1 99535 465 [],[5601]
8.231458 581.200000 70347 0 1 99534 466 [],[3]
8.233618 581.200000 7992 0 1 99533 467 [],[5]
8.233758 582.000000 87276 0 1 99532 468 [],[5130]
8.234257 582.000000 6672 0 1 99531 469 [],[2]
8.238678 583.600000 75960 0 1 99530 470 [],[2]
8.240238 583.700000 9139 0 1 99529 471 [],[29276]
8.242457 584.400000 58633 0 1 99528 472 [],[7]
8.242612 584.400000 2295 0 1 99527 473 [],[2]
8.243572 585.400000 2866 0 1 99526 474 [],[6]
8.246309 587.200000 4147 0 1 99525 475 [],[23778]
8.246789 587.500000 51017 0 1 99524 476 [],[7]
8.248549 587.900000 99530 0 1 99523 477 [],[2]
8.252250 587.900000 57746 0 1 99522 478 [],[5]
8.253529 587.900000 77874 0 1 99521 479 [],[22817]
8.253871 587.900000 69413 0 1 99520 480 [],[1026]
8.259283 588.000000 16035 0 1 99519 481 [],[5]
8.260481 589.100000 7398 0 1 99518 482 [],[7]
8.261375 589.100000 79883 0 1 99517 483 [],[7]
8.263020 589.100000 12329 0 1 99516 484 [],[6]
8.264797 589.400000 59636 0 1 99515 485 [],[6]
8.266565 589.600000 82566 0 1 99514 486 [],[2]
8.267035 589.600000 52496 0 1 99513 487 [],[2]
8.268423 589.600000 81 0 1 99512 488 [],[2,7]
8.269713 602.700000 6868 0 1 99511 489 [],[134]
8.270842 602.800000 6203 0 1 99510 490 [],[82802]
8.274967 603.900000 166 0 1 99509 491 [],[2,30]
8.278335 607.000000 59 0 1 99508 492 [],[6]
8.279800 607.400000 8013 0 1 99507 493 [],[16094,6]
8.280391 608.300000 41517 0 1 99506 494 [],[7]
8.282633 608.600000 6003 0 1 99505 495 [],[7]
8.285619 611.200000 96844 0 1 99504 496 [],[3]
8.286242 611.200000 89000 0 1 99503 497 [],[67]
8.288282 611.200000 71977 0 1 99502 498 [],[39]
8.292677 611.200000 62714 0 1 99501 499 [],[15066]
8.293099 611.300000 251 0 1 99500 500 [],[16288]
8.294008 616.700000 47837 0 1 99499 501 [],[30]
8.295220 616.700000 36259 0 1 99498 502 [],[7]
8.296636 616.700000 38653 0 1 99497 503 [],[81]
8.297633 616.900000 91024 0 1 99496 504 [],[7]
8.301161 616.900000 1370 0 1 99495 505 [],[7]
8.301303 619.800000 13189 0 1 99494 506 [],[39]
8.302076 620.800000 108 0 1 99493 507 [],[5]
8.303365 624.100000 27379 0 1 99492 508 [],[9088]
8.304031 624.100000 28648 0 1 99491 509 [],[4809]
8.306680 624.300000 75925 0 1 99490 510 [],[1818]
8.306852 624.300000 59895 0 1 99489 511 [],[2]
8.307214 624.700000 43143 0 1 99488 512 [],[81]
8.314212 624.900000 46283 0 1 99487 513 [],[108]
8.315322 624.900000 81882 0 1 99486 514 [],[3]
8.316303 624.900000 15654 0 1 99485 515 [],[18,2054]
8.317317 625.400000 427 0 1 99484 516 [],[16612]
8.317866 627.100000 23539 0 1 99483 517 [],[6]
8.319352 627.200000 40581 0 1 99482 518 [],[2]
8.320989 627.400000 35285 0 1 99481 519 [],[6003]
8.321715 627.700000 21778 0 1 99480 520 [],[108]
8.326658 627.800000 43211 0 1 99479 521 [],[6]
8.332306 627.900000 2088 0 1 99478 522 [],[5]
8.340588 629.300000 12123 0 1 99477 523 [],[0]
8.341559 629.600000 69974 0 1 99476 524 [],[2]
8.343452 629.600000 59621 0 1 99475 525 [],[27]
8.343620 629.600000 10920 0 1 99474 526 [],[52022]
8.344531 629.900000 21431 0 1 99473 527 [],[13789]
8.347021 630.600000 12381 0 1 99472 528 [],[2]
8.348134 631.200000 47329 0 1 99471 529 [],[52180]
8.350279 631.300000 42025 0 1 99470 530 [],[39]
8.350432 631.400000 52266 0 1 99469 531 [],[81]
8.352962 631.400000 1313 0 1 99468 532 [],[7]
8.354333 631.600000 11901 0 1 99467 533 [],[3019]
8.355223 631.600000 70802 0 1 99466 534 [],[159]
8.355590 631.600000 23841 0 1 99465 535 [],[3]
8.359907 631.800000 2689 0 1 99464 536 [],[3]
8.361516 632.900000 25405 0 1 99463 537 [],[30]
8.362847 633.100000 68286 0 1 99462 538 [],[30]
8.363924 633.100000 69794 0 1 99461 539 [],[3754]
8.368997 633.100000 200 0 1 99460 540 [],[12119]
8.369724 641.700000 6681 0 1 99459 541 [],[81]
8.370399 642.000000 2748 0 1 99458 542 [],[5]
8.371059 642.100000 82402 0 1 99457 543 [],[7]
8.372193 642.100000 17215 0 1 99456 544 [],[30]
8.374205 642.500000 5562 0 1 99455 545 [],[27]
8.374534 642.700000 36204 0 1 99454 546 [],[0]
8.374948 642.700000 80607 0 1 99453 547 [],[2]
8.375285 642.700000 24950 0 1 99452 548 [],[30]
8.377785 642.800000 7014 0 1 99451 549 [],[56916,67364]
8.380251 645.500000 687 0 1 99450 550 [],[6]
8.380852 649.800000 6207 0 1 99449 551 [],[725]
8.382444 650.800000 26853 0 1 99448 552 [],[7]
8.382952 651.000000 71466 0 1 99447 553 [],[15521]
8.383578 651.000000 3577 0 1 99446 554 [],[53516]
8.384628 651.900000 2301 0 1 99445 555 [],[1998]
8.386344 653.600000 76090 0 1 99444 556 [],[200]
8.387243 653.600000 50765 0 1 99443 557 [],[2]
8.389848 653.600000 41463 0 1 99442 558 [],[2]
8.391252 653.600000 19333 0 1 99441 559 [],[14986]
8.393951 653.700000 9006 0 1 99440 560 [],[2]
8.394180 653.800000 9303 0 1 99439 561 [],[32400,159]
8.395317 654.100000 84521 0 1 99438 562 [],[5]
8.395717 654.100000 68005 0 1 99437 563 [],[3]
8.398187 654.100000 2090 0 1 99436 564 [],[0]
8.398537 655.100000 70586 0 1 99435 565 [],[3019]
8.400033 655.100000 6135 0 1 99434 566 [],[3]
8.400905 655.900000 49723 0 1 99433 567 [],[401]
8.401336 655.900000 1439 0 1 99432 568 [],[2090]
8.405998 657.000000 62515 0 1 99431 569 [],[2]
8.406924 657.000000 84 0 1 99430 570 [],[5]
8.411416 660.100000 836 0 1 99429 571 [],[5]
8.412635 661.500000 18615 0 1 99428 572 [],[251]
8.412696 661.600000 74066 0 1 99427 573 [],[36554]
8.417349 661.600000 33075 0 1 99426 574 [],[7992]
8.417585 662.200000 40982 0 1 99425 575 [],[2500]
8.417991 662.400000 56176 0 1 99424 576 [],[83070]
8.418707 662.600000 5023 0 1 99423 577 [],[7]
8.418842 662.800000 39748 0 1 99422 578 [],[18]
8.424796 662.800000 1092 0 1 99421 579 [],[0]
8.427208 665.800000 6105 0 1 99420 580 [],[2,3]
8.430253 665.800000 187 0 1 99419 581 [],[7]
8.431127 672.300000 22099 0 1 99418 582 [],[5]
8.431787 672.600000 60936 0 1 99417 583 [],[251]
8.432001 672.700000 9390 0 1 99416 584 [],[5]
8.433517 674.000000 10550 0 1 99415 585 [],[1229]
8.434787 674.700000 79967 0 1 99414 586 [],[5198]
8.435982 674.700000 27060 0 1 99413 587 [],[5]
8.437827 675.300000 10001 0 1 99412 588 [],[2]
8.438377 676.200000 16269 0 1 99411 589 [],[6672]
8.438824 676.800000 38274 0 1 99410 590 [],[492]
8.439567 676.800000 7669 0 1 99409 591 [],[30]
8.440487 677.400000 36048 0 1 99408 592 [],[7]
8.441327 677.500000 59788 0 1 99407 593 [],[1418]
8.441775 677.500000 61721 0 1 99406 594 [],[7]
8.442208 677.500000 9126 0 1 99405 595 [],[1773]
8.443360 678.300000 53834 0 1 99404 596 [],[5]
8.443909 678.300000 38851 0 1 99403 597 [],[26048]
8.445864 678.400000 49077 0 1 99402 598 [],[0]
8.446012 678.600000 35986 0 1 99401 599 [],[27]
8.451717 678.800000 44348 0 1 99400 600 [],[6]
8.463147 678.800000 65003 0 1 99399 601 [],[18]
8.468156 678.900000 11834 0 1 99398 602 [],[15066]
8.470147 679.300000 3168 0 1 99397 603 [],[7]
8.471407 680.900000 202 0 1 99396 604 [],[2,27]
8.472683 687.400000 6926 0 1 99395 605 [],[5]
8.473346 687.800000 60986 0 1 99394 606 [],[202]
8.473527 687.800000 10327 0 1 99393 607 [],[2]
8.474615 688.800000 2068 0 1 99392 608 [],[6]
8.477769 689.800000 54120 0 1 99391 609 [],[159]
8.478945 689.900000 65728 0 1 99390 610 [],[84]
8.479544 689.900000 39392 0 1 99389 611 [],[7]
8.480492 690.000000 35116 0 1 99388 612 [],[7]
8.481020 690.100000 97001 0 1 99387 613 [],[25405]
8.483410 690.100000 384 0 1 99386 614 [],[12329]
8.483725 691.100000 45799 0 1 99385 615 [],[81]
8.483950 691.100000 1990 0 1 99384 616 [],[16035]
8.484758 692.300000 54697 0 1 99383 617 [],[296]
8.487165 692.300000 13220 0 1 99382 618 [],[96110]
8.490375 692.700000 26588 0 1 99381 619 [],[2]
8.493100 692.900000 45723 0 1 99380 620 [],[7]
8.494481 693.000000 3426 0 1 99379 621 [],[5]
8.496760 694.700000 67301 0 1 99378 622 [],[27]
8.499085 694.700000 95122 0 1 99377 623 [],[27]
8.508605 694.700000 19513 0 1 99376 624 [],[200]
8.511588 694.900000 25915 0 1 99375 625 [],[7]
8.511780 694.900000 19972 0 1 99374 626 [],[1092]
8.512496 695.000000 12230 0 1 99373 627 [],[5]
8.512618 696.000000 79125 0 1 99372 628 [],[30]
8.513236 696.000000 7135 0 1 99371 629 [],[187]
8.518442 696.300000 21754 0 1 99370 630 [],[4208]
8.522430 696.400000 87584 0 1 99369 631 [],[26853]
8.522511 696.400000 26461 0 1 99368 632 [],[200]
8.523473 696.500000 85483 0 1 99367 633 [],[2,202]
8.524659 696.300000 99149 0 1 99366 634 [],[30]
8.526405 696.300000 17217 0 1 99365 635 [],[2,6]
8.526722 696.500000 1482 0 1 99364 636 [],[27]
8.527351 702.600000 39665 0 1 99363 637 [],[7]
8.527737 702.700000 309 0 1 99362 638 [],[401]
8.527776 709.200000 43133 0 1 99361 639 [],[61596]
8.530005 709.400000 85706 0 1 99360 640 [],[33728]
8.530691 709.400000 327 0 1 99359 641 [],[1950]
8.532484 712.700000 12733 0 1 99358 642 [],[646]
8.533094 713.500000 1001 0 1 99357 643 [],[9285,5]
8.533413 715.000000 2186 0 1 99356 644 [],[2]
8.535280 716.300000 26692 0 1 99355 645 [],[3]
8.536142 716.300000 60583 0 1 99354 646 [],[6]
8.537187 716.300000 71915 0 1 99353 647 [],[57119]
8.539056 716.300000 6965 0 1 99352 648 [],[2]
8.539620 716.800000 32602 0 1 99351 649 [],[12230]
8.540658 716.800000 96914 0 1 99350 650 [],[18250]
8.541157 716.800000 26275 0 1 99349 651 [],[2]
8.553535 716.800000 9413 0 1 99348 652 [],[13220,401]
8.557255 717.000000 83713 0 1 99347 653 [],[524]
8.558953 717.000000 28990 0 1 99346 654 [],[2,30]
8.560159 716.800000 58554 0 1 99345 655 [],[3019]
8.560751 716.800000 58387 0 1 99344 656 [],[12381]
8.561804 716.800000 6795 0 1 99343 657 [],[3472]
8.566834 717.600000 21439 0 1 99342 658 [],[543]
8.567012 717.700000 2682 0 1 99341 659 [],[687]
8.569868 718.200000 9168 0 1 99340 660 [],[5464]
8.572424 718.400000 32548 0 1 99339 661 [],[5]
8.573026 718.600000 30930 0 1 99338 662 [],[3]
8.574235 718.700000 78249 0 1 99337 663 [],[134]
8.575575 718.800000 9635 0 1 99336 664 [],[1482]
8.575857 719.800000 604 0 1 99335 665 [],[27]
8.577285 723.500000 64632 0 1 99334 666 [],[27,443]
8.579941 723.500000 18494 0 1 99333 667 [],[26048]
8.582188 723.700000 29960 0 1 99332 668 [],[6]
8.583410 723.800000 74432 0 1 99331 669 [],[9368]
8.583670 723.800000 33 0 1 99330 670 [],[3]
8.584590 734.000000 24377 0 1 99329 671 [],[1026]
8.584859 734.000000 2558 0 1 99328 672 [],[3]
8.585884 734.800000 1902 0 1 99327 673 [],[7]
8.589643 738.400000 85022 0 1 99326 674 [],[6]
8.590073 738.400000 84002 0 1 99325 675 [],[5]
8.590378 738.400000 73 0 1 99324 676 [],[1092]
8.590512 744.000000 1622 0 1 99323 677 [],[243]
8.590947 744.400000 23134 0 1 99322 678 [],[2]
8.591259 744.600000 3684 0 1 99321 679 [],[3]
8.593672 745.900000 25806 0 1 99320 680 [],[44073]
8.594347 746.200000 93491 0 1 99319 681 [],[6082]
8.597125 746.200000 1442 0 1 99318 682 [],[5]
8.597367 747.000000 59013 0 1 99317 683 [],[687]
8.597807 747.000000 3135 0 1 99316 684 [],[1001]
8.597987 747.700000 16160 0 1 99315 685 [],[2]
8.599901 747.800000 330 0 1 99314 686 [],[202]
8.600494 751.700000 12306 0 1 99313 687 [],[7,2186]
8.600577 752.400000 50385 0 1 99312 688 [],[7014]
8.601290 752.400000 3495 0 1 99311 689 [],[3]
8.602005 752.500000 42734 0 1 99310 690 [],[21431]
8.603174 753.200000 2731 0 1 99309 691 [],[5]
8.603284 754.200000 16806 0 1 99308 692 [],[15223]
8.604752 754.300000 14825 0 1 99307 693 [],[6]
8.605787 754.400000 2269 0 1 99306 694 [],[85278]
8.607953 756.200000 12475 0 1 99305 695 [],[27]
8.609219 756.700000 6579 0 1 99304 696 [],[1001]
8.609660 758.300000 68202 0 1 99303 697 [],[4559]
8.611175 758.400000 999 0 1 99302 698 [],[81]
8.613517 764.500000 97798 0 1 99301 699 [],[6]
8.616101 764.500000 66600 0 1 99300 700 [],[13789]
8.617017 764.500000 4167 0 1 99299 701 [],[296]
8.617547 765.800000 11725 0 1 99298 702 [],[296]
8.617880 766.200000 145 0 1 99297 703 [],[56176]
8.618143 769.100000 20239 0 1 99296 704 [],[81]
8.618833 769.400000 73617 0 1 99295 705 [],[6]
8.620463 769.400000 48024 0 1 99294 706 [],[18]
8.624046 769.500000 27475 0 1 99293 707 [],[187]
8.627065 769.700000 31570 0 1 99292 708 [],[200]
8.627623 769.800000 98980 0 1 99291 709 [],[0]
8.627648 769.800000 84520 0 1 99290 710 [],[0]
8.628863 769.800000 55611 0 1 99289 711 [],[14445]
8.629111 769.900000 52480 0 1 99288 712 [],[81]
8.629987 769.900000 21199 0 1 99287 713 [],[7]
8.630812 770.000000 6995 0 1 99286 714 [],[5]
8.633115 770.600000 51694 0 1 99285 715 [],[3]
8.634549 770.600000 9700 0 1 99284 716 [],[27]
8.635035 771.000000 6140 0 1 99283 717 [],[721]
8.635057 772.200000 7796 0 1 99282 718 [],[39]
8.635549 772.400000 18698 0 1 99281 719 [],[2301]
8.638195 772.400000 6685 0 1 99280 720 [],[200]
8.639008 773.000000 173 0 1 99279 721 [],[134]
8.639496 773.900000 43275 0 1 99278 722 [],[22817]
8.639819 774.000000 8850 0 1 99277 723 [],[2]
8.642611 774.200000 3288 0 1 99276 724 [],[2,1026]
8.644865 775.600000 84675 0 1 99275 725 [],[200]
8.645423 775.600000 50903 0 1 99274 726 [],[27]
8.647177 775.700000 11686 0 1 99273 727 [],[1442]
8.647624 775.900000 7018 0 1 99272 728 [],[5711]
8.648390 777.100000 37647 0 1 99271 729 [],[159]
8.649521 777.100000 33359 0 1 99270 730 [],[6]
8.650542 777.200000 8683 0 1 99269 731 [],[1902]
8.651505 778.400000 6259 0 1 99268 732 [],[1244]
8.652160 778.900000 27336 0 1 99267 733 [],[7]
8.653466 779.100000 44591 0 1 99266 734 [],[6]
8.654949 779.100000 97684 0 1 99265 735 [],[604]
8.656503 779.100000 7487 0 1 99264 736 [],[27]
8.658259 780.600000 820 0 1 99263 737 [],[3]
8.658780 782.400000 7603 0 1 99262 738 [],[7]
8.659166 782.400000 74540 0 1 99261 739 [],[2]
8.660391 782.400000 11449 0 1 99260 740 [],[296]
8.663470 782.500000 21902 0 1 99259 741 [],[2]
8.663668 782.700000 23570 0 1 99258 742 [],[38619,3]
8.663704 783.000000 32462 0 1 99257 743 [],[12188]
8.665415 783.100000 8055 0 1 99256 744 [],[8683]
8.665560 784.400000 60995 0 1 99255 745 [],[6203]
8.667303 784.400000 23950 0 1 99254 746 [],[145]
8.667328 784.800000 1177 0 1 99253 747 [],[8508,10920]
8.670255 785.800000 87260 0 1 99252 748 [],[2]
8.670922 785.800000 21474 0 1 99251 749 [],[30]
8.672546 785.800000 21473 0 1 99250 750 [],[18]
8.673555 786.400000 181 0 1 99249 751 [],[6,18]
8.674626 789.400000 1 0 1 99248 752 [],[2,3,5,7,200,330,31570,57960]
8.675271 822.800000 22360 0 1 99247 753 [],[6203]
8.675475 823.000000 57520 0 1 99246 754 [],[1]
8.680503 823.000000 89246 0 1 99245 755 [],[5]
8.682137 823.000000 407 0 1 99244 756 [],[9168,0,6]
8.685471 824.300000 49523 0 1 99243 757 [],[5198]
8.685629 824.300000 1132 0 1 99242 758 [],[1177]
8.687304 825.600000 21526 0 1 99241 759 [],[1]
8.687965 825.600000 97356 0 1 99240 760 [],[37166]
8.688793 825.600000 35045 0 1 99239 761 [],[2]
8.689447 825.800000 41645 0 1 99238 762 [],[7]
8.690678 825.800000 22019 0 1 99237 763 [],[5601]
8.691688 826.300000 58657 0 1 99236 764 [],[49079]
8.691732 826.400000 73321 0 1 99235 765 [],[6]
8.692347 826.500000 60441 0 1 99234 766 [],[6]
8.693637 826.500000 27979 0 1 99233 767 [],[187]
8.697480 826.700000 67611 0 1 99232 768 [],[721]
8.698362 826.700000 9169 0 1 99231 769 [],[999]
8.699101 827.100000 7161 0 1 99230 770 [],[3]
8.699687 827.200000 990 0 1 99229 771 [],[5]
8.699699 827.800000 16819 0 1 99228 772 [],[73549]
8.699724 828.400000 85668 0 1 99227 773 [],[6672]
8.701970 828.500000 3736 0 1 99226 774 [],[2]
8.703108 828.700000 8136 0 1 99225 775 [],[6350]
8.703937 828.900000 6972 0 1 99224 776 [],[27379]
8.705089 829.700000 53354 0 1 99223 777 [],[2]
8.705523 829.700000 18234 0 1 99222 778 [],[2]
8.706614 831.000000 88979 0 1 99221 779 [],[2]
8.707273 831.000000 67443 0 1 99220 780 [],[896]
8.708771 831.000000 3095 0 1 99219 781 [],[3]
8.710350 831.500000 69816 0 1 99218 782 [],[309]
8.712409 831.600000 6266 0 1 99217 783 [],[2]
8.714133 831.900000 20044 0 1 99216 784 [],[12691]
8.715574 832.200000 17102 0 1 99215 785 [],[3,1990]
8.715621 832.900000 50275 0 1 99214 786 [],[39]
8.716586 832.900000 87123 0 1 99213 787 [],[16269]
8.716862 832.900000 18870 0 1 99212 788 [],[61145]
8.717410 833.200000 54421 0 1 99211 789 [],[11451]
8.717865 833.200000 61220 0 1 99210 790 [],[6]
8.717914 833.200000 39198 0 1 99209 791 [],[604]
8.719868 833.400000 21100 0 1 99208 792 [],[12505]
8.720082 834.100000 72 0 1 99207 793 [],[199,1482,21439,40982]
8.723683 858.100000 12430 0 1 99206 794 [],[39198]
8.726573 858.500000 80362 0 1 99205 795 [],[17102]
8.728253 858.600000 51453 0 1 99204 796 [],[6]
8.729834 858.800000 4186 0 1 99203 797 [],[2]
8.734650 859.700000 14870 0 1 99202 798 [],[9876]
8.735379 859.900000 36213 0 1 99201 799 [],[2]
8.735497 859.900000 17167 0 1 99200 800 [],[9634]
8.736848 860.800000 84409 0 1 99199 801 [],[16548]
8.736876 860.800000 7897 0 1 99198 802 [],[3]
8.741217 861.200000 15307 0 1 99197 803 [],[7014]
8.741749 861.300000 28216 0 1 99196 804 [],[1482]
8.742290 861.300000 925 0 1 99195 805 [],[7]
8.744030 861.800000 42199 0 1 99194 806 [],[72,81]
8.745143 861.600000 16529 0 1 99193 807 [],[67096]
8.745696 861.800000 7164 0 1 99192 808 [],[1]
8.745945 861.900000 78843 0 1 99191 809 [],[1902]
8.747530 861.900000 69510 0 1 99190 810 [],[5]
8.748905 862.000000 7411 0 1 99189 811 [],[6832]
8.750352 862.200000 71242 0 1 99188 812 [],[6]
8.750562 862.300000 3161 0 1 99187 813 [],[21100,2]
8.752381 863.900000 26709 0 1 99186 814 [],[2]
8.753011 864.200000 11160 0 1 99185 815 [],[1818]
8.753754 865.800000 69173 0 1 99184 816 [],[2269]
8.754913 865.900000 11098 0 1 99183 817 [],[200]
8.755348 866.700000 3897 0 1 99182 818 [],[2]
8.755510 866.900000 104 0 1 99181 819 [],[81]
8.755732 869.300000 40477 0 1 99180 820 [],[10160]
8.757480 869.300000 39636 0 1 99179 821 [],[7]
8.759625 869.400000 63307 0 1 99178 822 [],[72]
8.759628 869.800000 7307 0 1 99177 823 [],[2500]
8.761472 870.000000 79327 0 1 99176 824 [],[330]
8.761643 870.000000 44202 0 1 99175 825 [],[103]
8.761809 870.000000 78344 0 1 99174 826 [],[1]
8.762693 870.100000 17135 0 1 99173 827 [],[10344]
8.763449 870.300000 23410 0 1 99172 828 [],[33,10503]
8.764521 870.100000 19046 0 1 99171 829 [],[7]
8.765708 870.200000 7832 0 1 99170 830 [],[187]
8.765959 871.300000 69458 0 1 99169 831 [],[67096]
8.766382 871.300000 66556 0 1 99168 832 [],[2068]
8.767019 871.300000 5399 0 1 99167 833 [],[2,7]
8.768039 871.700000 97529 0 1 99166 834 [],[2]
8.768711 871.700000 48762 0 1 99165 835 [],[39]
8.770156 871.700000 54580 0 1 99164 836 [],[23570]
8.771831 871.700000 20344 0 1 99163 837 [],[5]
8.774410 871.800000 13891 0 1 99162 838 [],[2]
8.775891 872.300000 15743 0 1 99161 839 [],[83220,1]
8.776098 872.900000 73721 0 1 99160 840 [],[2269]
8.778347 872.900000 56436 0 1 99159 841 [],[2]
8.779352 872.900000 61592 0 1 99158 842 [],[72]
8.779691 873.000000 4271 0 1 99157 843 [],[3]
8.780679 875.100000 8843 0 1 99156 844 [],[251]
8.780700 876.100000 32132 0 1 99155 845 [],[7]
8.780761 876.200000 16446 0 1 99154 846 [],[159]
8.781767 876.300000 11334 0 1 99153 847 [],[202]
8.786820 876.600000 946 0 1 99152 848 [],[1001]
8.791655 881.900000 842 0 1 99151 849 [],[5,6]
8.791808 883.100000 67170 0 1 99150 850 [],[7]
8.791855 883.200000 23793 0 1 99149 851 [],[103]
8.793409 883.500000 96650 0 1 99148 852 [],[2]
8.793434 883.500000 18249 0 1 99147 853 [],[28257,2]
8.794020 883.800000 80227 0 1 99146 854 [],[3]
8.795410 883.800000 10318 0 1 99145 855 [],[842]
8.795761 884.000000 77838 0 1 99144 856 [],[72]
8.796399 884.000000 3818 0 1 99143 857 [],[2301]
8.796635 884.300000 56177 0 1 99142 858 [],[27]
8.798470 884.600000 31049 0 1 99141 859 [],[16766]
8.799033 884.900000 53688 0 1 99140 860 [],[9088]
8.799787 884.900000 27064 0 1 99139 861 [],[7]
8.800030 885.100000 66894 0 1 99138 862 [],[6]
8.805435 885.100000 41135 0 1 99137 863 [],[905]
8.806166 885.200000 27818 0 1 99136 864 [],[2]
8.806440 885.600000 23021 0 1 99135 865 [],[946]
8.806625 885.600000 29012 0 1 99134 866 [],[7]
8.807066 885.800000 98779 0 1 99133 867 [],[86001]
8.807864 885.800000 8287 0 1 99132 868 [],[42937,81]
8.808227 886.800000 902 0 1 99131 869 [],[1]
8.808858 889.200000 6514 0 1 99130 870 [],[7]
8.810162 889.800000 11242 0 1 99129 871 [],[2]
8.811367 890.500000 30630 0 1 99128 872 [],[7]
8.813993 890.600000 27771 0 1 99127 873 [],[47329]
8.815501 891.100000 88530 0 1 99126 874 [],[27]
8.816497 891.100000 53800 0 1 99125 875 [],[49239]
8.819132 891.100000 3405 0 1 99124 876 [],[1313]
8.819457 891.100000 21303 0 1 99123 877 [],[3820]
8.819524 891.300000 19324 0 1 99122 878 [],[34840]
8.820869 891.700000 54757 0 1 99121 879 [],[6]
8.821331 891.700000 50113 0 1 99120 880 [],[7]
8.821957 891.700000 2309 0 1 99119 881 [],[3818]
8.821968 894.000000 94 0 1 99118 882 [],[1]
8.823982 895.400000 39591 0 1 99117 883 [],[7]
8.824607 895.400000 47155 0 1 99116 884 [],[296]
8.825867 895.400000 1182 0 1 99115 885 [],[12188,842,999]
8.827897 897.800000 8191 0 1 99114 886 [],[30]
8.828262 898.200000 4034 0 1 99113 887 [],[4271]
8.828519 900.000000 3999 0 1 99112 888 [],[16806]
8.828723 901.500000 11748 0 1 99111 889 [],[103]
8.829389 901.800000 89629 0 1 99110 890 [],[103]
8.830410 901.800000 46339 0 1 99109 891 [],[1]
8.831848 901.800000 46127 0 1 99108 892 [],[18234]
8.831891 901.800000 42983 0 1 99107 893 [],[2]
8.832325 902.000000 94752 0 1 99106 894 [],[16035]
8.832967 902.000000 454 0 1 99105 895 [],[1965]
8.832976 907.300000 76071 0 1 99104 896 [],[27]
8.833502 907.400000 52773 0 1 99103 897 [],[181]
8.834129 907.400000 6028 0 1 99102 898 [],[2]
8.835218 908.300000 2784 0 1 99101 899 [],[6207]
8.838337 909.900000 47581 0 1 99100 900 [],[1]
8.839201 909.900000 57855 0 1 99099 901 [],[1]
8.840734 910.000000 8447 0 1 99098 902 [],[6]
8.840963 910.300000 1539 0 1 99097 903 [],[1092]
8.841150 910.900000 3644 0 1 99096 904 [],[687]
8.844117 911.600000 2773 0 1 99095 905 [],[243]
8.845593 912.700000 82379 0 1 99094 906 [],[73]
8.846387 912.700000 12335 0 1 99093 907 [],[9368]
8.846672 912.800000 283 0 1 99092 908 [],[309,2776]
8.846991 915.800000 79680 0 1 99091 909 [],[39]
8.847043 915.800000 16479 0 1 99090 910 [],[3095]
8.847502 916.000000 23440 0 1 99089 911 [],[1026]
8.848121 916.000000 36260 0 1 99088 912 [],[72,21778]
8.848125 916.000000 23951 0 1 99087 913 [],[7]
8.848507 916.100000 2943 0 1 99086 914 [],[10755,6]
8.851180 917.800000 22014 0 1 99085 915 [],[3849]
8.854474 917.900000 55678 0 1 99084 916 [],[543]
8.854878 917.900000 21353 0 1 99083 917 [],[51017]
8.855483 918.700000 79296 0 1 99082 918 [],[72]
8.858899 918.700000 87517 0 1 99081 919 [],[1]
8.862227 918.700000 9587 0 1 99080 920 [],[443]
8.862244 919.300000 76248 0 1 99079 921 [],[7110]
8.862574 919.300000 12773 0 1 99078 922 [],[2]
8.865204 919.500000 30106 0 1 99077 923 [],[14840]
8.866542 919.600000 72953 0 1 99076 924 [],[58513]
8.868147 919.600000 153 0 1 99075 925 [],[251,0]
8.868604 920.900000 32008 0 1 99074 926 [],[2]
8.870107 921.000000 11959 0 1 99073 927 [],[13235,72]
8.871072 921.900000 97056 0 1 99072 928 [],[1177]
8.871457 921.900000 41708 0 1 99071 929 [],[21473]
8.871592 921.900000 81138 0 1 99070 930 [],[296]
8.871674 921.900000 33029 0 1 99069 931 [],[1]
8.872962 921.900000 34334 0 1 99068 932 [],[16446]
8.873423 922.100000 32033 0 1 99067 933 [],[492]
8.873944 922.100000 43065 0 1 99066 934 [],[1818]
8.875894 922.100000 81916 0 1 99065 935 [],[6972]
8.878911 922.200000 47992 0 1 99064 936 [],[72]
8.879047 922.200000 19642 0 1 99063 937 [],[72,17167]
8.881795 922.000000 18214 0 1 99062 938 [],[0]
8.882017 922.300000 64626 0 1 99061 939 [],[27229]
8.882964 922.400000 8154 0 1 99060 940 [],[84409]
8.884549 923.200000 94450 0 1 99059 941 [],[22183]
8.884614 923.200000 8578 0 1 99058 942 [],[72]
8.885496 923.400000 2938 0 1 99057 943 [],[309]
8.885918 924.600000 22273 0 1 99056 944 [],[72]
8.886154 924.600000 21215 0 1 99055 945 [],[27]
8.886657 924.800000 12750 0 1 99054 946 [],[1]
8.888353 925.300000 53901 0 1 99053 947 [],[94]
8.888799 925.300000 37029 0 1 99052 948 [],[30]
8.888813 925.500000 57215 0 1 99051 949 [],[2]
8.888955 925.600000 67023 0 1 99050 950 [],[946]
8.889596 925.600000 5074 0 1 99049 951 [],[5]
8.890552 926.400000 957 0 1 99048 952 [],[2]
8.892559 928.300000 7907 0 1 99047 953 [],[2500]
8.892912 928.600000 51030 0 1 99046 954 [],[31385]
8.893831 928.700000 11266 0 1 99045 955 [],[3]
8.894290 929.000000 68912 0 1 99044 956 [],[187]
8.894378 929.000000 62750 0 1 99043 957 [],[1229]
8.894536 929.100000 676 0 1 99042 958 [],[7]
8.894559 931.000000 22938 0 1 99041 959 [],[7]
8.894570 931.500000 44147 0 1 99040 960 [],[27]
8.895181 931.800000 16352 0 1 99039 961 [],[309]
8.895962 932.000000 90389 0 1 99038 962 [],[2]
8.901042 932.000000 30097 0 1 99037 963 [],[3]
8.902275 932.000000 16377 0 1 99036 964 [],[7669]
8.902594 932.300000 78902 0 1 99035 965 [],[30]
8.903014 932.300000 34282 0 1 99034 966 [],[1932]
8.904589 932.400000 32527 0 1 99033 967 [],[2]
8.906339 932.700000 67821 0 1 99032 968 [],[72]
8.911448 932.700000 12652 0 1 99031 969 [],[39]
8.914087 933.100000 9334 0 1 99030 970 [],[1,7]
8.915149 933.500000 7407 0 1 99029 971 [],[3]
8.919215 935.500000 84471 0 1 99028 972 [],[251]
8.919664 935.500000 95256 0 1 99027 973 [],[6]
8.920913 935.500000 69 0 1 99026 974 [],[145,5]
8.922140 946.000000 61382 0 1 99025 975 [],[10327]
8.922609 946.100000 59495 0 1 99024 976 [],[2578]
8.923246 946.100000 5501 0 1 99023 977 [],[72]
8.923564 947.000000 9180 0 1 99022 978 [],[3426]
8.924101 947.300000 72070 0 1 99021 979 [],[3128]
8.926379 947.400000 18472 0 1 99020 980 [],[2,27]
8.927734 947.200000 99428 0 1 99019 981 [],[251]
8.928691 947.200000 70859 0 1 99018 982 [],[7]
8.929742 947.200000 54784 0 1 99017 983 [],[18]
8.931564 947.200000 81721 0 1 99016 984 [],[999]
8.932119 947.200000 58262 0 1 99015 985 [],[1773]
8.933934 947.200000 99748 0 1 99014 986 [],[5]
8.934410 947.200000 16090 0 1 99013 987 [],[6]
8.935983 947.200000 4984 0 1 99012 988 [],[9368]
8.936767 948.900000 1044 0 1 99011 989 [],[3,81]
8.938362 949.700000 83315 0 1 99010 990 [],[2]
8.938440 949.800000 86693 0 1 99009 991 [],[12652]
8.939921 949.800000 5241 0 1 99008 992 [],[1370]
8.942104 949.800000 79981 0 1 99007 993 [],[1182]
8.942517 949.900000 97507 0 1 99006 994 [],[39392]
8.942863 949.900000 8145 0 1 99005 995 [],[2090]
8.942951 950.600000 60112 0 1 99004 996 [],[103]
8.943041 950.600000 6294 0 1 99003 997 [],[9139]
8.945042 951.400000 15073 0 1 99002 998 [],[1]
8.947238 951.500000 86646 0 1 99001 999 [],[31586]
8.949266 951.500000 73544 0 1 99000 1000 [],[3902]
