0.688986 0.200000 3286 0 1 99998 2 [],[99999]
1.065416 0.300000 2948 0 1 99997 3 [],[3286]
1.576268 1.800000 45942 0 1 99996 4 [],[2948]
2.011937 1.900000 31227 0 1 99995 5 [],[2948]
2.163974 2.100000 22535 0 1 99994 6 [],[2948]
2.506126 2.400000 22968 0 1 99993 7 [],[2948]
2.586694 2.500000 623 0 1 99992 8 [],[2948]
2.646607 3.900000 3366 0 1 99991 9 [],[623]
3.302591 4.800000 62180 0 1 99990 10 [],[31227]
3.430027 4.800000 4364 0 1 99989 11 [],[62180]
3.452273 6.100000 88731 0 1 99988 12 [],[3366]
3.670016 6.100000 36342 0 1 99987 13 [],[3366]
3.681075 6.100000 354 0 1 99986 14 [],[2948]
3.837390 8.200000 80717 0 1 99985 15 [],[623]
3.854361 8.200000 58925 0 1 99984 16 [],[623]
3.857831 8.200000 737 0 1 99983 17 [],[354]
3.967219 10.300000 74263 0 1 99982 18 [],[4364]
4.114644 10.300000 73395 0 1 99981 19 [],[623]
4.168209 10.300000 87854 0 1 99980 20 [],[2948]
4.217664 10.300000 48238 0 1 99979 21 [],[737]
4.415630 10.300000 56873 0 1 99978 22 [],[623]
4.495961 10.300000 68 0 1 99977 23 [],[4364,58925]
4.518695 37.000000 73430 0 1 99976 24 [],[68]
4.537458 37.000000 56985 0 1 99975 25 [],[68]
4.588820 37.100000 28936 0 1 99974 26 [],[68]
4.634639 37.200000 50886 0 1 99973 27 [],[68]
4.680476 37.300000 19439 0 1 99972 28 [],[737]
4.682107 37.500000 420 0 1 99971 29 [],[3366]
4.686878 40.800000 83709 0 1 99970 30 [],[68]
4.705814 40.800000 67011 0 1 99969 31 [],[68]
4.753570 40.800000 96654 0 1 99968 32 [],[2948]
4.770732 40.800000 378 0 1 99967 33 [],[623]
4.774757 45.100000 151 0 1 99966 34 [],[68]
4.776937 53.200000 32713 0 1 99965 35 [],[68]
4.785693 53.300000 19 0 1 99964 36 [],[378]
4.786940 58.900000 2424 0 1 99963 37 [],[68]
4.808410 61.500000 23582 0 1 99962 38 [],[354]
4.822298 61.700000 1359 0 1 99961 39 [],[378]
4.841406 62.200000 28904 0 1 99960 40 [],[354]
4.858452 62.200000 88120 0 1 99959 41 [],[151]
4.872615 62.200000 4967 0 1 99958 42 [],[151]
4.878086 63.000000 4129 0 1 99957 43 [],[19]
4.909925 63.000000 12828 0 1 99956 44 [],[151]
4.921889 63.700000 72035 0 1 99955 45 [],[80717]
4.928752 63.800000 99576 0 1 99954 46 [],[378]
4.930466 63.800000 44741 0 1 99953 47 [],[151]
4.941585 63.800000 89192 0 1 99952 48 [],[378]
4.944429 63.800000 30887 0 1 99951 49 [],[151]
4.953411 63.900000 2464 0 1 99950 50 [],[68]
4.962778 65.800000 77502 0 1 99949 51 [],[420]
4.974913 65.800000 58512 0 1 99948 52 [],[72035]
4.990262 65.900000 17281 0 1 99947 53 [],[68]
4.995315 66.000000 8173 0 1 99946 54 [],[68]
5.003758 66.500000 68199 0 1 99945 55 [],[68]
5.014199 66.600000 2122 0 1 99944 56 [],[19]
5.019368 68.000000 22902 0 1 99943 57 [],[68]
5.035607 68.000000 67699 0 1 99942 58 [],[2948]
5.054203 68.000000 30076 0 1 99941 59 [],[68]
5.070385 68.700000 20 0 1 99940 60 [],[19]
5.072714 75.800000 34191 0 1 99939 61 [],[68]
5.085514 76.000000 25985 0 1 99938 62 [],[2122]
5.100469 76.000000 10223 0 1 99937 63 [],[68]
5.111606 76.300000 1499 0 1 99936 64 [],[19439]
5.153469 77.600000 20286 0 1 99935 65 [],[2464]
5.161148 77.800000 24832 0 1 99934 66 [],[737]
5.178698 77.800000 9394 0 1 99933 67 [],[68]
5.188771 78.300000 77226 0 1 99932 68 [],[30076]
5.193479 78.300000 59802 0 1 99931 69 [],[420]
5.207038 78.300000 92237 0 1 99930 70 [],[68]
5.208106 78.300000 34492 0 1 99929 71 [],[68]
5.223621 78.500000 51374 0 1 99928 72 [],[2424]
5.226552 78.500000 73617 0 1 99927 73 [],[87854]
5.230712 78.600000 14980 0 1 99926 74 [],[99999]
5.236132 78.900000 28733 0 1 99925 75 [],[151]
5.245449 78.900000 2838 0 1 99924 76 [],[68]
5.294480 79.400000 3535 0 1 99923 77 [],[68]
5.310330 79.700000 3462 0 1 99922 78 [],[623]
5.356074 80.600000 73563 0 1 99921 79 [],[151]
5.380842 80.600000 18767 0 1 99920 80 [],[9394]
5.390778 80.700000 95825 0 1 99919 81 [],[12828]
5.412790 80.700000 6 0 1 99918 82 [],[20,1359]
5.421854 123.200000 86103 0 1 99917 83 [],[19]
5.426320 123.200000 428 0 1 99916 84 [],[6]
5.428420 123.900000 42396 0 1 99915 85 [],[6]
5.438108 123.900000 55573 0 1 99914 86 [],[2122]
5.459433 124.000000 77239 0 1 99913 87 [],[6]
5.459604 124.000000 51914 0 1 99912 88 [],[6]
5.460206 124.000000 7537 0 1 99911 89 [],[6]
5.481190 124.900000 63612 0 1 99910 90 [],[151]
5.483282 124.900000 73451 0 1 99909 91 [],[6]
5.485402 125.000000 55711 0 1 99908 92 [],[73451]
5.486440 125.200000 1100 0 1 99907 93 [],[6]
5.499176 126.700000 71187 0 1 99906 94 [],[1499]
5.504819 126.900000 53 0 1 99905 95 [],[354,4364]
5.505682 142.400000 83319 0 1 99904 96 [],[68]
5.507340 142.400000 2366 0 1 99903 97 [],[68]
5.512558 142.500000 16168 0 1 99902 98 [],[6]
5.522419 142.600000 4533 0 1 99901 99 [],[6]
5.533548 142.600000 86609 0 1 99900 100 [],[34191]
5.544591 142.600000 8165 0 1 99899 101 [],[53]
5.548583 142.800000 75950 0 1 99898 102 [],[3366]
5.549333 142.900000 32832 0 1 99897 103 [],[53]
5.561726 143.100000 5587 0 1 99896 104 [],[6]
5.563876 143.900000 204 0 1 99895 105 [],[151]
5.566331 144.500000 96673 0 1 99894 106 [],[2424]
5.571499 144.500000 33136 0 1 99893 107 [],[151]
5.574839 144.700000 4687 0 1 99892 108 [],[14980,20]
5.583629 146.300000 24126 0 1 99891 109 [],[6]
5.585712 146.300000 9669 0 1 99890 110 [],[20]
5.586463 146.900000 45 0 1 99889 111 [],[53,2464]
5.586829 173.500000 51209 0 1 99888 112 [],[53]
5.590088 173.500000 6724 0 1 99887 113 [],[6]
5.602001 174.700000 90655 0 1 99886 114 [],[6]
5.609360 174.700000 3183 0 1 99885 115 [],[19]
5.629822 174.900000 62557 0 1 99884 116 [],[204]
5.633042 174.900000 35162 0 1 99883 117 [],[19]
5.633559 175.200000 44089 0 1 99882 118 [],[378]
5.637523 175.200000 43718 0 1 99881 119 [],[8173]
5.639640 175.400000 76783 0 1 99880 120 [],[45]
5.639896 175.400000 5643 0 1 99879 121 [],[68]
5.640873 176.500000 65247 0 1 99878 122 [],[53]
5.643075 176.600000 1863 0 1 99877 123 [],[6]
5.645266 177.000000 24955 0 1 99876 124 [],[45]
5.646601 177.200000 22122 0 1 99875 125 [],[6]
5.678150 177.400000 53954 0 1 99874 126 [],[45]
5.681712 177.500000 5500 0 1 99873 127 [],[6]
5.686327 177.600000 16913 0 1 99872 128 [],[6]
5.696298 178.000000 6790 0 1 99871 129 [],[6]
5.708868 178.400000 17686 0 1 99870 130 [],[68]
5.711349 178.500000 41474 0 1 99869 131 [],[6]
5.713184 178.800000 15425 0 1 99868 132 [],[6]
5.714177 178.800000 35016 0 1 99867 133 [],[68]
5.714494 179.000000 92257 0 1 99866 134 [],[4967]
5.724039 179.000000 26398 0 1 99865 135 [],[68]
5.726182 179.300000 58109 0 1 99864 136 [],[5587]
5.726539 179.400000 3430 0 1 99863 137 [],[15425]
5.727602 179.800000 6825 0 1 99862 138 [],[68]
5.730818 180.400000 15854 0 1 99861 139 [],[16913]
5.732337 181.200000 10190 0 1 99860 140 [],[6]
5.735122 181.200000 38085 0 1 99859 141 [],[45]
5.741231 181.500000 17 0 1 99858 142 [],[623]
5.743752 194.900000 86990 0 1 99857 143 [],[378]
5.743921 194.900000 54409 0 1 99856 144 [],[9669]
5.744552 195.100000 22724 0 1 99855 145 [],[17]
5.750776 195.300000 16999 0 1 99854 146 [],[17]
5.753089 195.800000 7 0 1 99853 147 [],[17,14980,6]
5.755127 243.600000 1878 0 1 99852 148 [],[68]
5.755272 244.500000 4621 0 1 99851 149 [],[6]
5.762604 245.200000 51670 0 1 99850 150 [],[7]
5.768331 245.200000 21964 0 1 99849 151 [],[378]
5.770483 245.200000 70940 0 1 99848 152 [],[420]
5.770526 245.200000 9412 0 1 99847 153 [],[51670]
5.780059 245.800000 67831 0 1 99846 154 [],[6]
5.783425 245.800000 2197 0 1 99845 155 [],[6]
5.787146 247.200000 179 0 1 99844 156 [],[7]
5.787684 250.900000 13703 0 1 99843 157 [],[6]
5.787825 251.600000 2870 0 1 99842 158 [],[6]
5.790753 251.900000 98718 0 1 99841 159 [],[45]
5.807236 251.900000 8818 0 1 99840 160 [],[68,6724]
5.810770 251.900000 95432 0 1 99839 161 [],[68]
5.812294 251.900000 48789 0 1 99838 162 [],[6]
5.813801 251.900000 14085 0 1 99837 163 [],[737]
5.818144 251.900000 1074 0 1 99836 164 [],[179]
5.819197 257.000000 39 0 1 99835 165 [],[420]
5.822565 263.800000 38228 0 1 99834 166 [],[6]
5.822809 264.000000 45648 0 1 99833 167 [],[179]
5.826641 264.000000 12338 0 1 99832 168 [],[45]
5.827629 264.300000 4283 0 1 99831 169 [],[7]
5.829863 264.900000 13162 0 1 99830 170 [],[6]
5.831125 265.300000 43060 0 1 99829 171 [],[20286]
5.834933 265.400000 14262 0 1 99828 172 [],[68]
5.837881 265.800000 3295 0 1 99827 173 [],[6]
5.839584 268.800000 499 0 1 99826 174 [],[7]
5.840839 270.400000 7452 0 1 99825 175 [],[5643]
5.841589 271.800000 38913 0 1 99824 176 [],[53]
5.848810 272.100000 83969 0 1 99823 177 [],[7]
5.850454 272.100000 87159 0 1 99822 178 [],[17]
5.852476 272.100000 10522 0 1 99821 179 [],[9394]
5.858750 272.500000 34900 0 1 99820 180 [],[7]
5.867423 272.500000 11904 0 1 99819 181 [],[6]
5.869470 272.900000 3413 0 1 99818 182 [],[3295]
5.869550 273.300000 45897 0 1 99817 183 [],[45]
5.872052 273.400000 95290 0 1 99816 184 [],[45]
5.873908 273.400000 10311 0 1 99815 185 [],[10522]
5.878457 274.400000 17494 0 1 99814 186 [],[151]
5.878498 274.900000 50381 0 1 99813 187 [],[68]
5.879139 274.900000 43638 0 1 99812 188 [],[13703]
5.881032 275.200000 2647 0 1 99811 189 [],[39]
5.885053 277.100000 26976 0 1 99810 190 [],[378]
5.888610 277.100000 25530 0 1 99809 191 [],[6]
5.893103 277.400000 19006 0 1 99808 192 [],[39]
5.898056 277.600000 402 0 1 99807 193 [],[53]
5.898651 279.500000 9417 0 1 99806 194 [],[45]
5.898764 279.600000 92415 0 1 99805 195 [],[7]
5.904215 279.600000 81550 0 1 99804 196 [],[6]
5.911447 279.600000 4185 0 1 99803 197 [],[7]
5.911996 279.700000 10674 0 1 99802 198 [],[1074]
5.914256 280.000000 23034 0 1 99801 199 [],[28733,402]
5.917274 280.200000 89236 0 1 99800 200 [],[6]
