1.374767 0.200000 75 0 1 99998 2 [],[99999]
1.437448 9.100000 20353 0 1 99997 3 [],[75]
1.779824 9.500000 3842 0 1 99996 4 [],[75]
1.815728 10.100000 1403 0 1 99995 5 [],[75]
1.963590 11.200000 1618 0 1 99994 6 [],[75]
2.034654 12.000000 9207 0 1 99993 7 [],[1403]
2.125722 12.800000 31673 0 1 99992 8 [],[75]
2.130722 12.900000 3017 0 1 99991 9 [],[75]
2.143114 15.100000 55261 0 1 99990 10 [],[1403]
2.164449 15.100000 7030 0 1 99989 11 [],[75]
2.246442 15.700000 30629 0 1 99988 12 [],[3017]
2.300484 15.700000 47227 0 1 99987 13 [],[75]
2.301205 15.700000 4698 0 1 99986 14 [],[75]
2.314310 16.500000 35223 0 1 99985 15 [],[20353]
2.378859 16.700000 896 0 1 99984 16 [],[20353]
2.436641 17.800000 79920 0 1 99983 17 [],[75]
2.508307 17.800000 58309 0 1 99982 18 [],[75]
2.542314 17.800000 22925 0 1 99981 19 [],[58309]
2.549649 18.100000 36639 0 1 99980 20 [],[896]
2.737844 18.100000 97416 0 1 99979 21 [],[1403]
2.739015 18.100000 2766 0 1 99978 22 [],[55261]
2.774790 20.600000 41168 0 1 99977 23 [],[75]
2.800460 20.800000 98305 0 1 99976 24 [],[7030]
2.872871 20.800000 15248 0 1 99975 25 [],[99999]
2.884047 21.000000 64 0 1 99974 26 [],[75]
2.885476 43.000000 87691 0 1 99973 27 [],[64]
2.943748 43.000000 34181 0 1 99972 28 [],[75]
2.954719 43.200000 835 0 1 99971 29 [],[64]
2.979693 48.400000 34322 0 1 99970 30 [],[75]
2.982137 48.500000 34943 0 1 99969 31 [],[64]
2.987595 48.600000 13153 0 1 99968 32 [],[1618]
3.000267 48.700000 5911 0 1 99967 33 [],[64]
3.006842 49.200000 79405 0 1 99966 34 [],[2766]
3.012307 49.200000 19950 0 1 99965 35 [],[75]
3.015021 49.800000 2504 0 1 99964 36 [],[64]
3.023858 50.600000 98129 0 1 99963 37 [],[64]
3.024002 50.600000 11748 0 1 99962 38 [],[835]
3.030389 51.200000 1806 0 1 99961 39 [],[64]
3.033797 51.600000 7859 0 1 99960 40 [],[64]
3.040080 51.800000 87576 0 1 99959 41 [],[5911]
3.079132 51.800000 65842 0 1 99958 42 [],[64]
3.098226 51.900000 74740 0 1 99957 43 [],[64]
3.104499 51.900000 9623 0 1 99956 44 [],[75]
3.116005 52.300000 29018 0 1 99955 45 [],[64]
3.121356 52.300000 56233 0 1 99954 46 [],[1403]
3.122000 52.600000 16673 0 1 99953 47 [],[75]
3.166760 52.600000 8359 0 1 99952 48 [],[64]
3.174587 52.900000 51530 0 1 99951 49 [],[75]
3.197675 53.000000 9810 0 1 99950 50 [],[64]
3.204031 54.400000 6788 0 1 99949 51 [],[75]
3.229724 55.200000 24131 0 1 99948 52 [],[9810]
3.241085 55.300000 60 0 1 99947 53 [],[64]
3.247219 63.400000 80304 0 1 99946 54 [],[64]
3.345655 63.400000 27845 0 1 99945 55 [],[60]
3.346244 63.500000 70402 0 1 99944 56 [],[75]
3.356448 63.500000 29715 0 1 99943 57 [],[36639]
3.367431 63.600000 21713 0 1 99942 58 [],[60]
3.368463 63.600000 26003 0 1 99941 59 [],[64]
3.382416 63.800000 21146 0 1 99940 60 [],[7030]
3.386322 64.200000 344 0 1 99939 61 [],[64]
3.402975 66.200000 27309 0 1 99938 62 [],[60]
3.411912 66.300000 62825 0 1 99937 63 [],[98305]
3.414036 66.600000 6063 0 1 99936 64 [],[64]
3.415151 66.900000 95077 0 1 99935 65 [],[64]
3.458237 66.900000 3153 0 1 99934 66 [],[7859]
3.461078 69.900000 87567 0 1 99933 67 [],[3017]
3.523275 69.900000 19294 0 1 99932 68 [],[19950]
3.527296 70.500000 16389 0 1 99931 69 [],[75]
3.531856 70.700000 86397 0 1 99930 70 [],[75]
3.532021 70.700000 10830 0 1 99929 71 [],[3153]
3.535258 72.300000 74981 0 1 99928 72 [],[64]
3.537423 72.400000 4330 0 1 99927 73 [],[15248]
3.568405 73.000000 7261 0 1 99926 74 [],[64]
3.575988 74.000000 61012 0 1 99925 75 [],[56233]
3.578908 74.000000 2347 0 1 99924 76 [],[60]
3.584003 74.800000 17528 0 1 99923 77 [],[21146]
3.586951 75.400000 34720 0 1 99922 78 [],[17528]
3.605674 75.600000 20428 0 1 99921 79 [],[7030]
3.615404 75.800000 95921 0 1 99920 80 [],[10830]
3.661521 75.800000 31363 0 1 99919 81 [],[35223]
3.665200 76.200000 33259 0 1 99918 82 [],[64]
3.669577 76.200000 53749 0 1 99917 83 [],[95077]
3.670873 76.300000 66048 0 1 99916 84 [],[64]
3.671742 76.300000 41475 0 1 99915 85 [],[344]
3.700119 76.400000 20213 0 1 99914 86 [],[9207]
3.709536 76.700000 25138 0 1 99913 87 [],[75]
3.709629 76.900000 21537 0 1 99912 88 [],[75]
3.730545 77.800000 19601 0 1 99911 89 [],[3017]
3.735928 77.800000 21833 0 1 99910 90 [],[2766]
3.736391 78.500000 58123 0 1 99909 91 [],[835]
3.740091 78.600000 37 0 1 99908 92 [],[60,22925]
3.744085 98.400000 14638 0 1 99907 93 [],[27845]
3.753347 98.900000 58648 0 1 99906 94 [],[60]
3.769725 98.900000 10175 0 1 99905 95 [],[835]
3.787988 99.000000 11529 0 1 99904 96 [],[64]
3.792823 99.200000 56922 0 1 99903 97 [],[6788]
3.796340 99.200000 18312 0 1 99902 98 [],[2504]
3.819723 99.600000 10264 0 1 99901 99 [],[60]
3.837792 100.200000 15494 0 1 99900 100 [],[37]
3.840884 100.200000 53815 0 1 99899 101 [],[835]
3.848534 100.200000 85283 0 1 99898 102 [],[37]
3.850354 100.200000 33680 0 1 99897 103 [],[3153]
3.870234 100.500000 43481 0 1 99896 104 [],[60]
3.876551 100.500000 55820 0 1 99895 105 [],[35223]
3.880648 100.600000 61380 0 1 99894 106 [],[37]
3.895851 100.600000 24487 0 1 99893 107 [],[64,75]
3.900805 100.400000 16069 0 1 99892 108 [],[37]
3.903454 100.700000 5214 0 1 99891 109 [],[37]
3.910474 101.400000 9130 0 1 99890 110 [],[3842]
3.912377 101.400000 2756 0 1 99889 111 [],[60]
3.924553 102.200000 59041 0 1 99888 112 [],[37]
3.932128 102.500000 25247 0 1 99887 113 [],[64]
3.944783 102.700000 39848 0 1 99886 114 [],[37]
3.946237 102.800000 47336 0 1 99885 115 [],[37]
3.973622 102.800000 87583 0 1 99884 116 [],[21537]
3.992608 102.800000 37883 0 1 99883 117 [],[835]
3.995330 103.200000 81035 0 1 99882 118 [],[21833]
4.000085 103.200000 22190 0 1 99881 119 [],[37]
4.005548 103.200000 3324 0 1 99880 120 [],[3153]
4.006452 103.900000 87299 0 1 99879 121 [],[75]
4.010882 103.900000 7455 0 1 99878 122 [],[37]
4.027638 104.500000 13183 0 1 99877 123 [],[2766]
4.036018 104.700000 57637 0 1 99876 124 [],[1618]
4.036831 104.700000 71873 0 1 99875 125 [],[60]
4.042378 104.700000 4712 0 1 99874 126 [],[37]
4.044263 105.500000 17145 0 1 99873 127 [],[60]
4.049645 105.500000 18970 0 1 99872 128 [],[9623]
4.054792 105.600000 72336 0 1 99871 129 [],[37]
4.062400 105.700000 15783 0 1 99870 130 [],[64]
4.063723 105.900000 39053 0 1 99869 131 [],[4698]
4.080521 106.000000 57065 0 1 99868 132 [],[64]
4.091958 106.000000 78705 0 1 99867 133 [],[835]
4.093258 106.100000 181 0 1 99866 134 [],[64]
4.105762 107.400000 41866 0 1 99865 135 [],[64]
4.119088 107.700000 3777 0 1 99864 136 [],[344]
4.120562 108.900000 81367 0 1 99863 137 [],[31363]
4.131465 108.900000 1862 0 1 99862 138 [],[37]
4.132853 109.700000 9516 0 1 99861 139 [],[2766]
4.139328 110.200000 39601 0 1 99860 140 [],[37]
4.145441 110.200000 9831 0 1 99859 141 [],[30629]
4.148521 111.900000 12760 0 1 99858 142 [],[31363]
4.170630 113.000000 15150 0 1 99857 143 [],[64]
4.173692 113.300000 91339 0 1 99856 144 [],[1403]
4.176044 113.300000 16426 0 1 99855 145 [],[37]
4.178135 113.600000 71929 0 1 99854 146 [],[2347]
4.193621 113.600000 31463 0 1 99853 147 [],[9207]
4.204903 113.800000 41037 0 1 99852 148 [],[37]
4.210226 113.800000 40209 0 1 99851 149 [],[37]
4.214218 113.900000 10244 0 1 99850 150 [],[75]
4.214792 113.900000 62183 0 1 99849 151 [],[25247]
4.225973 114.200000 98183 0 1 99848 152 [],[37]
4.228684 114.300000 10325 0 1 99847 153 [],[3777]
4.261852 114.400000 42643 0 1 99846 154 [],[37]
4.263207 114.400000 7299 0 1 99845 155 [],[835]
4.268613 115.800000 71085 0 1 99844 156 [],[75]
4.273233 115.800000 7258 0 1 99843 157 [],[2766]
4.279230 115.900000 24633 0 1 99842 158 [],[58648]
4.287434 116.100000 36554 0 1 99841 159 [],[9516]
4.291145 116.300000 68542 0 1 99840 160 [],[37]
4.297552 116.300000 2 0 1 99839 161 [],[2756,3324]
4.299228 232.400000 9826 0 1 99838 162 [],[60]
4.300377 233.300000 90943 0 1 99837 163 [],[2]
4.302913 233.300000 16150 0 1 99836 164 [],[64]
4.306149 233.600000 92319 0 1 99835 165 [],[9831]
4.307097 233.600000 15756 0 1 99834 166 [],[60]
4.307682 234.100000 42030 0 1 99833 167 [],[3017]
4.308696 234.300000 1285 0 1 99832 168 [],[2]
4.310358 234.300000 2533 0 1 99831 169 [],[2]
4.312737 235.200000 13957 0 1 99830 170 [],[2]
4.317490 235.300000 41173 0 1 99829 171 [],[9831]
4.319105 235.600000 53887 0 1 99828 172 [],[2]
4.323062 235.600000 882 0 1 99827 173 [],[2]
4.329060 237.100000 33601 0 1 99826 174 [],[2]
4.329501 237.200000 31466 0 1 99825 175 [],[5214]
4.333672 237.200000 33753 0 1 99824 176 [],[2]
4.345709 237.300000 33074 0 1 99823 177 [],[3017]
4.349604 237.700000 1639 0 1 99822 178 [],[37]
4.350520 239.600000 55087 0 1 99821 179 [],[34181]
4.352197 239.600000 65936 0 1 99820 180 [],[37]
4.355104 239.600000 25951 0 1 99819 181 [],[2]
4.360394 239.800000 46806 0 1 99818 182 [],[37]
4.373413 239.800000 38621 0 1 99817 183 [],[2]
4.380646 239.800000 83984 0 1 99816 184 [],[1403]
4.383621 239.800000 20543 0 1 99815 185 [],[15150]
4.385296 240.000000 24153 0 1 99814 186 [],[4330]
4.388218 240.100000 24435 0 1 99813 187 [],[64]
4.400374 240.300000 1434 0 1 99812 188 [],[6788]
4.408365 240.900000 12570 0 1 99811 189 [],[1862]
4.409805 241.400000 85567 0 1 99810 190 [],[33074]
4.413787 241.500000 36162 0 1 99809 191 [],[62825]
4.416328 241.600000 47513 0 1 99808 192 [],[2]
4.417322 241.600000 5516 0 1 99807 193 [],[64]
4.435024 242.000000 36098 0 1 99806 194 [],[20543]
4.451277 242.100000 14935 0 1 99805 195 [],[882]
4.452197 242.100000 80 0 1 99804 196 [],[9130]
4.453658 246.200000 1166 0 1 99803 197 [],[2]
4.453688 248.000000 643 0 1 99802 198 [],[2]
4.454310 250.600000 3584 0 1 99801 199 [],[64]
4.459299 251.100000 18133 0 1 99800 200 [],[9831]
4.463944 251.800000 50327 0 1 99799 201 [],[65936]
4.470331 251.900000 23868 0 1 99798 202 [],[2]
4.473402 251.900000 71905 0 1 99797 203 [],[2]
4.473715 252.100000 81 0 1 99796 204 [],[16426,37]
4.474969 260.300000 397 0 1 99795 205 [],[2]
4.485137 263.700000 603 0 1 99794 206 [],[2]
4.487631 270.200000 48324 0 1 99793 207 [],[60]
4.491660 270.200000 54009 0 1 99792 208 [],[5911]
4.495183 270.200000 12416 0 1 99791 209 [],[60]
4.501465 270.700000 74891 0 1 99790 210 [],[2]
4.504683 270.700000 13433 0 1 99789 211 [],[6788]
4.509905 270.700000 5598 0 1 99788 212 [],[81]
4.510938 271.000000 53784 0 1 99787 213 [],[2]
4.515138 271.000000 36260 0 1 99786 214 [],[2]
4.516064 271.300000 48 0 1 99785 215 [],[81]
4.517289 294.800000 20362 0 1 99784 216 [],[5598]
4.518844 294.800000 60037 0 1 99783 217 [],[21833]
4.523524 294.800000 53188 0 1 99782 218 [],[64]
4.528168 294.800000 38418 0 1 99781 219 [],[81]
4.529020 294.800000 58710 0 1 99780 220 [],[81035]
4.529069 294.900000 2412 0 1 99779 221 [],[81]
4.533222 295.300000 41285 0 1 99778 222 [],[11748]
4.537232 295.500000 56941 0 1 99777 223 [],[48]
4.537638 295.500000 85856 0 1 99776 224 [],[2]
4.540731 295.500000 5354 0 1 99775 225 [],[12760]
4.544338 296.100000 71029 0 1 99774 226 [],[9810]
4.547341 296.100000 36496 0 1 99773 227 [],[2]
4.548403 296.200000 64652 0 1 99772 228 [],[9810]
4.554099 296.300000 4126 0 1 99771 229 [],[2,1403]
4.558276 296.800000 331 0 1 99770 230 [],[2]
4.558599 299.700000 45887 0 1 99769 231 [],[2]
4.558704 300.200000 58157 0 1 99768 232 [],[37]
4.566337 300.300000 438 0 1 99767 233 [],[2]
4.569498 303.300000 2523 0 1 99766 234 [],[2]
4.572867 306.300000 59039 0 1 99765 235 [],[2]
4.573095 306.300000 45567 0 1 99764 236 [],[64]
4.573340 306.400000 40042 0 1 99763 237 [],[59041]
4.576802 306.600000 50026 0 1 99762 238 [],[10830]
4.579877 306.600000 2175 0 1 99761 239 [],[2]
4.583383 306.800000 90102 0 1 99760 240 [],[3153]
4.586784 306.800000 2160 0 1 99759 241 [],[4330]
4.593420 308.300000 4445 0 1 99758 242 [],[48]
4.594158 309.200000 42719 0 1 99757 243 [],[2]
4.595971 309.200000 11 0 1 99756 244 [],[75,42643,2]
4.599264 341.400000 51360 0 1 99755 245 [],[9831]
4.606708 341.500000 11822 0 1 99754 246 [],[37]
4.614300 341.500000 20741 0 1 99753 247 [],[11]
4.618771 341.700000 18098 0 1 99752 248 [],[1166]
4.620720 342.200000 70795 0 1 99751 249 [],[12760]
4.621070 342.200000 3899 0 1 99750 250 [],[4698]
4.632935 344.200000 638 0 1 99749 251 [],[60]
4.636874 345.700000 24176 0 1 99748 252 [],[16150]
4.640779 345.800000 23246 0 1 99747 253 [],[2]
4.641498 345.800000 94035 0 1 99746 254 [],[11]
4.642149 345.800000 54290 0 1 99745 255 [],[34720]
4.643189 345.800000 73624 0 1 99744 256 [],[2]
4.646223 345.900000 81780 0 1 99743 257 [],[64]
4.646434 346.000000 23112 0 1 99742 258 [],[3017]
4.654227 346.300000 69905 0 1 99741 259 [],[48]
4.655536 346.400000 54647 0 1 99740 260 [],[21146]
4.662546 346.600000 45495 0 1 99739 261 [],[2160]
4.664541 346.700000 11657 0 1 99738 262 [],[48]
4.666084 347.000000 40565 0 1 99737 263 [],[2]
4.666934 347.000000 61993 0 1 99736 264 [],[64]
4.671233 347.100000 48721 0 1 99735 265 [],[2]
4.674954 347.100000 56574 0 1 99734 266 [],[7261]
4.676437 347.100000 2820 0 1 99733 267 [],[48]
4.678287 347.400000 322 0 1 99732 268 [],[41037]
4.678390 356.100000 8947 0 1 99731 269 [],[81]
4.680970 356.500000 75116 0 1 99730 270 [],[2]
4.682484 356.500000 81744 0 1 99729 271 [],[37]
4.682918 356.500000 94741 0 1 99728 272 [],[397]
4.683593 356.500000 31018 0 1 99727 273 [],[2]
4.686451 356.800000 5950 0 1 99726 274 [],[48]
4.688494 357.700000 81869 0 1 99725 275 [],[48]
4.688721 357.700000 51732 0 1 99724 276 [],[75]
4.689251 357.800000 2503 0 1 99723 277 [],[11]
4.690184 357.800000 71712 0 1 99722 278 [],[2]
4.690662 357.900000 36810 0 1 99721 279 [],[3153]
4.694266 357.900000 70922 0 1 99720 280 [],[87299]
4.697560 358.000000 68988 0 1 99719 281 [],[2]
4.698252 358.000000 23842 0 1 99718 282 [],[48]
4.698630 358.200000 8759 0 1 99717 283 [],[75116]
4.698791 358.600000 2900 0 1 99716 284 [],[11]
4.700489 359.300000 90352 0 1 99715 285 [],[21833]
4.703052 359.300000 64983 0 1 99714 286 [],[8759]
4.705485 359.400000 27916 0 1 99713 287 [],[3899]
4.709730 359.400000 61081 0 1 99712 288 [],[2]
4.713296 359.400000 26867 0 1 99711 289 [],[1618]
4.719198 359.600000 3591 0 1 99710 290 [],[11]
4.720760 360.600000 257 0 1 99709 291 [],[2]
4.721927 361.600000 58307 0 1 99708 292 [],[2]
4.724791 361.600000 37511 0 1 99707 293 [],[2]
4.728124 362.000000 1007 0 1 99706 294 [],[2]
4.747914 362.800000 1307 0 1 99705 295 [],[2]
4.748077 362.900000 13086 0 1 99704 296 [],[2]
4.748119 364.100000 5752 0 1 99703 297 [],[80]
4.753364 364.600000 85230 0 1 99702 298 [],[2]
4.753546 364.600000 28089 0 1 99701 299 [],[322]
4.754761 364.700000 55211 0 1 99700 300 [],[2,31363]
4.755769 364.500000 54839 0 1 99699 301 [],[322]
4.759923 364.600000 53397 0 1 99698 302 [],[2]
4.761506 364.600000 11331 0 1 99697 303 [],[75]
4.768309 364.800000 4706 0 1 99696 304 [],[2]
4.770851 366.200000 74281 0 1 99695 305 [],[2]
4.772700 366.300000 58717 0 1 99694 306 [],[2]
4.773548 366.400000 38912 0 1 99693 307 [],[37]
4.773774 366.500000 87775 0 1 99692 308 [],[11]
4.783545 366.500000 19054 0 1 99691 309 [],[38621]
4.783622 366.900000 5892 0 1 99690 310 [],[2]
4.786377 367.000000 1332 0 1 99689 311 [],[11]
4.789952 367.200000 23870 0 1 99688 312 [],[31018]
4.790679 367.600000 85018 0 1 99687 313 [],[7258]
4.794081 367.600000 42432 0 1 99686 314 [],[11]
4.794589 367.600000 18739 0 1 99685 315 [],[1639]
4.795736 367.700000 22303 0 1 99684 316 [],[896]
4.795931 367.800000 27514 0 1 99683 317 [],[2]
4.798234 367.800000 31255 0 1 99682 318 [],[11]
4.803487 368.300000 12562 0 1 99681 319 [],[1166]
4.805682 368.700000 2432 0 1 99680 320 [],[71873,2]
4.810608 370.600000 72743 0 1 99679 321 [],[2]
4.816522 370.600000 665 0 1 99678 322 [],[48]
4.817992 371.100000 16769 0 1 99677 323 [],[11]
4.818428 372.100000 73533 0 1 99676 324 [],[2]
4.819820 372.100000 85186 0 1 99675 325 [],[20741]
4.822766 372.100000 22067 0 1 99674 326 [],[4706]
4.822960 372.200000 15458 0 1 99673 327 [],[11]
4.823089 372.400000 13870 0 1 99672 328 [],[81]
4.826086 372.600000 23292 0 1 99671 329 [],[5911]
4.833643 372.700000 11994 0 1 99670 330 [],[37]
4.837137 373.100000 5908 0 1 99669 331 [],[40042]
4.838234 373.800000 6622 0 1 99668 332 [],[2]
4.840014 373.800000 87767 0 1 99667 333 [],[62183]
4.841183 373.800000 16663 0 1 99666 334 [],[15783]
4.841590 373.900000 9684 0 1 99665 335 [],[48]
4.841863 374.200000 8581 0 1 99664 336 [],[2]
4.845432 375.100000 75706 0 1 99663 337 [],[643]
4.847176 375.200000 38204 0 1 99662 338 [],[5908]
4.854648 375.400000 1519 0 1 99661 339 [],[80]
4.855612 376.900000 23465 0 1 99660 340 [],[2]
4.856034 377.000000 3765 0 1 99659 341 [],[2]
4.856676 378.200000 5158 0 1 99658 342 [],[2]
4.858762 378.600000 96354 0 1 99657 343 [],[2]
4.862043 378.600000 44319 0 1 99656 344 [],[2]
4.863333 378.700000 214 0 1 99655 345 [],[75]
4.868545 383.000000 92236 0 1 99654 346 [],[3153]
4.869037 383.000000 11744 0 1 99653 347 [],[2523]
4.872022 383.200000 19289 0 1 99652 348 [],[2]
4.872721 383.300000 62225 0 1 99651 349 [],[8581]
4.873768 383.300000 90180 0 1 99650 350 [],[11]
4.875833 383.300000 23105 0 1 99649 351 [],[2]
4.876129 383.300000 2314 0 1 99648 352 [],[2]
4.876130 384.200000 651 0 1 99647 353 [],[64]
4.876454 384.900000 83762 0 1 99646 354 [],[835]
4.880074 384.900000 18247 0 1 99645 355 [],[37]
4.880327 385.000000 48302 0 1 99644 356 [],[60037]
4.882018 385.100000 32170 0 1 99643 357 [],[48]
4.883290 385.400000 37977 0 1 99642 358 [],[643]
4.885342 385.600000 1529 0 1 99641 359 [],[2]
4.889406 387.100000 4694 0 1 99640 360 [],[2]
4.889534 387.200000 5603 0 1 99639 361 [],[835]
4.889913 387.600000 54578 0 1 99638 362 [],[19294]
4.891436 387.600000 913 0 1 99637 363 [],[7261]
4.893856 389.100000 21742 0 1 99636 364 [],[2,3153]
4.894570 389.300000 28338 0 1 99635 365 [],[75]
4.897420 389.500000 37437 0 1 99634 366 [],[603]
4.897901 389.600000 67757 0 1 99633 367 [],[2]
4.898170 389.800000 61071 0 1 99632 368 [],[322]
4.904277 389.800000 14844 0 1 99631 369 [],[2]
4.907028 390.000000 4162 0 1 99630 370 [],[2]
4.907647 390.500000 60753 0 1 99629 371 [],[2]
4.910237 390.500000 26611 0 1 99628 372 [],[1639]
4.910607 390.500000 92831 0 1 99627 373 [],[2]
4.913049 390.500000 11366 0 1 99626 374 [],[2]
4.925455 390.900000 49912 0 1 99625 375 [],[81]
4.925688 391.300000 30247 0 1 99624 376 [],[64]
4.926681 391.700000 503 0 1 99623 377 [],[5908]
4.927451 395.400000 30270 0 1 99622 378 [],[2]
4.931870 395.400000 33529 0 1 99621 379 [],[64]
4.933825 395.400000 48570 0 1 99620 380 [],[2]
4.934196 395.400000 13556 0 1 99619 381 [],[18312]
4.939368 395.600000 11880 0 1 99618 382 [],[2]
4.941396 395.800000 5748 0 1 99617 383 [],[37]
4.947499 396.300000 19265 0 1 99616 384 [],[36260]
4.949244 396.600000 51820 0 1 99615 385 [],[2]
4.951433 396.800000 53728 0 1 99614 386 [],[64]
4.951802 396.800000 19607 0 1 99613 387 [],[2]
4.952502 396.900000 2313 0 1 99612 388 [],[438]
4.952975 397.400000 58365 0 1 99611 389 [],[37]
4.957456 397.400000 60690 0 1 99610 390 [],[64]
4.959190 397.600000 1264 0 1 99609 391 [],[56941,331]
4.959209 399.200000 82076 0 1 99608 392 [],[21146]
4.961243 399.200000 28 0 1 99607 393 [],[2766,2]
4.963556 407.500000 8576 0 1 99606 394 [],[86397]
4.974259 407.900000 2327 0 1 99605 395 [],[28]
4.974915 408.500000 5454 0 1 99604 396 [],[643]
4.975770 408.500000 1325 0 1 99603 397 [],[48]
4.980717 411.300000 262 0 1 99602 398 [],[344,896]
4.982121 414.000000 29064 0 1 99601 399 [],[2]
4.983592 414.000000 2273 0 1 99600 400 [],[503]
4.984785 415.200000 13267 0 1 99599 401 [],[397]
4.984833 415.600000 77375 0 1 99598 402 [],[7299]
4.987014 415.600000 23171 0 1 99597 403 [],[37]
4.994812 415.800000 23570 0 1 99596 404 [],[11529]
4.997577 415.900000 25566 0 1 99595 405 [],[23171]
5.000924 416.100000 1230 0 1 99594 406 [],[45567,2]
5.003808 418.700000 41343 0 1 99593 407 [],[6788]
5.005065 418.800000 73866 0 1 99592 408 [],[5214]
5.005868 418.800000 3762 0 1 99591 409 [],[2]
5.006044 420.000000 77523 0 1 99590 410 [],[11366]
5.007178 420.100000 26915 0 1 99589 411 [],[5908]
5.008804 420.400000 13217 0 1 99588 412 [],[2]
5.008903 421.200000 1120 0 1 99587 413 [],[2]
5.010754 422.400000 36633 0 1 99586 414 [],[37]
5.010933 422.400000 49432 0 1 99585 415 [],[48]
5.012009 422.400000 61599 0 1 99584 416 [],[1230]
5.013555 422.400000 18445 0 1 99583 417 [],[2]
5.013892 422.500000 2891 0 1 99582 418 [],[2]
5.015014 423.400000 11860 0 1 99581 419 [],[2]
5.015446 423.500000 2985 0 1 99580 420 [],[2273]
5.015478 424.200000 40928 0 1 99579 421 [],[61380]
5.015607 424.400000 14300 0 1 99578 422 [],[5748]
5.017446 424.400000 190 0 1 99577 423 [],[835,28]
5.017539 430.700000 40062 0 1 99576 424 [],[2]
5.019396 431.400000 22247 0 1 99575 425 [],[80]
5.019959 431.400000 5076 0 1 99574 426 [],[2]
5.023630 432.100000 18124 0 1 99573 427 [],[13086]
5.027923 432.100000 2844 0 1 99572 428 [],[2]
5.028163 432.300000 80585 0 1 99571 429 [],[2]
5.033696 432.300000 15539 0 1 99570 430 [],[322]
5.037828 432.700000 9937 0 1 99569 431 [],[48]
5.043977 433.300000 29186 0 1 99568 432 [],[2766]
5.052764 433.500000 9297 0 1 99567 433 [],[2]
5.054313 433.600000 572 0 1 99566 434 [],[2]
5.057705 437.800000 3292 0 1 99565 435 [],[5354]
5.063109 439.200000 64670 0 1 99564 436 [],[26915]
5.066007 439.200000 5532 0 1 99563 437 [],[37,48]
5.067657 439.300000 68580 0 1 99562 438 [],[13217]
5.071885 439.400000 42281 0 1 99561 439 [],[1120]
5.072238 439.500000 98036 0 1 99560 440 [],[48]
5.072551 439.500000 50853 0 1 99559 441 [],[11,262]
5.072824 439.500000 7918 0 1 99558 442 [],[56574]
5.080332 440.200000 22433 0 1 99557 443 [],[2766]
5.082520 440.600000 7908 0 1 99556 444 [],[2]
5.083933 441.100000 62882 0 1 99555 445 [],[75]
5.084745 441.100000 25 0 1 99554 446 [],[85856]
5.086818 448.200000 44404 0 1 99553 447 [],[2766]
5.087761 448.300000 29355 0 1 99552 448 [],[262]
5.096220 448.300000 22231 0 1 99551 449 [],[48]
5.100003 448.900000 93882 0 1 99550 450 [],[78705]
5.101659 448.900000 61577 0 1 99549 451 [],[5598]
5.103361 449.200000 3496 0 1 99548 452 [],[1519]
5.104295 451.500000 45877 0 1 99547 453 [],[2]
5.104548 451.600000 49717 0 1 99546 454 [],[30247]
5.106415 451.900000 36682 0 1 99545 455 [],[18133]
5.106704 451.900000 39379 0 1 99544 456 [],[603]
5.109835 451.900000 41032 0 1 99543 457 [],[2533]
5.110537 452.000000 1913 0 1 99542 458 [],[28]
5.110668 452.200000 91781 0 1 99541 459 [],[2]
5.113413 452.200000 1304 0 1 99540 460 [],[2]
5.114985 455.100000 50314 0 1 99539 461 [],[2]
5.123644 455.200000 72092 0 1 99538 462 [],[15248]
5.124294 455.200000 97966 0 1 99537 463 [],[25]
5.127090 455.200000 3619 0 1 99536 464 [],[2]
5.129570 455.500000 14850 0 1 99535 465 [],[48]
5.129941 455.600000 2651 0 1 99534 466 [],[2]
5.131922 457.400000 9067 0 1 99533 467 [],[41032]
5.133656 459.400000 810 0 1 99532 468 [],[36162]
5.134637 462.500000 4488 0 1 99531 469 [],[18124]
5.135319 462.700000 1064 0 1 99530 470 [],[11,37]
5.136520 463.200000 90613 0 1 99529 471 [],[48]
5.138576 463.200000 6655 0 1 99528 472 [],[2]
5.138760 463.900000 1986 0 1 99527 473 [],[5158]
5.139690 467.900000 52430 0 1 99526 474 [],[81]
5.145404 468.000000 9761 0 1 99525 475 [],[190]
5.147555 468.800000 22364 0 1 99524 476 [],[3496]
5.150083 468.900000 82920 0 1 99523 477 [],[11]
5.154082 469.000000 96455 0 1 99522 478 [],[2]
5.156007 469.000000 24611 0 1 99521 479 [],[1264]
5.157159 469.000000 97116 0 1 99520 480 [],[2]
5.157500 469.000000 2117 0 1 99519 481 [],[2]
5.158307 470.100000 57503 0 1 99518 482 [],[26867]
5.160714 470.100000 57270 0 1 99517 483 [],[80]
5.163929 470.100000 62303 0 1 99516 484 [],[75]
5.164280 470.100000 36581 0 1 99515 485 [],[2523]
5.169318 470.200000 21349 0 1 99514 486 [],[11]
5.177967 470.300000 86066 0 1 99513 487 [],[25]
5.179277 470.300000 94440 0 1 99512 488 [],[40209]
5.180321 470.300000 1 0 1 99511 489 [],[2,214,14844,29018]
5.181623 491.700000 90995 0 1 99510 490 [],[2]
5.184078 491.700000 93982 0 1 99509 491 [],[28]
5.184889 491.700000 30651 0 1 99508 492 [],[1]
5.185951 491.700000 8114 0 1 99507 493 [],[1618]
5.186015 492.000000 41239 0 1 99506 494 [],[2]
5.188278 492.000000 30783 0 1 99505 495 [],[9207]
5.188982 492.200000 67209 0 1 99504 496 [],[11748]
5.189719 492.300000 8857 0 1 99503 497 [],[13870]
5.190563 492.800000 1465 0 1 99502 498 [],[54578]
5.193942 493.900000 33071 0 1 99501 499 [],[2]
5.195016 494.100000 11558 0 1 99500 500 [],[2432]
5.195145 494.400000 95776 0 1 99499 501 [],[16769]
5.197715 494.400000 2759 0 1 99498 502 [],[2900]
5.198984 495.800000 51767 0 1 99497 503 [],[1]
5.204405 495.800000 79715 0 1 99496 504 [],[603]
5.210181 495.800000 68432 0 1 99495 505 [],[64]
5.215177 495.900000 8104 0 1 99494 506 [],[2]
5.215182 496.000000 83749 0 1 99493 507 [],[81]
5.222795 496.000000 1210 0 1 99492 508 [],[2]
5.226644 496.700000 34961 0 1 99491 509 [],[40928]
5.231084 496.800000 1497 0 1 99490 510 [],[44319]
5.231453 501.500000 9631 0 1 99489 511 [],[1]
5.236440 502.000000 6682 0 1 99488 512 [],[1434]
5.237199 503.200000 53405 0 1 99487 513 [],[11]
5.243184 503.200000 12476 0 1 99486 514 [],[2]
5.243409 503.400000 156 0 1 99485 515 [],[257,28]
5.248424 505.300000 35208 0 1 99484 516 [],[3777]
5.249770 505.300000 76499 0 1 99483 517 [],[5950]
5.250432 505.400000 313 0 1 99482 518 [],[3899,48]
5.251560 511.600000 40387 0 1 99481 519 [],[2]
5.253405 511.700000 20880 0 1 99480 520 [],[9067]
5.253593 511.700000 21946 0 1 99479 521 [],[2]
5.254832 512.000000 532 0 1 99478 522 [],[83984]
5.256933 514.100000 84540 0 1 99477 523 [],[3619]
5.259897 514.100000 14235 0 1 99476 524 [],[39848]
5.260537 514.600000 50275 0 1 99475 525 [],[64]
5.260856 514.800000 71487 0 1 99474 526 [],[3496]
5.262324 514.800000 16170 0 1 99473 527 [],[48]
5.264098 514.900000 15040 0 1 99472 528 [],[1]
5.265774 515.200000 49059 0 1 99471 529 [],[438]
5.268662 515.300000 98605 0 1 99470 530 [],[2]
5.269333 515.300000 1002 0 1 99469 531 [],[81]
5.271411 517.300000 26904 0 1 99468 532 [],[532]
5.272376 517.400000 28759 0 1 99467 533 [],[64]
5.280710 517.600000 75734 0 1 99466 534 [],[11]
5.283085 517.600000 7035 0 1 99465 535 [],[214]
5.283593 517.800000 93313 0 1 99464 536 [],[48]
5.287519 517.800000 29207 0 1 99463 537 [],[2]
5.288982 517.800000 88089 0 1 99462 538 [],[2]
5.291262 517.800000 45621 0 1 99461 539 [],[49432]
5.292417 518.000000 64554 0 1 99460 540 [],[7455]
5.297579 518.000000 31476 0 1 99459 541 [],[18970]
5.301307 518.100000 53041 0 1 99458 542 [],[322]
5.310752 518.400000 25662 0 1 99457 543 [],[25]
5.311858 519.100000 17738 0 1 99456 544 [],[64]
5.312407 519.500000 56190 0 1 99455 545 [],[2]
5.314205 519.500000 10927 0 1 99454 546 [],[1]
5.321995 519.500000 29695 0 1 99453 547 [],[15150]
5.322008 519.600000 42297 0 1 99452 548 [],[1497]
5.322376 519.600000 31193 0 1 99451 549 [],[51530,64]
5.324101 519.500000 27095 0 1 99450 550 [],[2]
5.329941 519.600000 59032 0 1 99449 551 [],[572]
5.330110 519.700000 27449 0 1 99448 552 [],[503]
5.334590 519.900000 2905 0 1 99447 553 [],[2,190]
5.339100 522.100000 7632 0 1 99446 554 [],[2651]
5.339641 522.100000 31614 0 1 99445 555 [],[5354]
5.339991 522.200000 55183 0 1 99444 556 [],[48]
5.343259 522.200000 1144 0 1 99443 557 [],[438]
5.344418 522.400000 93458 0 1 99442 558 [],[2]
5.344976 522.400000 83759 0 1 99441 559 [],[638]
5.345106 522.400000 42205 0 1 99440 560 [],[2]
5.351243 522.600000 3198 0 1 99439 561 [],[5598,322]
5.351310 523.800000 63277 0 1 99438 562 [],[2273]
5.352368 523.900000 21897 0 1 99437 563 [],[9826]
5.354477 523.900000 21378 0 1 99436 564 [],[37]
5.354492 523.900000 6984 0 1 99435 565 [],[5214]
5.355079 525.100000 61907 0 1 99434 566 [],[2]
5.356877 525.100000 43675 0 1 99433 567 [],[64]
5.359351 525.300000 95822 0 1 99432 568 [],[8947]
5.362846 525.300000 23547 0 1 99431 569 [],[13217]
5.363323 525.600000 93665 0 1 99430 570 [],[41173]
5.368818 525.600000 1134 0 1 99429 571 [],[81]
5.371592 526.300000 6542 0 1 99428 572 [],[28]
5.372572 527.500000 19564 0 1 99427 573 [],[6682]
5.374305 527.800000 46 0 1 99426 574 [],[397,17145]
5.376384 534.000000 85764 0 1 99425 575 [],[2]
5.377038 534.000000 92618 0 1 99424 576 [],[1304]
5.377053 534.000000 42879 0 1 99423 577 [],[2759]
5.379623 534.200000 79878 0 1 99422 578 [],[46]
5.379748 534.300000 50095 0 1 99421 579 [],[6682]
5.380312 534.500000 22463 0 1 99420 580 [],[10830]
5.381846 534.600000 10425 0 1 99419 581 [],[190]
5.384530 534.700000 97352 0 1 99418 582 [],[572]
5.390609 534.700000 36981 0 1 99417 583 [],[1519]
5.391010 534.900000 20160 0 1 99416 584 [],[532]
5.392872 535.100000 13255 0 1 99415 585 [],[2]
5.393195 535.300000 2094 0 1 99414 586 [],[1]
5.396488 537.500000 838 0 1 99413 587 [],[2]
5.399618 540.000000 76695 0 1 99412 588 [],[11]
5.399751 540.000000 75110 0 1 99411 589 [],[2,13086]
5.401028 539.800000 85135 0 1 99410 590 [],[1]
5.403436 539.900000 1944 0 1 99409 591 [],[33074]
5.406087 542.500000 5879 0 1 99408 592 [],[2]
5.406522 543.800000 87605 0 1 99407 593 [],[1064]
5.406705 543.800000 44669 0 1 99406 594 [],[2]
5.407150 543.900000 29478 0 1 99405 595 [],[2]
5.408373 543.900000 3349 0 1 99404 596 [],[8576,2]
5.411605 544.100000 35438 0 1 99403 597 [],[25662]
5.412577 544.200000 47893 0 1 99402 598 [],[9831]
5.415594 544.300000 590 0 1 99401 599 [],[11]
5.415740 546.000000 40769 0 1 99400 600 [],[1639]
5.417383 546.200000 20427 0 1 99399 601 [],[2]
5.418727 546.300000 7273 0 1 99398 602 [],[6542]
5.419735 547.200000 6567 0 1 99397 603 [],[24611,37]
5.420168 547.500000 4437 0 1 99396 604 [],[28]
5.420714 547.800000 29078 0 1 99395 605 [],[1]
5.422367 548.100000 1086 0 1 99394 606 [],[37]
5.426887 552.000000 817 0 1 99393 607 [],[48]
5.429324 553.000000 79768 0 1 99392 608 [],[1]
5.432236 553.000000 18905 0 1 99391 609 [],[2]
5.432365 553.400000 41206 0 1 99390 610 [],[397]
5.434449 553.600000 59440 0 1 99389 611 [],[1230]
5.434455 553.700000 28487 0 1 99388 612 [],[64983,11]
5.434887 553.600000 6002 0 1 99387 613 [],[2651]
5.435120 553.900000 31204 0 1 99386 614 [],[15040]
5.435137 554.300000 55768 0 1 99385 615 [],[24633]
5.437720 554.600000 17280 0 1 99384 616 [],[34322]
5.439849 554.800000 38103 0 1 99383 617 [],[2]
5.441910 554.800000 93557 0 1 99382 618 [],[27449]
5.443695 554.800000 14426 0 1 99381 619 [],[64]
5.443852 554.900000 3700 0 1 99380 620 [],[8857]
5.444657 559.000000 36549 0 1 99379 621 [],[10830]
5.445879 559.100000 3557 0 1 99378 622 [],[64]
5.446854 559.900000 68818 0 1 99377 623 [],[9810]
5.447398 559.900000 77783 0 1 99376 624 [],[438]
5.449559 559.900000 31158 0 1 99375 625 [],[190]
5.450576 560.000000 98142 0 1 99374 626 [],[2]
5.450902 560.000000 43 0 1 99373 627 [],[2]
5.452107 561.800000 33880 0 1 99372 628 [],[1304]
5.453297 561.900000 7377 0 1 99371 629 [],[1434]
5.454302 562.400000 47480 0 1 99370 630 [],[2]
5.456972 562.400000 5779 0 1 99369 631 [],[14935]
5.457816 563.000000 36340 0 1 99368 632 [],[6788]
5.458884 563.100000 14057 0 1 99367 633 [],[1120]
5.459108 564.100000 30521 0 1 99366 634 [],[2]
5.459449 564.500000 27258 0 1 99365 635 [],[5779]
5.461478 564.500000 68905 0 1 99364 636 [],[14638]
5.461874 564.500000 22541 0 1 99363 637 [],[64]
5.465734 564.900000 70522 0 1 99362 638 [],[2]
5.468763 564.900000 23384 0 1 99361 639 [],[2]
5.472203 565.000000 4308 0 1 99360 640 [],[313]
5.477124 566.500000 59576 0 1 99359 641 [],[1230]
5.477861 566.500000 35410 0 1 99358 642 [],[81780]
5.479613 567.300000 72060 0 1 99357 643 [],[2]
5.480201 567.300000 91861 0 1 99356 644 [],[25951]
5.482611 567.300000 12773 0 1 99355 645 [],[2]
5.483160 567.500000 51843 0 1 99354 646 [],[2432]
5.487162 567.500000 34875 0 1 99353 647 [],[1325]
5.488674 567.500000 12549 0 1 99352 648 [],[2]
5.489428 568.000000 26177 0 1 99351 649 [],[75]
5.490280 568.100000 29649 0 1 99350 650 [],[214]
5.490990 568.100000 39820 0 1 99349 651 [],[75]
5.491850 568.200000 39172 0 1 99348 652 [],[313]
5.493449 568.200000 18745 0 1 99347 653 [],[2]
5.496244 568.400000 71309 0 1 99346 654 [],[11]
5.499005 568.400000 805 0 1 99345 655 [],[80]
5.502177 568.600000 38843 0 1 99344 656 [],[11]
5.506678 568.800000 34826 0 1 99343 657 [],[3496]
5.509288 569.000000 6167 0 1 99342 658 [],[2]
5.509649 569.500000 3182 0 1 99341 659 [],[11]
5.511039 570.600000 9799 0 1 99340 660 [],[2]
5.517108 570.800000 0 0 1 99339 661 [],[2,2504,15458]
5.518336 608.100000 26519 0 1 99338 662 [],[0]
5.518411 608.400000 69044 0 1 99337 663 [],[397]
5.519386 608.500000 85673 0 1 99336 664 [],[2]
5.522691 608.500000 64402 0 1 99335 665 [],[190]
5.524731 608.500000 78235 0 1 99334 666 [],[1519]
5.526044 608.500000 62834 0 1 99333 667 [],[11]
5.526699 608.500000 40898 0 1 99332 668 [],[2]
5.528059 608.500000 36141 0 1 99331 669 [],[9516]
5.528107 608.700000 85760 0 1 99330 670 [],[156]
5.531782 608.700000 36465 0 1 99329 671 [],[5076]
5.537123 608.700000 39833 0 1 99328 672 [],[25951]
5.544712 608.800000 1666 0 1 99327 673 [],[11]
5.544739 609.000000 56768 0 1 99326 674 [],[37]
5.548429 609.000000 72663 0 1 99325 675 [],[7299]
5.548566 609.100000 88664 0 1 99324 676 [],[190]
5.555574 609.100000 17782 0 1 99323 677 [],[0]
5.560126 609.100000 28907 0 1 99322 678 [],[7299]
5.561559 609.400000 45088 0 1 99321 679 [],[3017]
5.561764 609.400000 12569 0 1 99320 680 [],[11744]
5.562614 610.000000 635 0 1 99319 681 [],[0]
5.563495 613.200000 11367 0 1 99318 682 [],[37]
5.564697 613.300000 18024 0 1 99317 683 [],[2]
5.567227 613.800000 1714 0 1 99316 684 [],[4330,1]
5.568697 614.500000 86015 0 1 99315 685 [],[48]
5.570537 614.500000 7837 0 1 99314 686 [],[2985]
5.571678 614.500000 12506 0 1 99313 687 [],[28]
5.575278 614.800000 655 0 1 99312 688 [],[27309]
5.576049 615.400000 8873 0 1 99311 689 [],[28]
5.578389 615.800000 2092 0 1 99310 690 [],[19294]
5.582656 617.800000 26889 0 1 99309 691 [],[2092]
5.586342 618.100000 72614 0 1 99308 692 [],[2]
5.588290 618.200000 530 0 1 99307 693 [],[75]
5.592841 620.500000 23517 0 1 99306 694 [],[6682]
5.602321 620.800000 790 0 1 99305 695 [],[25]
5.602753 622.800000 75071 0 1 99304 696 [],[48]
5.605596 622.900000 37682 0 1 99303 697 [],[11]
5.605635 623.100000 69111 0 1 99302 698 [],[2]
5.610481 623.100000 73908 0 1 99301 699 [],[61577]
5.612515 623.100000 23415 0 1 99300 700 [],[2]
5.612697 623.500000 36959 0 1 99299 701 [],[46]
5.613050 623.700000 53835 0 1 99298 702 [],[0]
5.613196 623.900000 67887 0 1 99297 703 [],[2]
5.613214 623.900000 88053 0 1 99296 704 [],[503]
5.615527 623.900000 31195 0 1 99295 705 [],[2]
5.615695 624.000000 539 0 1 99294 706 [],[3765,11]
5.618329 627.600000 88779 0 1 99293 707 [],[37]
5.620390 627.600000 17358 0 1 99292 708 [],[12760]
5.621712 627.700000 73926 0 1 99291 709 [],[59440]
5.624470 627.700000 21087 0 1 99290 710 [],[37]
5.626018 627.800000 22875 0 1 99289 711 [],[3496]
5.627554 628.000000 5535 0 1 99288 712 [],[33071,1944]
5.629881 628.500000 2998 0 1 99287 713 [],[2]
5.631312 628.800000 30881 0 1 99286 714 [],[2,532]
5.631979 628.800000 8 0 1 99285 715 [],[11,11331,2]
5.632727 658.300000 589 0 1 99284 716 [],[3349,81]
5.632840 660.800000 7137 0 1 99283 717 [],[589]
5.633383 661.700000 67057 0 1 99282 718 [],[1465]
5.635483 661.700000 67721 0 1 99281 719 [],[37]
5.635726 661.700000 61618 0 1 99280 720 [],[190]
5.638433 661.700000 11973 0 1 99279 721 [],[60]
5.638623 661.900000 24351 0 1 99278 722 [],[3198]
5.639059 662.500000 52005 0 1 99277 723 [],[3591]
5.639094 662.500000 27803 0 1 99276 724 [],[0]
5.642211 662.500000 90742 0 1 99275 725 [],[262]
5.644235 662.500000 1588 0 1 99274 726 [],[0]
5.644243 663.500000 41669 0 1 99273 727 [],[589]
5.644449 663.700000 8813 0 1 99272 728 [],[8]
5.645832 664.600000 2977 0 1 99271 729 [],[2,2766]
5.649314 664.400000 2178 0 1 99270 730 [],[2]
5.649691 665.400000 42615 0 1 99269 731 [],[2]
5.650376 665.500000 98274 0 1 99268 732 [],[1529]
5.651913 665.500000 79577 0 1 99267 733 [],[8947]
5.654168 665.500000 223 0 1 99266 734 [],[9516]
5.655469 674.000000 9096 0 1 99265 735 [],[313,1086]
5.655499 673.900000 63331 0 1 99264 736 [],[73926,12760]
5.657383 673.800000 1468 0 1 99263 737 [],[3700]
5.657874 674.900000 54469 0 1 99262 738 [],[1086]
5.663254 675.000000 3579 0 1 99261 739 [],[2]
5.665398 675.900000 95346 0 1 99260 740 [],[64]
5.665432 675.900000 15435 0 1 99259 741 [],[322,7859]
5.668380 675.800000 9277 0 1 99258 742 [],[2]
5.670901 676.000000 41705 0 1 99257 743 [],[48]
5.674571 676.000000 90416 0 1 99256 744 [],[882]
5.677917 676.000000 17119 0 1 99255 745 [],[64]
5.679473 676.300000 74797 0 1 99254 746 [],[2314]
5.680247 676.300000 48935 0 1 99253 747 [],[0]
5.680543 676.400000 6831 0 1 99252 748 [],[21713]
5.681728 676.900000 62772 0 1 99251 749 [],[1519]
5.683145 677.100000 17277 0 1 99250 750 [],[2533]
5.684089 677.100000 14222 0 1 99249 751 [],[8]
5.684602 677.200000 1164 0 1 99248 752 [],[11,838]
5.684615 680.100000 65341 0 1 99247 753 [],[643]
5.685264 680.200000 85555 0 1 99246 754 [],[2]
5.688175 680.200000 233 0 1 99245 755 [],[5076,31193,11]
5.689177 685.600000 49963 0 1 99244 756 [],[16769]
5.692033 685.600000 3756 0 1 99243 757 [],[397]
5.692976 689.800000 2456 0 1 99242 758 [],[397]
5.695025 691.100000 85790 0 1 99241 759 [],[13086]
5.695476 691.100000 2306 0 1 99240 760 [],[46]
5.695531 694.400000 10255 0 1 99239 761 [],[3591]
5.695776 694.500000 81909 0 1 99238 762 [],[233]
5.696051 694.500000 35754 0 1 99237 763 [],[1]
5.696432 694.500000 86778 0 1 99236 764 [],[64]
5.697459 694.500000 13548 0 1 99235 765 [],[2]
5.697563 694.600000 1984 0 1 99234 766 [],[539]
5.698398 696.000000 50973 0 1 99233 767 [],[0]
5.701090 696.100000 30921 0 1 99232 768 [],[21946]
5.702562 696.200000 1762 0 1 99231 769 [],[31195,233]
5.702727 696.600000 8691 0 1 99230 770 [],[2]
5.702943 697.100000 9859 0 1 99229 771 [],[11]
5.704913 698.400000 4014 0 1 99228 772 [],[9067,90352]
5.708456 700.700000 11812 0 1 99227 773 [],[2523]
5.710597 700.900000 90516 0 1 99226 774 [],[1304]
5.710675 700.900000 26292 0 1 99225 775 [],[2]
5.712017 700.900000 20356 0 1 99224 776 [],[2306]
5.713881 701.200000 19401 0 1 99223 777 [],[36810]
5.714602 701.400000 31462 0 1 99222 778 [],[2]
5.716608 701.500000 5579 0 1 99221 779 [],[64]
5.722561 701.600000 11531 0 1 99220 780 [],[2]
5.723739 702.000000 49455 0 1 99219 781 [],[817]
5.724031 702.000000 5980 0 1 99218 782 [],[2]
5.724087 702.200000 38737 0 1 99217 783 [],[5752]
5.726120 702.200000 72878 0 1 99216 784 [],[25]
5.726826 702.200000 60005 0 1 99215 785 [],[14235]
5.728972 702.200000 2858 0 1 99214 786 [],[1086]
5.730104 703.800000 28213 0 1 99213 787 [],[1588]
5.733439 703.800000 8999 0 1 99212 788 [],[0]
5.734388 704.500000 66166 0 1 99211 789 [],[27449]
5.734653 704.500000 3957 0 1 99210 790 [],[835]
5.736318 704.700000 28374 0 1 99209 791 [],[223]
5.736799 704.700000 55016 0 1 99208 792 [],[572]
5.737938 704.700000 22368 0 1 99207 793 [],[651]
5.739975 704.900000 83904 0 1 99206 794 [],[2]
5.740194 704.900000 83382 0 1 99205 795 [],[25]
5.742564 704.900000 39235 0 1 99204 796 [],[0]
5.743815 704.900000 11305 0 1 99203 797 [],[2]
5.743817 705.000000 657 0 1 99202 798 [],[63331,75]
5.745377 707.000000 22296 0 1 99201 799 [],[60]
5.747465 707.400000 85066 0 1 99200 800 [],[2]
5.747997 707.400000 1322 0 1 99199 801 [],[1434,37]
5.749547 711.800000 40 0 1 99198 802 [],[4162,8]
5.752681 723.100000 78306 0 1 99197 803 [],[10264]
5.756860 723.100000 10144 0 1 99196 804 [],[23415]
5.758157 723.800000 79464 0 1 99195 805 [],[2306]
5.758619 724.000000 39797 0 1 99194 806 [],[2]
5.762356 724.000000 96565 0 1 99193 807 [],[5603]
5.762360 724.000000 53219 0 1 99192 808 [],[64]
5.764571 724.000000 4086 0 1 99191 809 [],[6984]
5.769463 724.300000 2718 0 1 99190 810 [],[40]
5.770825 726.200000 22995 0 1 99189 811 [],[3324]
5.774178 726.200000 54161 0 1 99188 812 [],[589]
5.774288 726.200000 5474 0 1 99187 813 [],[58157]
5.775171 726.900000 1326 0 1 99186 814 [],[81]
5.776050 729.100000 1404 0 1 99185 815 [],[11]
5.776157 731.600000 6587 0 1 99184 816 [],[81]
5.781504 732.000000 109 0 1 99183 817 [],[3182,2]
5.782380 738.300000 40256 0 1 99182 818 [],[1986]
5.783702 738.300000 43720 0 1 99181 819 [],[11]
5.783719 738.400000 88993 0 1 99180 820 [],[75]
5.785091 738.400000 2252 0 1 99179 821 [],[1497]
5.787139 738.900000 113 0 1 99178 822 [],[4706]
5.788171 743.100000 50346 0 1 99177 823 [],[48]
5.788773 743.200000 60360 0 1 99176 824 [],[1944]
5.789071 743.200000 36837 0 1 99175 825 [],[1465]
5.789870 743.200000 79838 0 1 99174 826 [],[1322]
5.792010 743.200000 3848 0 1 99173 827 [],[2]
5.792905 745.500000 521 0 1 99172 828 [],[1497,17528]
5.793545 747.700000 59145 0 1 99171 829 [],[14057]
5.793721 747.800000 84793 0 1 99170 830 [],[2]
5.795780 747.900000 4880 0 1 99169 831 [],[0]
5.796577 748.400000 1306 0 1 99168 832 [],[2456,223]
5.797240 749.600000 15499 0 1 99167 833 [],[2858]
5.797913 750.400000 15100 0 1 99166 834 [],[37]
5.799703 750.600000 57197 0 1 99165 835 [],[12760]
5.801223 751.100000 30501 0 1 99164 836 [],[12416]
5.801639 751.100000 91811 0 1 99163 837 [],[9810]
5.802827 751.100000 49661 0 1 99162 838 [],[64]
5.804609 751.100000 44655 0 1 99161 839 [],[2]
5.806439 751.200000 39896 0 1 99160 840 [],[40]
5.806633 751.300000 22482 0 1 99159 841 [],[2]
5.808759 751.900000 32939 0 1 99158 842 [],[9067]
5.812513 751.900000 36421 0 1 99157 843 [],[0]
5.816058 752.400000 70129 0 1 99156 844 [],[2]
5.816292 752.400000 74793 0 1 99155 845 [],[0]
5.816743 752.400000 66760 0 1 99154 846 [],[43]
5.821124 752.400000 11679 0 1 99153 847 [],[572]
5.822276 752.400000 990 0 1 99152 848 [],[643]
5.823442 753.900000 3242 0 1 99151 849 [],[790]
5.824010 754.400000 319 0 1 99150 850 [],[0,1]
5.825646 755.900000 36246 0 1 99149 851 [],[94741]
5.827257 756.100000 18625 0 1 99148 852 [],[11]
5.829885 756.500000 61578 0 1 99147 853 [],[28]
5.830188 756.600000 21007 0 1 99146 854 [],[2]
5.831713 756.800000 52215 0 1 99145 855 [],[3153]
5.834292 756.800000 65607 0 1 99144 856 [],[80585]
5.837553 757.000000 81516 0 1 99143 857 [],[810]
5.837918 757.000000 68416 0 1 99142 858 [],[530]
5.841979 757.000000 88883 0 1 99141 859 [],[8]
5.843814 757.100000 794 0 1 99140 860 [],[87605]
5.846750 760.200000 42787 0 1 99139 861 [],[3899]
5.847673 760.300000 57767 0 1 99138 862 [],[16426]
5.848047 760.500000 50778 0 1 99137 863 [],[2]
5.849960 760.500000 7313 0 1 99136 864 [],[503,1264]
5.850511 761.000000 18180 0 1 99135 865 [],[1322]
5.850515 761.200000 621 0 1 99134 866 [],[28,572]
5.853065 763.200000 15251 0 1 99133 867 [],[223]
5.863834 763.700000 48786 0 1 99132 868 [],[190]
5.863940 763.800000 80122 0 1 99131 869 [],[2175]
5.864183 763.900000 5861 0 1 99130 870 [],[1]
5.866575 764.700000 85272 0 1 99129 871 [],[26003]
5.867002 764.700000 54455 0 1 99128 872 [],[5076]
5.870767 764.800000 16832 0 1 99127 873 [],[40]
5.873987 765.200000 28649 0 1 99126 874 [],[2]
5.874440 765.300000 6901 0 1 99125 875 [],[2]
5.874803 766.400000 91 0 1 99124 876 [],[40042,8,37]
5.874844 777.000000 6470 0 1 99123 877 [],[810]
5.876026 777.900000 42492 0 1 99122 878 [],[3017]
5.876895 778.100000 40415 0 1 99121 879 [],[4706]
5.877401 778.200000 79539 0 1 99120 880 [],[1322]
5.877995 778.200000 744 0 1 99119 881 [],[313]
5.879418 779.500000 74494 0 1 99118 882 [],[2718]
5.880295 779.500000 17464 0 1 99117 883 [],[2]
5.880827 779.700000 61048 0 1 99116 884 [],[1]
5.881220 779.700000 50730 0 1 99115 885 [],[1497]
5.881328 780.000000 6225 0 1 99114 886 [],[2]
5.881985 783.000000 8333 0 1 99113 887 [],[16673]
5.882365 783.100000 45490 0 1 99112 888 [],[3756]
5.883142 783.100000 87 0 1 99111 889 [],[2]
5.883865 786.000000 8536 0 1 99110 890 [],[7377]
5.887428 786.300000 92833 0 1 99109 891 [],[36496]
5.888538 786.300000 43125 0 1 99108 892 [],[1002]
5.889557 786.300000 16291 0 1 99107 893 [],[2]
5.891263 786.700000 1966 0 1 99106 894 [],[2]
5.891913 788.200000 75599 0 1 99105 895 [],[1]
5.893443 788.200000 1021 0 1 99104 896 [],[794]
5.894747 788.200000 36 0 1 99103 897 [],[48,18024]
5.895410 811.800000 59709 0 1 99102 898 [],[3762]
5.897193 811.800000 1621 0 1 99101 899 [],[1,36]
5.897864 813.500000 24233 0 1 99100 900 [],[0]
5.898949 813.800000 45368 0 1 99099 901 [],[64]
5.900015 813.800000 16688 0 1 99098 902 [],[2]
5.900707 813.900000 6445 0 1 99097 903 [],[3765]
5.905357 814.000000 8928 0 1 99096 904 [],[223]
5.905608 814.700000 22 0 1 99095 905 [],[40,1984,2998,2,8]
5.905920 839.600000 10488 0 1 99094 906 [],[1322]
5.907714 839.700000 29463 0 1 99093 907 [],[331]
5.909240 839.800000 11017 0 1 99092 908 [],[8873]
5.909458 839.800000 17238 0 1 99091 909 [],[2]
5.909942 840.400000 26569 0 1 99090 910 [],[2]
5.910310 841.000000 73 0 1 99089 911 [],[113,2]
5.913238 848.800000 29753 0 1 99088 912 [],[2718]
5.914630 848.800000 91641 0 1 99087 913 [],[4880]
5.915125 848.800000 3767 0 1 99086 914 [],[60]
5.916775 848.900000 37288 0 1 99085 915 [],[13267]
5.916967 849.000000 19850 0 1 99084 916 [],[81]
5.917109 849.200000 25651 0 1 99083 917 [],[80]
5.917657 849.200000 22342 0 1 99082 918 [],[18312]
5.917884 849.400000 26329 0 1 99081 919 [],[2094]
5.919255 849.700000 51449 0 1 99080 920 [],[913]
5.919683 849.700000 94847 0 1 99079 921 [],[3182]
5.920601 849.700000 96411 0 1 99078 922 [],[23384]
5.920621 849.700000 52153 0 1 99077 923 [],[190]
5.920702 849.700000 54121 0 1 99076 924 [],[60]
5.921818 849.800000 13874 0 1 99075 925 [],[0]
5.921971 850.700000 38165 0 1 99074 926 [],[1002]
5.928775 850.700000 1804 0 1 99073 927 [],[7908]
5.929845 852.800000 72585 0 1 99072 928 [],[0]
5.929943 852.800000 64471 0 1 99071 929 [],[65607]
5.929978 852.900000 72162 0 1 99070 930 [],[36]
5.930800 852.900000 5700 0 1 99069 931 [],[1002]
5.931099 853.300000 617 0 1 99068 932 [],[82076]
5.932218 857.600000 14986 0 1 99067 933 [],[2094]
5.933784 857.700000 48547 0 1 99066 934 [],[87]
5.935058 857.700000 81583 0 1 99065 935 [],[25662]
5.935503 857.700000 45604 0 1 99064 936 [],[0]
5.937827 857.900000 2076 0 1 99063 937 [],[0]
5.939202 858.000000 15575 0 1 99062 938 [],[6901]
5.940680 858.800000 8835 0 1 99061 939 [],[223]
5.942534 859.000000 814 0 1 99060 940 [],[233]
5.949017 861.600000 574 0 1 99059 941 [],[2]
5.949413 864.200000 432 0 1 99058 942 [],[3591]
5.951732 866.200000 97834 0 1 99057 943 [],[2523]
5.952117 866.200000 87852 0 1 99056 944 [],[26867]
5.954264 866.200000 83890 0 1 99055 945 [],[28]
5.956243 866.200000 52089 0 1 99054 946 [],[233]
5.956558 866.200000 36817 0 1 99053 947 [],[35410]
5.959569 866.400000 91958 0 1 99052 948 [],[896]
5.961344 866.400000 73032 0 1 99051 949 [],[8759]
5.962961 866.400000 705 0 1 99050 950 [],[1166,2,22]
5.963714 869.100000 57866 0 1 99049 951 [],[3756]
5.964044 869.200000 8291 0 1 99048 952 [],[2]
5.965501 869.600000 38364 0 1 99047 953 [],[83749]
5.967888 869.800000 11184 0 1 99046 954 [],[1264]
5.969819 869.900000 898 0 1 99045 955 [],[603]
5.971838 872.500000 25353 0 1 99044 956 [],[11812]
5.974516 872.500000 93143 0 1 99043 957 [],[61577]
5.975906 872.500000 22096 0 1 99042 958 [],[2]
5.976946 872.500000 97857 0 1 99041 959 [],[76499]
5.978294 872.500000 39892 0 1 99040 960 [],[36]
5.978679 872.500000 46709 0 1 99039 961 [],[91]
5.979047 872.500000 89 0 1 99038 962 [],[438,1]
5.979605 880.800000 24200 0 1 99037 963 [],[75734,18905]
5.980852 880.700000 26618 0 1 99036 964 [],[603]
5.980981 881.200000 94850 0 1 99035 965 [],[223]
5.981257 881.200000 88215 0 1 99034 966 [],[1322]
5.981622 881.200000 79267 0 1 99033 967 [],[3292]
5.982696 881.200000 9193 0 1 99032 968 [],[2]
5.982747 881.200000 15321 0 1 99031 969 [],[26618]
5.986627 882.300000 57669 0 1 99030 970 [],[8928]
5.987253 882.300000 718 0 1 99029 971 [],[2432,48]
5.989273 887.900000 14692 0 1 99028 972 [],[11]
5.989893 888.000000 7696 0 1 99027 973 [],[109]
5.990848 889.500000 83697 0 1 99026 974 [],[603]
5.991720 889.500000 20043 0 1 99025 975 [],[718]
5.992161 889.800000 7286 0 1 99024 976 [],[22364]
5.992684 890.400000 5320 0 1 99023 977 [],[1966]
5.992770 890.700000 94735 0 1 99022 978 [],[322]
5.993012 890.700000 28799 0 1 99021 979 [],[43]
5.993174 891.100000 79284 0 1 99020 980 [],[1164]
5.993252 891.100000 58418 0 1 99019 981 [],[190]
5.994481 891.300000 15776 0 1 99018 982 [],[2]
5.995466 891.700000 10116 0 1 99017 983 [],[46806]
5.997539 892.600000 87521 0 1 99016 984 [],[882]
5.998372 892.600000 10920 0 1 99015 985 [],[36]
5.998619 892.600000 7169 0 1 99014 986 [],[1322]
5.999093 892.800000 8063 0 1 99013 987 [],[2905]
6.000574 892.800000 2185 0 1 99012 988 [],[11,814]
6.001697 893.500000 98332 0 1 99011 989 [],[5779]
6.001871 893.500000 46887 0 1 99010 990 [],[36,3324]
6.002520 893.400000 31846 0 1 99009 991 [],[91]
6.003150 893.400000 5503 0 1 99008 992 [],[8]
6.005914 893.800000 85274 0 1 99007 993 [],[50095]
6.007473 893.900000 6594 0 1 99006 994 [],[521]
6.008516 894.700000 779 0 1 99005 995 [],[2]
6.009964 897.500000 14236 0 1 99004 996 [],[58307]
6.010563 897.900000 4238 0 1 99003 997 [],[26611]
6.012420 899.900000 64068 0 1 99002 998 [],[2]
6.015225 899.900000 27368 0 1 99001 999 [],[1468]
6.015354 899.900000 17420 0 1 99000 1000 [],[1325]
6.016398 900.100000 62900 0 1 98999 1001 [],[8291]
6.016664 900.100000 49405 0 1 98998 1002 [],[6470]
6.017268 900.300000 36074 0 1 98997 1003 [],[28799]
6.018196 900.400000 3454 0 1 98996 1004 [],[64,113]
6.019082 900.800000 1354 0 1 98995 1005 [],[5748]
6.019494 903.200000 97349 0 1 98994 1006 [],[9810]
6.020452 903.200000 8745 0 1 98993 1007 [],[344]
6.021247 903.700000 57575 0 1 98992 1008 [],[3496]
6.021612 903.700000 48214 0 1 98991 1009 [],[233,3899]
6.022659 903.500000 351 0 1 98990 1010 [],[233]
6.025349 905.400000 1920 0 1 98989 1011 [],[223]
6.026190 906.500000 68615 0 1 98988 1012 [],[1]
6.026985 906.500000 5093 0 1 98987 1013 [],[589,1086]
6.027664 907.100000 44869 0 1 98986 1014 [],[36]
6.028076 907.100000 1299 0 1 98985 1015 [],[322]
6.028839 910.100000 40444 0 1 98984 1016 [],[1230]
6.029035 910.100000 87634 0 1 98983 1017 [],[2]
6.029392 910.100000 7594 0 1 98982 1018 [],[3777]
6.029505 910.200000 22171 0 1 98981 1019 [],[1621]
6.029793 910.500000 46141 0 1 98980 1020 [],[2]
6.032222 910.600000 46012 0 1 98979 1021 [],[835]
6.033078 910.600000 19 0 1 98978 1022 [],[11]
6.033131 911.200000 1040 0 1 98977 1023 [],[11,233]
6.037654 911.300000 15831 0 1 98976 1024 [],[0]
6.038038 912.000000 64440 0 1 98975 1025 [],[2]
6.038413 912.000000 35827 0 1 98974 1026 [],[98605]
6.039496 912.200000 35346 0 1 98973 1027 [],[898]
6.040102 912.200000 44160 0 1 98972 1028 [],[835]
6.040377 912.300000 151 0 1 98971 1029 [],[521]
6.042415 916.200000 1415 0 1 98970 1030 [],[3017]
6.042718 918.500000 43856 0 1 98969 1031 [],[2]
6.044955 918.600000 96161 0 1 98968 1032 [],[1326]
6.046057 918.600000 71649 0 1 98967 1033 [],[3756]
6.048013 918.600000 85386 0 1 98966 1034 [],[73]
6.048103 918.600000 52 0 1 98965 1035 [],[1285,5354,36]
6.051831 925.900000 9721 0 1 98964 1036 [],[0]
6.052150 926.100000 95229 0 1 98963 1037 [],[8]
6.052552 926.100000 14128 0 1 98962 1038 [],[2]
6.053034 926.400000 96 0 1 98961 1039 [],[2306,52]
6.053439 930.200000 72588 0 1 98960 1040 [],[8581]
6.053768 930.200000 60552 0 1 98959 1041 [],[73]
6.054139 930.300000 49098 0 1 98958 1042 [],[52]
6.054813 930.400000 12168 0 1 98957 1043 [],[52]
6.054939 930.500000 11885 0 1 98956 1044 [],[89]
6.055030 930.900000 74393 0 1 98955 1045 [],[3557]
6.056136 930.900000 44500 0 1 98954 1046 [],[71309]
6.056469 931.300000 11763 0 1 98953 1047 [],[74494]
6.060455 931.800000 16482 0 1 98952 1048 [],[7918]
6.060759 931.800000 59499 0 1 98951 1049 [],[190]
6.060787 931.800000 1783 0 1 98950 1050 [],[2,64]
6.061688 933.200000 22816 0 1 98949 1051 [],[2]
6.062209 933.500000 1792 0 1 98948 1052 [],[151,344]
6.062269 934.900000 61410 0 1 98947 1053 [],[2]
6.063412 934.900000 20768 0 1 98946 1054 [],[36]
6.063679 935.300000 34236 0 1 98945 1055 [],[64]
6.064907 935.900000 66841 0 1 98944 1056 [],[64]
6.065394 935.900000 9529 0 1 98943 1057 [],[73]
6.065471 936.200000 22759 0 1 98942 1058 [],[2,503]
6.065767 937.200000 12 0 1 98941 1059 [],[19607,21897,2,11]
6.065928 955.400000 2281 0 1 98940 1060 [],[190]
6.066993 955.500000 348 0 1 98939 1061 [],[37,73]
6.067324 957.100000 18632 0 1 98938 1062 [],[48]
6.067937 957.100000 79135 0 1 98937 1063 [],[5603]
6.068023 957.100000 67608 0 1 98936 1064 [],[36]
6.068663 957.200000 10439 0 1 98935 1065 [],[6002]
6.069390 957.800000 49021 0 1 98934 1066 [],[1]
6.077068 957.900000 90993 0 1 98933 1067 [],[8]
6.077318 957.900000 29416 0 1 98932 1068 [],[19950]
6.078783 958.000000 45672 0 1 98931 1069 [],[36]
6.079383 958.100000 59556 0 1 98930 1070 [],[3899]
6.080275 958.200000 45613 0 1 98929 1071 [],[2]
6.081177 958.200000 1658 0 1 98928 1072 [],[0,25]
6.082686 958.500000 12745 0 1 98927 1073 [],[1002]
6.082907 959.100000 4017 0 1 98926 1074 [],[48]
6.083788 961.700000 88319 0 1 98925 1075 [],[22]
6.083791 961.700000 62085 0 1 98924 1076 [],[8]
6.084717 961.700000 67988 0 1 98923 1077 [],[589]
6.085058 961.700000 95621 0 1 98922 1078 [],[24351]
6.086581 961.700000 42638 0 1 98921 1079 [],[814]
6.087882 961.800000 99649 0 1 98920 1080 [],[48]
6.091690 961.800000 13195 0 1 98919 1081 [],[46,89]
6.092776 961.800000 40589 0 1 98918 1082 [],[40]
6.093570 961.800000 8258 0 1 98917 1083 [],[2]
6.095561 962.800000 83656 0 1 98916 1084 [],[2092]
6.096242 962.900000 2085 0 1 98915 1085 [],[0]
6.097087 963.500000 46968 0 1 98914 1086 [],[96]
6.097674 963.700000 6824 0 1 98913 1087 [],[113,1230]
6.099148 964.000000 58135 0 1 98912 1088 [],[48]
6.099181 964.300000 723 0 1 98911 1089 [],[9631,17782,19054]
6.101116 967.800000 20522 0 1 98910 1090 [],[8]
6.101671 968.000000 29448 0 1 98909 1091 [],[23570]
6.103487 968.100000 22938 0 1 98908 1092 [],[38418]
6.103549 968.500000 56 0 1 98907 1093 [],[51820,2]
6.105102 972.500000 65246 0 1 98906 1094 [],[8]
6.105812 972.600000 65852 0 1 98905 1095 [],[2]
6.107429 972.700000 40200 0 1 98904 1096 [],[12]
6.109839 972.900000 75405 0 1 98903 1097 [],[718]
6.110110 972.900000 8361 0 1 98902 1098 [],[89]
6.112730 973.100000 87508 0 1 98901 1099 [],[0]
6.113406 973.100000 16359 0 1 98900 1100 [],[5093]
6.113966 973.200000 84 0 1 98899 1101 [],[36]
6.116430 978.400000 4141 0 1 98898 1102 [],[1002]
6.118752 980.200000 13451 0 1 98897 1103 [],[20880]
6.120363 981.000000 13130 0 1 98896 1104 [],[8359]
6.120601 981.100000 94 0 1 98895 1105 [],[11]
6.120633 985.600000 93375 0 1 98894 1106 [],[0]
6.123383 985.600000 23007 0 1 98893 1107 [],[91]
6.124372 985.900000 30707 0 1 98892 1108 [],[19]
6.126506 986.000000 91461 0 1 98891 1109 [],[617]
6.127822 986.000000 59462 0 1 98890 1110 [],[37]
6.128624 986.000000 876 0 1 98889 1111 [],[44869]
6.129536 988.500000 14612 0 1 98888 1112 [],[2]
6.130063 989.300000 49259 0 1 98887 1113 [],[41343]
6.130879 989.300000 2588 0 1 98886 1114 [],[214]
6.130988 989.600000 41583 0 1 98885 1115 [],[572]
6.131174 989.600000 3138 0 1 98884 1116 [],[2504]
6.132249 990.500000 534 0 1 98883 1117 [],[11]
6.137201 993.000000 99384 0 1 98882 1118 [],[603]
6.138202 993.000000 72282 0 1 98881 1119 [],[36]
6.138727 993.000000 22481 0 1 98880 1120 [],[3899]
6.143048 993.500000 71283 0 1 98879 1121 [],[2]
6.144680 993.600000 15344 0 1 98878 1122 [],[503]
6.145124 994.500000 4088 0 1 98877 1123 [],[817]
6.146348 994.600000 169 0 1 98876 1124 [],[2273]
6.146467 1006.100000 76440 0 1 98875 1125 [],[2858]
6.148521 1006.100000 27561 0 1 98874 1126 [],[1230]
6.149701 1006.400000 54451 0 1 98873 1127 [],[22]
6.150235 1006.400000 59933 0 1 98872 1128 [],[47893]
6.150735 1006.400000 43606 0 1 98871 1129 [],[2]
6.151532 1006.600000 46011 0 1 98870 1130 [],[20160]
6.151630 1006.600000 63983 0 1 98869 1131 [],[11]
6.156053 1006.700000 13080 0 1 98868 1132 [],[4712]
6.156229 1007.100000 17925 0 1 98867 1133 [],[11,4014]
6.157328 1007.100000 62917 0 1 98866 1134 [],[56233]
6.157650 1007.100000 2619 0 1 98865 1135 [],[2327]
6.158343 1007.800000 31058 0 1 98864 1136 [],[1966]
6.158561 1008.000000 7 0 1 98863 1137 [],[28,37,723,2160,11367,49405,49661,2]
6.159025 1033.100000 5638 0 1 98862 1138 [],[7]
6.162835 1033.900000 10509 0 1 98861 1139 [],[37]
6.163648 1033.900000 60971 0 1 98860 1140 [],[2160]
6.166704 1034.000000 10089 0 1 98859 1141 [],[36,3899]
6.167191 1034.000000 33112 0 1 98858 1142 [],[898]
6.167320 1034.100000 25099 0 1 98857 1143 [],[2432]
6.167810 1034.400000 57493 0 1 98856 1144 [],[8]
6.168273 1034.500000 96568 0 1 98855 1145 [],[2306]
6.168621 1034.500000 44179 0 1 98854 1146 [],[73]
6.168851 1034.700000 58419 0 1 98853 1147 [],[4014]
6.168922 1035.000000 69234 0 1 98852 1148 [],[19294]
6.169315 1035.000000 96404 0 1 98851 1149 [],[214]
6.169400 1035.000000 57683 0 1 98850 1150 [],[90180]
6.169556 1035.200000 2497 0 1 98849 1151 [],[2]
6.170176 1036.100000 86946 0 1 98848 1152 [],[22]
6.170248 1036.100000 15044 0 1 98847 1153 [],[657]
6.170713 1036.500000 4245 0 1 98846 1154 [],[38364]
6.171397 1037.000000 5230 0 1 98845 1155 [],[73]
6.172820 1037.200000 23729 0 1 98844 1156 [],[718]
6.172925 1037.500000 73012 0 1 98843 1157 [],[7]
6.173405 1037.500000 19281 0 1 98842 1158 [],[0]
6.173499 1037.800000 1679 0 1 98841 1159 [],[4014]
6.173791 1039.900000 32796 0 1 98840 1160 [],[22482]
6.174478 1039.900000 65946 0 1 98839 1161 [],[22816]
6.175947 1039.900000 869 0 1 98838 1162 [],[9623,36]
6.177051 1041.300000 10658 0 1 98837 1163 [],[40]
6.177489 1041.900000 10732 0 1 98836 1164 [],[39892]
6.178698 1042.200000 22829 0 1 98835 1165 [],[89]
6.179304 1042.500000 15407 0 1 98834 1166 [],[4086]
6.180658 1042.700000 35391 0 1 98833 1167 [],[2,28649]
6.181665 1042.600000 38027 0 1 98832 1168 [],[6831]
6.181788 1042.700000 93571 0 1 98831 1169 [],[2]
6.181978 1042.700000 90043 0 1 98830 1170 [],[1403]
6.182181 1042.700000 1782 0 1 98829 1171 [],[2281,3153]
6.183294 1046.900000 79698 0 1 98828 1172 [],[2085]
6.189359 1046.900000 25682 0 1 98827 1173 [],[36]
6.191002 1046.900000 15381 0 1 98826 1174 [],[12]
6.191512 1046.900000 22441 0 1 98825 1175 [],[91]
6.191741 1047.000000 24850 0 1 98824 1176 [],[835]
6.192317 1047.000000 11320 0 1 98823 1177 [],[313]
6.193427 1047.000000 10543 0 1 98822 1178 [],[617]
6.194949 1048.300000 77384 0 1 98821 1179 [],[790]
6.197225 1048.300000 90423 0 1 98820 1180 [],[48]
6.198054 1048.300000 9041 0 1 98819 1181 [],[13080,7]
6.198797 1048.300000 37145 0 1 98818 1182 [],[7]
6.199209 1048.300000 3240 0 1 98817 1183 [],[26867]
6.200358 1048.900000 28414 0 1 98816 1184 [],[52]
6.200959 1048.900000 11365 0 1 98815 1185 [],[7]
6.202030 1049.100000 76568 0 1 98814 1186 [],[1]
6.202235 1049.100000 23215 0 1 98813 1187 [],[28]
6.204477 1049.200000 31102 0 1 98812 1188 [],[89]
6.204921 1049.400000 13347 0 1 98811 1189 [],[313]
6.205053 1049.500000 35117 0 1 98810 1190 [],[58418]
6.208350 1049.900000 5288 0 1 98809 1191 [],[8,1354]
6.208508 1050.500000 54614 0 1 98808 1192 [],[3496]
6.209079 1050.800000 57559 0 1 98807 1193 [],[603]
6.209079 1050.800000 78774 0 1 98806 1194 [],[2306,3700]
6.209088 1050.600000 23218 0 1 98805 1195 [],[1944]
6.209140 1050.800000 69557 0 1 98804 1196 [],[2185]
6.209937 1050.800000 26534 0 1 98803 1197 [],[18745]
6.210133 1051.800000 1973 0 1 98802 1198 [],[73]
6.210315 1052.200000 10740 0 1 98801 1199 [],[19265]
6.213298 1052.700000 71269 0 1 98800 1200 [],[81]
6.214584 1052.800000 23177 0 1 98799 1201 [],[6225]
6.215308 1052.800000 6127 0 1 98798 1202 [],[1986]
6.216063 1053.300000 3856 0 1 98797 1203 [],[1465]
6.216539 1053.800000 8529 0 1 98796 1204 [],[1404]
6.218521 1053.900000 10294 0 1 98795 1205 [],[1415]
6.219280 1054.900000 16117 0 1 98794 1206 [],[60]
6.219824 1055.000000 13049 0 1 98793 1207 [],[54839]
6.220756 1055.500000 11363 0 1 98792 1208 [],[40]
6.220840 1056.700000 41815 0 1 98791 1209 [],[2]
6.221664 1056.700000 11011 0 1 98790 1210 [],[48]
6.223134 1057.000000 6596 0 1 98789 1211 [],[8,22]
6.223234 1057.000000 33648 0 1 98788 1212 [],[3198]
6.224717 1057.100000 829 0 1 98787 1213 [],[1679]
6.224801 1057.700000 67252 0 1 98786 1214 [],[718]
6.225730 1057.700000 6318 0 1 98785 1215 [],[2160]
6.225753 1058.000000 55761 0 1 98784 1216 [],[589]
6.226188 1058.200000 2793 0 1 98783 1217 [],[84,882]
6.229010 1059.500000 84382 0 1 98782 1218 [],[52]
6.235240 1059.500000 10720 0 1 98781 1219 [],[25]
6.235310 1059.800000 13457 0 1 98780 1220 [],[19564]
6.235776 1060.200000 5344 0 1 98779 1221 [],[43,109]
6.236269 1061.100000 38540 0 1 98778 1222 [],[2]
6.237390 1061.100000 246 0 1 98777 1223 [],[57503,64]
6.238110 1064.100000 7086 0 1 98776 1224 [],[3756]
6.238983 1064.100000 8034 0 1 98775 1225 [],[2]
6.239060 1064.800000 55773 0 1 98774 1226 [],[8]
6.240119 1064.900000 86491 0 1 98773 1227 [],[41168]
6.241653 1064.900000 2771 0 1 98772 1228 [],[2]
6.241734 1065.000000 35837 0 1 98771 1229 [],[22]
6.242468 1065.200000 10805 0 1 98770 1230 [],[718]
6.242981 1065.700000 4858 0 1 98769 1231 [],[43675,12]
6.243992 1067.900000 12116 0 1 98768 1232 [],[2]
6.244667 1068.200000 11830 0 1 98767 1233 [],[214]
6.244751 1068.800000 10975 0 1 98766 1234 [],[838]
6.245911 1069.000000 28073 0 1 98765 1235 [],[0]
6.245973 1069.300000 8851 0 1 98764 1236 [],[156]
6.247036 1069.400000 13231 0 1 98763 1237 [],[33880]
6.252058 1069.700000 28428 0 1 98762 1238 [],[48]
6.252999 1069.800000 18742 0 1 98761 1239 [],[169]
6.253426 1070.100000 58012 0 1 98760 1240 [],[4141]
6.253498 1070.200000 78305 0 1 98759 1241 [],[26329]
6.255250 1070.300000 18 0 1 98758 1242 [],[169,11,12]
6.256172 1075.800000 10302 0 1 98757 1243 [],[8]
6.257405 1077.100000 86428 0 1 98756 1244 [],[34826]
6.259451 1077.100000 14344 0 1 98755 1245 [],[2432]
6.260588 1077.600000 80600 0 1 98754 1246 [],[25]
6.260610 1077.700000 1851 0 1 98753 1247 [],[12]
6.260903 1078.000000 68359 0 1 98752 1248 [],[4706]
6.261020 1078.000000 56820 0 1 98751 1249 [],[2]
6.262839 1078.000000 32791 0 1 98750 1250 [],[1166]
6.265519 1078.200000 21421 0 1 98749 1251 [],[48]
6.265622 1078.500000 25258 0 1 98748 1252 [],[3700]
6.265714 1078.500000 87195 0 1 98747 1253 [],[37]
6.267094 1078.600000 14216 0 1 98746 1254 [],[214]
6.267371 1078.700000 95439 0 1 98745 1255 [],[4014]
6.267694 1078.700000 26310 0 1 98744 1256 [],[22759]
6.268138 1078.900000 69844 0 1 98743 1257 [],[718]
6.268941 1079.000000 34838 0 1 98742 1258 [],[36]
6.269413 1079.000000 68117 0 1 98741 1259 [],[64]
6.270128 1079.000000 81843 0 1 98740 1260 [],[2523]
6.271419 1079.000000 28054 0 1 98739 1261 [],[40]
6.273921 1079.100000 7274 0 1 98738 1262 [],[22]
6.274405 1079.200000 8945 0 1 98737 1263 [],[1782]
6.274808 1079.300000 12993 0 1 98736 1264 [],[4308]
6.275782 1080.200000 43816 0 1 98735 1265 [],[322]
6.276277 1080.200000 14929 0 1 98734 1266 [],[73012]
6.277343 1081.000000 25868 0 1 98733 1267 [],[1404]
6.277444 1081.200000 24490 0 1 98732 1268 [],[2]
6.277535 1081.200000 17580 0 1 98731 1269 [],[36]
6.278186 1081.300000 88386 0 1 98730 1270 [],[81]
6.279429 1081.300000 9209 0 1 98729 1271 [],[64]
6.280364 1082.000000 59902 0 1 98728 1272 [],[80,23215]
6.280501 1081.900000 35436 0 1 98727 1273 [],[60]
6.280603 1082.000000 14385 0 1 98726 1274 [],[80]
6.281303 1082.600000 25830 0 1 98725 1275 [],[7,10116]
6.281442 1082.700000 61564 0 1 98724 1276 [],[1230]
6.281520 1082.700000 4033 0 1 98723 1277 [],[1,2]
6.282193 1083.200000 7744 0 1 98722 1278 [],[0,18]
6.284610 1083.800000 5370 0 1 98721 1279 [],[1]
6.285897 1084.500000 52716 0 1 98720 1280 [],[8536]
6.286361 1084.500000 74558 0 1 98719 1281 [],[11]
6.286618 1084.500000 1905 0 1 98718 1282 [],[2252,11]
6.288398 1086.800000 4119 0 1 98717 1283 [],[42432]
6.289915 1087.900000 49 0 1 98716 1284 [],[530,572,11363,7,46]
6.290489 1102.400000 9188 0 1 98715 1285 [],[1164]
6.290652 1102.700000 47729 0 1 98714 1286 [],[8,1529]
6.290690 1102.700000 29298 0 1 98713 1287 [],[313]
6.292735 1102.700000 75662 0 1 98712 1288 [],[397,3496]
6.293307 1102.500000 14550 0 1 98711 1289 [],[2891]
6.293798 1102.900000 5723 0 1 98710 1290 [],[48]
6.293875 1103.800000 5008 0 1 98709 1291 [],[11366,156]
6.294558 1104.400000 1600 0 1 98708 1292 [],[22]
6.296083 1105.400000 761 0 1 98707 1293 [],[2]
6.296821 1108.600000 67422 0 1 98706 1294 [],[651]
6.300011 1108.600000 7453 0 1 98705 1295 [],[1404]
6.301624 1109.100000 44242 0 1 98704 1296 [],[15044]
6.303067 1109.100000 40295 0 1 98703 1297 [],[233]
6.303821 1109.100000 2517 0 1 98702 1298 [],[36,657]
6.307552 1110.800000 58234 0 1 98701 1299 [],[9096]
6.308437 1110.900000 17432 0 1 98700 1300 [],[91]
6.309136 1111.000000 56364 0 1 98699 1301 [],[19294]
6.309273 1111.100000 52911 0 1 98698 1302 [],[22]
6.309365 1111.200000 44997 0 1 98697 1303 [],[1792]
6.310372 1111.300000 9975 0 1 98696 1304 [],[657]
6.311206 1111.800000 55945 0 1 98695 1305 [],[28]
6.311534 1111.800000 56569 0 1 98694 1306 [],[6788]
6.311718 1111.900000 5734 0 1 98693 1307 [],[84]
6.311857 1112.200000 54242 0 1 98692 1308 [],[1973]
6.311859 1112.400000 24207 0 1 98691 1309 [],[322]
6.312765 1112.800000 51053 0 1 98690 1310 [],[10732]
6.313661 1113.000000 19895 0 1 98689 1311 [],[2]
6.314543 1113.200000 62470 0 1 98688 1312 [],[28]
6.316362 1113.200000 44708 0 1 98687 1313 [],[8]
6.318778 1113.300000 36227 0 1 98686 1314 [],[11]
6.318973 1113.300000 19478 0 1 98685 1315 [],[1002]
6.319329 1113.300000 76144 0 1 98684 1316 [],[913]
6.321648 1113.300000 24130 0 1 98683 1317 [],[49]
6.322303 1113.800000 36695 0 1 98682 1318 [],[64]
6.325894 1114.000000 80236 0 1 98681 1319 [],[36]
6.326277 1114.000000 45568 0 1 98680 1320 [],[36]
6.326449 1114.100000 80897 0 1 98679 1321 [],[48]
6.327011 1114.100000 46924 0 1 98678 1322 [],[72162]
6.327364 1114.700000 8498 0 1 98677 1323 [],[7377]
6.327536 1114.800000 21452 0 1 98676 1324 [],[0]
6.327724 1115.100000 64268 0 1 98675 1325 [],[46924]
6.327860 1115.300000 49013 0 1 98674 1326 [],[9529,36260]
6.328669 1115.200000 6283 0 1 98673 1327 [],[2]
6.328970 1115.600000 45467 0 1 98672 1328 [],[643]
6.331090 1115.600000 72157 0 1 98671 1329 [],[81]
6.332512 1115.700000 68889 0 1 98670 1330 [],[12993]
6.334491 1116.100000 30053 0 1 98669 1331 [],[94]
6.334561 1116.100000 94022 0 1 98668 1332 [],[89]
6.337758 1116.200000 17331 0 1 98667 1333 [],[94847]
6.339041 1116.500000 30328 0 1 98666 1334 [],[2]
6.339617 1116.500000 3 0 1 98665 1335 [],[94,113,838,1354,12745,22171,1,2]
6.339665 1146.900000 15191 0 1 98664 1336 [],[3756]
6.340084 1147.300000 38356 0 1 98663 1337 [],[2619,3700]
6.340382 1147.200000 12828 0 1 98662 1338 [],[52]
6.340562 1147.300000 4415 0 1 98661 1339 [],[603]
6.341954 1148.200000 71578 0 1 98660 1340 [],[53041]
6.341971 1148.200000 55811 0 1 98659 1341 [],[36]
6.342484 1148.200000 45521 0 1 98658 1342 [],[2523]
6.343023 1148.300000 1427 0 1 98657 1343 [],[58135]
6.343237 1150.600000 6202 0 1 98656 1344 [],[49717,635]
6.343656 1151.400000 44447 0 1 98655 1345 [],[30521]
6.344349 1151.500000 18414 0 1 98654 1346 [],[869]
6.344416 1151.600000 89435 0 1 98653 1347 [],[1588]
6.344508 1151.600000 60249 0 1 98652 1348 [],[2]
6.345862 1151.800000 65066 0 1 98651 1349 [],[5638]
6.346787 1151.800000 61723 0 1 98650 1350 [],[11]
6.347639 1151.900000 33822 0 1 98649 1351 [],[40]
6.348130 1151.900000 90826 0 1 98648 1352 [],[223]
6.349337 1151.900000 35983 0 1 98647 1353 [],[1322]
6.350136 1151.900000 52031 0 1 98646 1354 [],[3700]
6.351297 1152.000000 81103 0 1 98645 1355 [],[20768]
6.354284 1152.000000 69500 0 1 98644 1356 [],[19564]
6.354413 1152.000000 19600 0 1 98643 1357 [],[40]
6.355154 1152.200000 39327 0 1 98642 1358 [],[3756]
6.356030 1152.500000 270 0 1 98641 1359 [],[33822,0]
6.358124 1155.500000 26281 0 1 98640 1360 [],[65852,257]
6.358312 1155.900000 14891 0 1 98639 1361 [],[40,223]
6.361183 1155.900000 85198 0 1 98638 1362 [],[7273]
6.361266 1155.900000 19836 0 1 98637 1363 [],[15756]
6.362122 1156.000000 1031 0 1 98636 1364 [],[13049]
6.363321 1158.800000 27338 0 1 98635 1365 [],[322,7696]
6.364785 1159.100000 92689 0 1 98634 1366 [],[2]
6.369708 1159.100000 54488 0 1 98633 1367 [],[12]
6.370433 1159.100000 55307 0 1 98632 1368 [],[705]
6.371704 1159.200000 1640 0 1 98631 1369 [],[214]
6.371706 1160.500000 2369 0 1 98630 1370 [],[89]
6.372230 1162.700000 18909 0 1 98629 1371 [],[190,534]
6.372363 1162.700000 51752 0 1 98628 1372 [],[1404]
6.373275 1163.000000 5778 0 1 98627 1373 [],[2905,4238]
6.373788 1162.900000 18548 0 1 98626 1374 [],[1086]
6.375774 1163.200000 3715 0 1 98625 1375 [],[1]
6.376547 1164.000000 72768 0 1 98624 1376 [],[438]
6.376585 1164.000000 59666 0 1 98623 1377 [],[835]
6.378228 1164.000000 79365 0 1 98622 1378 [],[11011]
6.379677 1164.000000 36784 0 1 98621 1379 [],[2369]
6.380735 1164.000000 10441 0 1 98620 1380 [],[1782]
6.381501 1164.300000 75257 0 1 98619 1381 [],[4162]
6.382395 1164.400000 53743 0 1 98618 1382 [],[9188]
6.382469 1164.500000 28987 0 1 98617 1383 [],[21946]
6.382480 1164.600000 13077 0 1 98616 1384 [],[4445]
6.382712 1164.700000 7280 0 1 98615 1385 [],[11]
6.382991 1164.700000 48320 0 1 98614 1386 [],[190]
6.384066 1164.700000 94423 0 1 98613 1387 [],[52]
6.385540 1164.700000 90282 0 1 98612 1388 [],[2793]
6.385602 1164.700000 37955 0 1 98611 1389 [],[76695]
6.386267 1165.200000 47094 0 1 98610 1390 [],[438]
6.387261 1165.200000 60633 0 1 98609 1391 [],[2]
6.388442 1165.200000 61061 0 1 98608 1392 [],[37]
6.389504 1165.300000 5747 0 1 98607 1393 [],[22]
6.389567 1166.200000 2127 0 1 98606 1394 [],[22,48]
6.390605 1167.400000 68105 0 1 98605 1395 [],[1782]
6.392863 1167.400000 826 0 1 98604 1396 [],[1529]
6.394159 1179.300000 41083 0 1 98603 1397 [],[214]
6.394439 1179.400000 50707 0 1 98602 1398 [],[2]
6.394942 1179.400000 48204 0 1 98601 1399 [],[64440]
6.395765 1179.500000 63414 0 1 98600 1400 [],[190]
6.396033 1179.500000 79627 0 1 98599 1401 [],[37]
6.396861 1179.600000 20403 0 1 98598 1402 [],[36]
6.397594 1179.700000 66498 0 1 98597 1403 [],[1862]
6.397626 1179.800000 18707 0 1 98596 1404 [],[78705]
6.397627 1180.900000 25325 0 1 98595 1405 [],[2]
6.398231 1180.900000 44296 0 1 98594 1406 [],[761]
6.398402 1180.900000 51128 0 1 98593 1407 [],[36]
6.399028 1181.000000 65853 0 1 98592 1408 [],[54614]
6.399186 1181.100000 2653 0 1 98591 1409 [],[84]
6.401501 1181.400000 35294 0 1 98590 1410 [],[313]
6.401712 1181.400000 4413 0 1 98589 1411 [],[28907]
6.402358 1182.100000 94839 0 1 98588 1412 [],[5503]
6.402952 1182.100000 87317 0 1 98587 1413 [],[15344]
6.403378 1182.100000 44814 0 1 98586 1414 [],[223]
6.403512 1182.400000 36979 0 1 98585 1415 [],[2]
6.403608 1182.400000 38798 0 1 98584 1416 [],[331,534]
6.404330 1182.300000 99551 0 1 98583 1417 [],[49]
6.404981 1182.300000 69231 0 1 98582 1418 [],[89]
6.406657 1182.400000 59384 0 1 98581 1419 [],[35837]
6.408042 1182.800000 36953 0 1 98580 1420 [],[2]
6.408460 1182.800000 1411 0 1 98579 1421 [],[2]
6.409360 1185.000000 19321 0 1 98578 1422 [],[1304]
6.409867 1185.100000 89226 0 1 98577 1423 [],[534]
6.412696 1185.100000 87034 0 1 98576 1424 [],[705,55768]
6.413315 1185.000000 27640 0 1 98575 1425 [],[3842]
6.413681 1185.400000 33929 0 1 98574 1426 [],[60]
6.414248 1185.400000 2163 0 1 98573 1427 [],[5752]
6.414871 1186.500000 75065 0 1 98572 1428 [],[48]
6.417110 1186.700000 69983 0 1 98571 1429 [],[1322]
6.417770 1186.800000 31707 0 1 98570 1430 [],[521]
6.417842 1187.000000 89481 0 1 98569 1431 [],[6127]
6.420035 1187.000000 10587 0 1 98568 1432 [],[331]
6.422409 1187.400000 23000 0 1 98567 1433 [],[22]
6.423478 1187.600000 1095 0 1 98566 1434 [],[40565]
6.423895 1190.000000 49677 0 1 98565 1435 [],[3017]
6.424083 1190.200000 20227 0 1 98564 1436 [],[5911]
6.425213 1190.500000 69400 0 1 98563 1437 [],[794,12570]
6.426078 1190.400000 99255 0 1 98562 1438 [],[87034]
6.426650 1190.400000 1165 0 1 98561 1439 [],[7]
6.427531 1190.400000 5943 0 1 98560 1440 [],[48]
6.428676 1190.400000 14531 0 1 98559 1441 [],[30053,8]
6.428703 1191.900000 8053 0 1 98558 1442 [],[37]
6.429862 1193.400000 3088 0 1 98557 1443 [],[18414]
6.431259 1196.100000 871 0 1 98556 1444 [],[12]
6.431305 1201.200000 45 0 1 98555 1445 [],[80,84,3292,0,2]
6.431311 1206.600000 385 0 1 98554 1446 [],[3]
6.433164 1208.100000 82113 0 1 98553 1447 [],[9937]
6.434180 1208.100000 9233 0 1 98552 1448 [],[871]
6.434892 1208.100000 9765 0 1 98551 1449 [],[1064]
6.435103 1208.400000 77838 0 1 98550 1450 [],[37]
6.435804 1208.400000 45693 0 1 98549 1451 [],[2]
6.436263 1208.400000 46215 0 1 98548 1452 [],[37682]
6.436434 1208.500000 45242 0 1 98547 1453 [],[11]
6.436571 1208.600000 8796 0 1 98546 1454 [],[22]
6.438126 1209.500000 5822 0 1 98545 1455 [],[4858]
6.439314 1209.500000 18081 0 1 98544 1456 [],[113]
6.444182 1209.800000 1048 0 1 98543 1457 [],[2771,5908,25325,322]
6.444210 1215.200000 61271 0 1 98542 1458 [],[57197]
6.446317 1215.200000 14129 0 1 98541 1459 [],[9859]
6.447446 1215.900000 55 0 1 98540 1460 [],[36]
6.447504 1221.100000 73278 0 1 98539 1461 [],[22]
6.450552 1221.100000 21631 0 1 98538 1462 [],[1984]
6.451926 1221.300000 3132 0 1 98537 1463 [],[0]
6.452029 1222.600000 31268 0 1 98536 1464 [],[10116]
6.453229 1222.800000 70653 0 1 98535 1465 [],[3]
6.454025 1222.800000 25499 0 1 98534 1466 [],[22]
6.454377 1222.800000 65683 0 1 98533 1467 [],[534]
6.454721 1222.800000 54867 0 1 98532 1468 [],[75405]
6.456736 1223.000000 3291 0 1 98531 1469 [],[1230]
6.457227 1224.700000 8431 0 1 98530 1470 [],[36421]
6.457425 1224.800000 20381 0 1 98529 1471 [],[55]
6.457455 1225.400000 15612 0 1 98528 1472 [],[3]
6.457650 1225.500000 2370 0 1 98527 1473 [],[1804]
6.457782 1225.700000 31752 0 1 98526 1474 [],[15499]
6.458587 1226.100000 12968 0 1 98525 1475 [],[8,10439]
6.460232 1226.400000 25379 0 1 98524 1476 [],[1792]
6.461875 1226.900000 2323 0 1 98523 1477 [],[539]
6.464369 1230.900000 93543 0 1 98522 1478 [],[1095]
6.465047 1230.900000 4433 0 1 98521 1479 [],[18,22]
6.465433 1231.100000 70855 0 1 98520 1480 [],[68889]
6.465461 1231.200000 90890 0 1 98519 1481 [],[1354]
6.465699 1231.200000 54389 0 1 98518 1482 [],[12]
6.465921 1231.200000 22877 0 1 98517 1483 [],[1434]
6.466205 1231.300000 8369 0 1 98516 1484 [],[8]
6.467813 1231.600000 66589 0 1 98515 1485 [],[22]
6.468268 1231.600000 53767 0 1 98514 1486 [],[8745]
6.468494 1231.700000 22526 0 1 98513 1487 [],[91]
6.469267 1231.900000 88246 0 1 98512 1488 [],[169]
6.470184 1231.900000 97791 0 1 98511 1489 [],[3]
6.470488 1231.900000 24331 0 1 98510 1490 [],[8,262]
6.474595 1231.800000 30267 0 1 98509 1491 [],[0]
6.475067 1231.900000 4186 0 1 98508 1492 [],[829]
6.475555 1232.700000 77334 0 1 98507 1493 [],[75]
6.475612 1232.700000 39292 0 1 98506 1494 [],[1497]
6.475790 1232.700000 61170 0 1 98505 1495 [],[151]
6.475888 1232.900000 69220 0 1 98504 1496 [],[397]
6.476372 1232.900000 98297 0 1 98503 1497 [],[1]
6.476557 1232.900000 61 0 1 98502 1498 [],[1326,94850]
6.476647 1258.000000 4381 0 1 98501 1499 [],[12]
6.477544 1258.700000 7757 0 1 98500 1500 [],[0]
6.478135 1259.000000 37137 0 1 98499 1501 [],[84]
6.479312 1259.200000 65686 0 1 98498 1502 [],[603]
6.480431 1259.200000 769 0 1 98497 1503 [],[87195,190]
6.481792 1261.500000 23248 0 1 98496 1504 [],[769]
6.483123 1261.500000 34547 0 1 98495 1505 [],[2]
6.484211 1262.100000 52821 0 1 98494 1506 [],[0]
6.484287 1262.200000 48451 0 1 98493 1507 [],[18]
6.484779 1262.300000 1773 0 1 98492 1508 [],[12828]
6.484905 1263.400000 23347 0 1 98491 1509 [],[35436]
6.486232 1263.700000 76540 0 1 98490 1510 [],[718]
6.488639 1263.700000 76571 0 1 98489 1511 [],[233]
6.489251 1263.900000 36393 0 1 98488 1512 [],[59556]
6.489278 1264.200000 39111 0 1 98487 1513 [],[223]
6.489359 1264.300000 3862 0 1 98486 1514 [],[49]
6.489792 1265.100000 46513 0 1 98485 1515 [],[723]
6.491037 1265.100000 10353 0 1 98484 1516 [],[2]
6.491948 1265.300000 2214 0 1 98483 1517 [],[12]
6.491992 1265.700000 26340 0 1 98482 1518 [],[1322]
6.494253 1266.200000 34233 0 1 98481 1519 [],[34961,3]
6.494551 1266.300000 11022 0 1 98480 1520 [],[58717]
6.494564 1266.900000 2800 0 1 98479 1521 [],[36979,2]
6.496360 1267.300000 60559 0 1 98478 1522 [],[49]
6.496958 1267.500000 59929 0 1 98477 1523 [],[7]
6.497630 1267.500000 36033 0 1 98476 1524 [],[22296]
6.497776 1267.800000 18719 0 1 98475 1525 [],[0,169]
6.498427 1267.700000 17200 0 1 98474 1526 [],[3]
6.500059 1267.900000 58054 0 1 98473 1527 [],[11]
6.500135 1268.000000 5513 0 1 98472 1528 [],[1]
6.501764 1268.300000 13354 0 1 98471 1529 [],[37]
6.503562 1268.600000 24405 0 1 98470 1530 [],[85066]
6.503713 1268.900000 66434 0 1 98469 1531 [],[37511]
6.505851 1269.000000 20930 0 1 98468 1532 [],[36]
6.505894 1269.600000 86688 0 1 98467 1533 [],[2]
6.507674 1269.600000 67264 0 1 98466 1534 [],[2]
6.508724 1269.700000 2077 0 1 98465 1535 [],[12]
6.508804 1271.500000 88027 0 1 98464 1536 [],[313]
6.509418 1271.500000 91369 0 1 98463 1537 [],[2]
6.510373 1271.500000 11889 0 1 98462 1538 [],[24233]
6.510629 1272.300000 38046 0 1 98461 1539 [],[1354]
6.513490 1272.400000 8531 0 1 98460 1540 [],[1322]
6.515640 1272.400000 2902 0 1 98459 1541 [],[81]
6.515914 1273.400000 39779 0 1 98458 1542 [],[91]
6.516193 1273.600000 3329 0 1 98457 1543 [],[0,1679]
6.516315 1273.700000 84081 0 1 98456 1544 [],[521]
6.518654 1273.700000 25937 0 1 98455 1545 [],[94]
6.519261 1273.700000 76352 0 1 98454 1546 [],[3]
6.521079 1273.700000 27383 0 1 98453 1547 [],[3762]
6.521088 1273.800000 6003 0 1 98452 1548 [],[15756]
6.521230 1274.800000 4356 0 1 98451 1549 [],[33680,45]
6.522950 1275.700000 58203 0 1 98450 1550 [],[46]
6.523817 1275.800000 11258 0 1 98449 1551 [],[190,838]
6.524532 1276.400000 24106 0 1 98448 1552 [],[2]
6.525883 1276.600000 46780 0 1 98447 1553 [],[37511]
6.528098 1276.700000 2574 0 1 98446 1554 [],[28]
6.528267 1280.900000 62801 0 1 98445 1555 [],[0]
6.528481 1281.100000 63521 0 1 98444 1556 [],[643]
6.528641 1281.300000 19213 0 1 98443 1557 [],[11]
6.529140 1281.300000 5809 0 1 98442 1558 [],[68117]
6.530730 1281.900000 570 0 1 98441 1559 [],[37,521]
6.530897 1283.800000 20010 0 1 98440 1560 [],[1984]
6.531296 1284.000000 5567 0 1 98439 1561 [],[1804]
6.531422 1284.400000 32801 0 1 98438 1562 [],[13077]
6.531435 1284.900000 1821 0 1 98437 1563 [],[8576]
6.532008 1286.400000 30319 0 1 98436 1564 [],[532]
6.532136 1286.400000 17350 0 1 98435 1565 [],[85764]
6.532595 1286.800000 1870 0 1 98434 1566 [],[41239]
6.532685 1288.900000 973 0 1 98433 1567 [],[1773]
6.533385 1294.100000 22824 0 1 98432 1568 [],[2]
6.534357 1294.100000 3249 0 1 98431 1569 [],[151]
6.535491 1295.000000 63883 0 1 98430 1570 [],[151]
6.535714 1295.100000 29697 0 1 98429 1571 [],[89,26340]
6.537122 1294.900000 1058 0 1 98428 1572 [],[1095,8796]
6.537138 1296.500000 63279 0 1 98427 1573 [],[3]
6.537830 1296.500000 8160 0 1 98426 1574 [],[17350,723]
6.538176 1297.200000 12793 0 1 98425 1575 [],[4141]
6.538857 1297.600000 65739 0 1 98424 1576 [],[50095]
6.539494 1297.700000 53511 0 1 98423 1577 [],[1354]
6.539724 1297.800000 98299 0 1 98422 1578 [],[8]
6.539983 1297.800000 70347 0 1 98421 1579 [],[7]
6.539993 1297.800000 84321 0 1 98420 1580 [],[34236]
6.542473 1297.800000 83940 0 1 98419 1581 [],[574]
6.542582 1297.800000 37466 0 1 98418 1582 [],[12]
6.542943 1298.000000 86672 0 1 98417 1583 [],[37]
6.544677 1298.000000 16098 0 1 98416 1584 [],[665]
6.546017 1298.100000 95928 0 1 98415 1585 [],[6655]
6.546361 1298.100000 90877 0 1 98414 1586 [],[4238]
6.546378 1298.100000 49697 0 1 98413 1587 [],[31058]
6.547667 1298.200000 13001 0 1 98412 1588 [],[826]
6.548595 1298.700000 8112 0 1 98411 1589 [],[61]
6.550812 1298.700000 54881 0 1 98410 1590 [],[2]
6.553461 1298.800000 4742 0 1 98409 1591 [],[0]
6.553790 1300.100000 7865 0 1 98408 1592 [],[169]
6.553955 1300.700000 94698 0 1 98407 1593 [],[26569]
6.556740 1300.700000 4378 0 1 98406 1594 [],[5535]
6.557561 1301.100000 3047 0 1 98405 1595 [],[6318,322]
6.558824 1302.300000 46703 0 1 98404 1596 [],[10439]
6.559861 1302.300000 57928 0 1 98403 1597 [],[36]
6.560058 1302.500000 35204 0 1 98402 1598 [],[11]
6.560772 1302.500000 6281 0 1 98401 1599 [],[246]
6.561508 1303.000000 77675 0 1 98400 1600 [],[7137]
6.562125 1303.300000 30004 0 1 98399 1601 [],[2]
6.562831 1303.300000 35933 0 1 98398 1602 [],[8]
6.563068 1303.300000 57822 0 1 98397 1603 [],[214]
6.563867 1303.300000 59186 0 1 98396 1604 [],[3]
6.564007 1303.500000 37869 0 1 98395 1605 [],[0]
6.566315 1303.500000 15869 0 1 98394 1606 [],[11]
6.566825 1304.400000 4306 0 1 98393 1607 [],[18]
6.567205 1304.400000 73149 0 1 98392 1608 [],[27338]
6.567379 1304.400000 29465 0 1 98391 1609 [],[28]
6.567573 1304.400000 76136 0 1 98390 1610 [],[22]
6.569162 1304.400000 3727 0 1 98389 1611 [],[534]
6.569836 1304.900000 35121 0 1 98388 1612 [],[1714]
6.571649 1304.900000 16242 0 1 98387 1613 [],[322]
6.573864 1305.200000 15063 0 1 98386 1614 [],[97857,36]
6.574455 1305.800000 12883 0 1 98385 1615 [],[22]
6.574649 1306.000000 48254 0 1 98384 1616 [],[79284]
6.576265 1306.100000 2071 0 1 98383 1617 [],[64]
6.577270 1307.000000 1974 0 1 98382 1618 [],[718]
6.577300 1308.200000 4347 0 1 98381 1619 [],[7594,50778]
6.577814 1310.200000 32498 0 1 98380 1620 [],[2]
6.578312 1310.400000 49848 0 1 98379 1621 [],[81]
6.580624 1310.400000 29010 0 1 98378 1622 [],[48]
6.580792 1310.700000 67585 0 1 98377 1623 [],[3088]
6.581179 1310.800000 50695 0 1 98376 1624 [],[351]
6.582327 1310.900000 39351 0 1 98375 1625 [],[3]
6.582614 1310.900000 22267 0 1 98374 1626 [],[18]
6.582949 1311.000000 55311 0 1 98373 1627 [],[18]
6.583204 1311.000000 9746 0 1 98372 1628 [],[7]
6.583804 1311.300000 51760 0 1 98371 1629 [],[313,15575]
6.585110 1311.300000 35734 0 1 98370 1630 [],[2]
6.585350 1311.400000 5065 0 1 98369 1631 [],[51732,93557]
6.585932 1312.900000 7087 0 1 98368 1632 [],[49]
6.585965 1313.600000 39621 0 1 98367 1633 [],[6788]
6.586675 1313.600000 13938 0 1 98366 1634 [],[7]
6.587110 1313.900000 68545 0 1 98365 1635 [],[2574]
6.587519 1313.900000 93338 0 1 98364 1636 [],[28]
6.589466 1313.900000 6864 0 1 98363 1637 [],[32791]
6.590293 1314.600000 17531 0 1 98362 1638 [],[85673]
6.590670 1315.400000 64330 0 1 98361 1639 [],[1304]
6.590769 1315.500000 9156 0 1 98360 1640 [],[14638]
6.592661 1316.500000 15272 0 1 98359 1641 [],[0,3]
6.593197 1316.300000 49992 0 1 98358 1642 [],[47729]
6.593724 1316.300000 28150 0 1 98357 1643 [],[2323]
6.595001 1316.400000 20784 0 1 98356 1644 [],[1905]
6.595861 1316.600000 337 0 1 98355 1645 [],[25]
6.595946 1319.600000 70868 0 1 98354 1646 [],[32801]
6.597572 1319.600000 180 0 1 98353 1647 [],[322,14929,76136,45]
6.597971 1325.400000 83131 0 1 98352 1648 [],[59902]
6.599084 1325.400000 1012 0 1 98351 1649 [],[3]
6.600776 1326.700000 21054 0 1 98350 1650 [],[49]
6.601770 1327.100000 15975 0 1 98349 1651 [],[0]
6.602115 1327.200000 50414 0 1 98348 1652 [],[113,17350]
6.602543 1327.000000 4483 0 1 98347 1653 [],[2]
6.603604 1327.800000 3168 0 1 98346 1654 [],[67057,2306]
6.604169 1329.100000 4227 0 1 98345 1655 [],[270]
6.604450 1329.300000 66640 0 1 98344 1656 [],[49]
6.605709 1329.400000 17739 0 1 98343 1657 [],[2793]
6.607121 1329.600000 7310 0 1 98342 1658 [],[0]
6.607238 1330.500000 7683 0 1 98341 1659 [],[3]
6.607259 1330.500000 32081 0 1 98340 1660 [],[48]
6.607735 1330.500000 14581 0 1 98339 1661 [],[30247]
6.608648 1331.200000 6133 0 1 98338 1662 [],[14057]
6.609496 1331.800000 618 0 1 98337 1663 [],[530]
6.610133 1333.300000 277 0 1 98336 1664 [],[40]
6.611712 1335.400000 65374 0 1 98335 1665 [],[826]
6.612978 1335.400000 6192 0 1 98334 1666 [],[16769,1164]
6.613573 1335.800000 49441 0 1 98333 1667 [],[46780]
6.613750 1336.200000 26659 0 1 98332 1668 [],[9188]
6.613767 1336.200000 85657 0 1 98331 1669 [],[11]
6.613995 1336.200000 1989 0 1 98330 1670 [],[1640]
6.614044 1336.600000 12215 0 1 98329 1671 [],[69220]
6.616185 1336.900000 48779 0 1 98328 1672 [],[22]
6.616646 1336.900000 6890 0 1 98327 1673 [],[42787,28]
6.617839 1338.400000 96676 0 1 98326 1674 [],[1966]
6.619066 1338.400000 6418 0 1 98325 1675 [],[539]
6.620360 1339.300000 79829 0 1 98324 1676 [],[1304]
6.620736 1339.300000 1158 0 1 98323 1677 [],[655]
6.621815 1341.400000 80357 0 1 98322 1678 [],[2]
6.621957 1341.400000 83549 0 1 98321 1679 [],[2]
6.623201 1341.400000 32485 0 1 98320 1680 [],[1679]
6.623959 1341.500000 26067 0 1 98319 1681 [],[12549]
6.624204 1341.600000 11115 0 1 98318 1682 [],[503]
6.624213 1341.700000 52854 0 1 98317 1683 [],[34233]
6.625759 1341.900000 41 0 1 98316 1684 [],[826,1158,1618,1762,2323,5879,38540,48254,59384,0]
6.625976 1372.900000 71818 0 1 98315 1685 [],[1299]
6.626532 1372.900000 23236 0 1 98314 1686 [],[876,3292]
6.627007 1373.000000 80769 0 1 98313 1687 [],[9067]
6.628170 1373.100000 92159 0 1 98312 1688 [],[72157]
6.630789 1373.100000 4114 0 1 98311 1689 [],[723]
6.631300 1375.300000 18353 0 1 98310 1690 [],[52]
6.631773 1375.800000 14899 0 1 98309 1691 [],[2]
6.632120 1375.800000 52618 0 1 98308 1692 [],[223]
6.632215 1376.000000 64743 0 1 98307 1693 [],[12]
6.632503 1376.000000 46053 0 1 98306 1694 [],[19294]
6.634945 1376.500000 43540 0 1 98305 1695 [],[8945]
6.635427 1376.500000 36388 0 1 98304 1696 [],[3]
6.635768 1376.500000 79629 0 1 98303 1697 [],[8160]
6.636604 1376.500000 3873 0 1 98302 1698 [],[532]
6.636796 1377.500000 7411 0 1 98301 1699 [],[19895]
6.639014 1378.000000 97725 0 1 98300 1700 [],[6470]
6.639970 1378.000000 473 0 1 98299 1701 [],[0,61]
6.640905 1385.600000 17310 0 1 98298 1702 [],[15321]
6.641232 1385.700000 69356 0 1 98297 1703 [],[1230]
6.641890 1385.700000 28302 0 1 98296 1704 [],[397]
6.642173 1385.800000 9121 0 1 98295 1705 [],[64471]
6.642462 1386.300000 69971 0 1 98294 1706 [],[73]
6.642793 1386.300000 87869 0 1 98293 1707 [],[12,3047]
6.643469 1386.100000 194 0 1 98292 1708 [],[48]
6.644064 1394.000000 889 0 1 98291 1709 [],[169]
6.644250 1395.600000 20518 0 1 98290 1710 [],[1640]
6.644940 1395.700000 2383 0 1 98289 1711 [],[94423,1427]
6.646311 1395.600000 35990 0 1 98288 1712 [],[1354]
6.646511 1395.700000 36533 0 1 98287 1713 [],[1322]
6.647089 1395.800000 24665 0 1 98286 1714 [],[28]
6.647587 1395.800000 46400 0 1 98285 1715 [],[22]
6.647958 1395.800000 77817 0 1 98284 1716 [],[1404]
6.648892 1395.800000 66784 0 1 98283 1717 [],[61]
6.650713 1395.800000 7040 0 1 98282 1718 [],[72092,2]
6.650816 1396.200000 36624 0 1 98281 1719 [],[990]
6.651237 1396.500000 120 0 1 98280 1720 [],[22]
6.652647 1401.900000 25318 0 1 98279 1721 [],[11]
6.653668 1401.900000 20039 0 1 98278 1722 [],[1465]
6.654924 1402.400000 56017 0 1 98277 1723 [],[22]
6.654996 1402.400000 2581 0 1 98276 1724 [],[51752]
6.655292 1405.200000 82226 0 1 98275 1725 [],[2323]
6.657132 1405.200000 68706 0 1 98274 1726 [],[12]
6.658654 1405.200000 46800 0 1 98273 1727 [],[1058]
6.658871 1405.200000 15253 0 1 98272 1728 [],[12]
6.659810 1405.600000 72885 0 1 98271 1729 [],[10353]
6.662557 1405.600000 487 0 1 98270 1730 [],[1322,65341,56]
6.662855 1411.100000 18299 0 1 98269 1731 [],[194]
6.666056 1411.400000 55439 0 1 98268 1732 [],[64]
6.667204 1411.400000 5 0 1 98267 1733 [],[7,37,87,829,1804,1986,3198,0,2]
6.667992 1442.000000 6775 0 1 98266 1734 [],[8928]
6.668573 1443.300000 3575 0 1 98265 1735 [],[21349]
6.669517 1445.200000 27144 0 1 98264 1736 [],[1]
6.670076 1445.400000 14305 0 1 98263 1737 [],[223]
6.671185 1446.300000 68843 0 1 98262 1738 [],[2306]
6.671275 1446.300000 16836 0 1 98261 1739 [],[17119,319]
6.672231 1446.700000 51634 0 1 98260 1740 [],[8]
6.672383 1446.900000 39668 0 1 98259 1741 [],[3017]
6.673239 1447.100000 73156 0 1 98258 1742 [],[2]
6.673336 1447.200000 20154 0 1 98257 1743 [],[41]
6.673469 1447.500000 44313 0 1 98256 1744 [],[5]
6.674340 1447.500000 35892 0 1 98255 1745 [],[18]
6.674736 1447.500000 89370 0 1 98254 1746 [],[5]
6.674774 1447.500000 84201 0 1 98253 1747 [],[1804]
6.676912 1447.500000 41512 0 1 98252 1748 [],[5093]
6.677207 1447.900000 39341 0 1 98251 1749 [],[2314]
6.677831 1447.900000 33738 0 1 98250 1750 [],[44296]
6.678339 1448.100000 24495 0 1 98249 1751 [],[7261]
6.679139 1448.100000 85 0 1 98248 1752 [],[7918,64]
6.680455 1452.800000 7809 0 1 98247 1753 [],[16170]
6.685409 1453.600000 84920 0 1 98246 1754 [],[1974]
6.685426 1453.600000 86222 0 1 98245 1755 [],[109]
6.686194 1453.600000 3877 0 1 98244 1756 [],[12]
6.686429 1454.000000 5340 0 1 98243 1757 [],[3]
6.686821 1455.000000 96444 0 1 98242 1758 [],[1920]
6.686898 1455.000000 31962 0 1 98241 1759 [],[2718]
6.688338 1455.200000 38271 0 1 98240 1760 [],[28]
6.688594 1455.200000 6147 0 1 98239 1761 [],[33738]
6.691810 1456.100000 5254 0 1 98238 1762 [],[1905]
6.691943 1456.300000 14246 0 1 98237 1763 [],[37137]
6.692528 1456.500000 29575 0 1 98236 1764 [],[7918]
6.692655 1456.600000 17440 0 1 98235 1765 [],[1782]
6.692871 1456.700000 25738 0 1 98234 1766 [],[190]
6.692910 1456.900000 30105 0 1 98233 1767 [],[4245]
6.695008 1456.900000 93198 0 1 98232 1768 [],[487]
6.696762 1456.900000 19626 0 1 98231 1769 [],[45]
6.697752 1457.000000 11654 0 1 98230 1770 [],[838]
6.699175 1457.000000 87603 0 1 98229 1771 [],[322]
6.700794 1457.000000 2733 0 1 98228 1772 [],[59145,313,1086]
6.701696 1457.900000 87024 0 1 98227 1773 [],[3]
6.701751 1457.900000 12654 0 1 98226 1774 [],[826]
6.702058 1457.900000 75969 0 1 98225 1775 [],[2651]
6.702535 1457.900000 2450 0 1 98224 1776 [],[7137,223]
6.703372 1458.500000 20364 0 1 98223 1777 [],[29064]
6.703452 1458.800000 26273 0 1 98222 1778 [],[113]
6.705021 1458.800000 59530 0 1 98221 1779 [],[10830]
6.706028 1458.900000 19953 0 1 98220 1780 [],[41]
6.708042 1458.900000 2289 0 1 98219 1781 [],[1007]
6.708415 1459.700000 32024 0 1 98218 1782 [],[4413]
6.709285 1459.900000 2408 0 1 98217 1783 [],[84321]
6.709936 1462.300000 8654 0 1 98216 1784 [],[46]
6.710504 1462.600000 2189 0 1 98215 1785 [],[1529]
6.710662 1463.000000 86549 0 1 98214 1786 [],[2]
6.710781 1463.000000 95487 0 1 98213 1787 [],[45]
6.711621 1463.000000 27389 0 1 98212 1788 [],[73]
6.712113 1463.400000 45509 0 1 98211 1789 [],[36,1782]
6.712169 1463.200000 69736 0 1 98210 1790 [],[11880]
6.713119 1463.300000 67440 0 1 98209 1791 [],[51732]
6.713630 1463.300000 85438 0 1 98208 1792 [],[5,761]
6.713764 1463.100000 72145 0 1 98207 1793 [],[3132]
6.714189 1463.100000 44892 0 1 98206 1794 [],[6133]
6.715255 1463.100000 36370 0 1 98205 1795 [],[8]
6.715499 1463.100000 73598 0 1 98204 1796 [],[4186]
6.718177 1463.100000 80544 0 1 98203 1797 [],[169]
6.718654 1463.100000 423 0 1 98202 1798 [],[794,40]
6.719139 1465.400000 44279 0 1 98201 1799 [],[96]
6.719459 1465.400000 8146 0 1 98200 1800 [],[2574]
6.721173 1465.400000 76363 0 1 98199 1801 [],[723]
6.721227 1465.400000 26225 0 1 98198 1802 [],[7137]
6.721704 1465.900000 41368 0 1 98197 1803 [],[33601]
6.722474 1466.100000 80195 0 1 98196 1804 [],[871]
6.723438 1466.100000 633 0 1 98195 1805 [],[93458,539]
6.723956 1469.400000 71036 0 1 98194 1806 [],[4308]
6.724081 1469.400000 13 0 1 98193 1807 [],[25,6003,10975,0,2]
6.724660 1477.900000 35900 0 1 98192 1808 [],[13]
6.725029 1477.900000 4685 0 1 98191 1809 [],[60]
6.725601 1478.700000 72409 0 1 98190 1810 [],[17358]
6.725654 1478.900000 7088 0 1 98189 1811 [],[331]
6.725964 1479.200000 44516 0 1 98188 1812 [],[169]
6.727239 1479.200000 7941 0 1 98187 1813 [],[262]
6.728387 1479.300000 21289 0 1 98186 1814 [],[0]
6.729970 1479.300000 35147 0 1 98185 1815 [],[3579]
6.730528 1479.600000 86419 0 1 98184 1816 [],[151]
6.731266 1479.600000 24713 0 1 98183 1817 [],[438]
6.732116 1479.600000 55091 0 1 98182 1818 [],[473]
6.733693 1479.600000 98090 0 1 98181 1819 [],[41]
6.734300 1479.600000 340 0 1 98180 1820 [],[223]
6.734447 1483.700000 41874 0 1 98179 1821 [],[0]
6.734739 1483.800000 4723 0 1 98178 1822 [],[0]
6.736561 1484.000000 43031 0 1 98177 1823 [],[64]
6.736576 1484.100000 80603 0 1 98176 1824 [],[45]
6.739207 1484.100000 10993 0 1 98175 1825 [],[52]
6.739253 1484.600000 71069 0 1 98174 1826 [],[2]
6.739346 1484.600000 395 0 1 98173 1827 [],[6542,22938,48]
6.740070 1490.900000 89350 0 1 98172 1828 [],[8]
6.743580 1491.000000 99702 0 1 98171 1829 [],[1]
6.744768 1491.000000 4373 0 1 98170 1830 [],[572]
6.745848 1491.100000 71189 0 1 98169 1831 [],[2]
6.745862 1491.500000 18788 0 1 98168 1832 [],[2]
6.746436 1491.500000 18154 0 1 98167 1833 [],[76363,180]
6.747384 1492.000000 31282 0 1 98166 1834 [],[12]
6.747648 1492.100000 98426 0 1 98165 1835 [],[3]
6.748746 1492.100000 14716 0 1 98164 1836 [],[15776]
6.749058 1492.600000 73757 0 1 98163 1837 [],[1804]
6.749669 1492.600000 5856 0 1 98162 1838 [],[2092]
6.750772 1492.800000 4862 0 1 98161 1839 [],[73]
6.751128 1493.100000 11863 0 1 98160 1840 [],[0]
6.752131 1494.100000 2125 0 1 98159 1841 [],[41]
6.752661 1494.500000 36954 0 1 98158 1842 [],[2412]
6.752733 1494.500000 67164 0 1 98157 1843 [],[574]
6.753012 1494.500000 95526 0 1 98156 1844 [],[7]
6.753073 1494.500000 13103 0 1 98155 1845 [],[8]
6.753075 1494.800000 1019 0 1 98154 1846 [],[5]
6.754497 1495.400000 48923 0 1 98153 1847 [],[27389]
6.755906 1495.500000 71949 0 1 98152 1848 [],[3756]
6.757343 1495.500000 98461 0 1 98151 1849 [],[91]
6.757837 1495.500000 10723 0 1 98150 1850 [],[72878,590,4014]
6.757844 1495.300000 16080 0 1 98149 1851 [],[45]
6.758231 1495.700000 47335 0 1 98148 1852 [],[869]
6.758232 1495.800000 31063 0 1 98147 1853 [],[657]
6.758897 1495.900000 2755 0 1 98146 1854 [],[16069]
6.759180 1499.200000 51106 0 1 98145 1855 [],[2,2077]
6.761270 1499.000000 63698 0 1 98144 1856 [],[5]
6.762821 1499.000000 11209 0 1 98143 1857 [],[7941]
6.762821 1499.300000 56430 0 1 98142 1858 [],[3168]
6.764477 1499.500000 1760 0 1 98141 1859 [],[6147]
6.764643 1500.400000 16004 0 1 98140 1860 [],[1048]
6.764737 1500.500000 50233 0 1 98139 1861 [],[617]
6.765809 1500.800000 52401 0 1 98138 1862 [],[73156,572]
6.765841 1500.900000 29494 0 1 98137 1863 [],[539]
6.765920 1501.500000 50577 0 1 98136 1864 [],[49]
6.766078 1501.600000 98149 0 1 98135 1865 [],[1095]
6.766608 1501.600000 1331 0 1 98134 1866 [],[2327,826]
6.767578 1504.000000 9288 0 1 98133 1867 [],[51449]
6.767876 1504.400000 1807 0 1 98132 1868 [],[73]
6.769792 1504.800000 15181 0 1 98131 1869 [],[67264]
6.770283 1505.400000 32010 0 1 98130 1870 [],[1158]
6.770896 1506.000000 71782 0 1 98129 1871 [],[25662]
6.771062 1506.100000 18404 0 1 98128 1872 [],[12]
6.771999 1506.300000 19916 0 1 98127 1873 [],[2]
6.772379 1506.400000 16105 0 1 98126 1874 [],[40]
6.772445 1506.500000 89622 0 1 98125 1875 [],[12993]
6.772673 1506.500000 19315 0 1 98124 1876 [],[8]
6.773509 1506.700000 11059 0 1 98123 1877 [],[41705]
6.773638 1507.600000 99641 0 1 98122 1878 [],[5]
6.773733 1507.600000 8393 0 1 98121 1879 [],[3873]
6.774422 1507.800000 25980 0 1 98120 1880 [],[3700]
6.774791 1508.000000 53121 0 1 98119 1881 [],[6542]
6.775504 1508.100000 97960 0 1 98118 1882 [],[621]
6.776231 1508.100000 20169 0 1 98117 1883 [],[46]
6.776967 1508.500000 14797 0 1 98116 1884 [],[18]
6.777599 1509.300000 8778 0 1 98115 1885 [],[24405]
6.779195 1510.100000 50066 0 1 98114 1886 [],[8]
6.779222 1510.200000 16632 0 1 98113 1887 [],[20381,2432]
6.779650 1510.700000 81414 0 1 98112 1888 [],[60]
6.779849 1510.700000 59669 0 1 98111 1889 [],[8114]
6.780339 1511.000000 59662 0 1 98110 1890 [],[835]
6.780966 1511.200000 5701 0 1 98109 1891 [],[19401]
6.781220 1511.900000 93453 0 1 98108 1892 [],[64]
6.781613 1511.900000 89867 0 1 98107 1893 [],[96]
6.781686 1511.900000 18033 0 1 98106 1894 [],[2574]
6.783456 1512.200000 22991 0 1 98105 1895 [],[8576]
6.784121 1512.700000 57604 0 1 98104 1896 [],[2369]
6.785401 1512.700000 11856 0 1 98103 1897 [],[41]
6.785478 1513.400000 22017 0 1 98102 1898 [],[4014]
6.785697 1513.500000 1546 0 1 98101 1899 [],[11]
6.785807 1515.800000 1252 0 1 98100 1900 [],[5]
6.786046 1519.200000 9863 0 1 98099 1901 [],[11115]
6.787100 1519.800000 82850 0 1 98098 1902 [],[22]
6.787436 1519.900000 58833 0 1 98097 1903 [],[1158]
6.788572 1520.300000 65846 0 1 98096 1904 [],[82226]
6.789019 1520.400000 49978 0 1 98095 1905 [],[11863]
6.790522 1520.400000 13189 0 1 98094 1906 [],[2755]
6.790565 1520.400000 49826 0 1 98093 1907 [],[156]
6.791956 1520.800000 2379 0 1 98092 1908 [],[603]
6.792164 1521.000000 15 0 1 98091 1909 [],[617,1966,5950,1,2]
6.793092 1530.800000 8131 0 1 98090 1910 [],[5]
6.794527 1531.500000 188 0 1 98089 1911 [],[810,79878,49]
6.795669 1536.800000 207 0 1 98088 1912 [],[12215]
6.796591 1539.500000 3540 0 1 98087 1913 [],[36]
6.799543 1540.900000 13361 0 1 98086 1914 [],[2092]
6.799971 1541.100000 8637 0 1 98085 1915 [],[61,2408]
6.801417 1541.400000 31413 0 1 98084 1916 [],[4356]
6.801730 1541.900000 2750 0 1 98083 1917 [],[2]
6.801914 1542.300000 9872 0 1 98082 1918 [],[2574]
6.802687 1543.000000 54 0 1 98081 1919 [],[331,589,1058,2858,3557,4712,5516,9799,65853,72157,22,36]
6.803197 1565.100000 54785 0 1 98080 1920 [],[18]
6.804534 1565.200000 36115 0 1 98079 1921 [],[42205]
6.804609 1565.600000 79182 0 1 98078 1922 [],[5254]
6.804728 1565.600000 2979 0 1 98077 1923 [],[8146]
6.804747 1566.100000 48274 0 1 98076 1924 [],[49]
6.805438 1566.200000 12340 0 1 98075 1925 [],[0]
6.805838 1566.700000 5015 0 1 98074 1926 [],[14581,85186]
6.805990 1567.500000 42240 0 1 98073 1927 [],[618]
6.807463 1567.500000 1315 0 1 98072 1928 [],[15248,36]
6.811176 1567.900000 2417 0 1 98071 1929 [],[48]
6.811362 1568.600000 51452 0 1 98070 1930 [],[0]
6.811645 1568.800000 7085 0 1 98069 1931 [],[5]
6.812064 1568.900000 21762 0 1 98068 1932 [],[2905]
6.812629 1568.900000 8642 0 1 98067 1933 [],[5008]
6.814148 1569.600000 50830 0 1 98066 1934 [],[54]
6.815002 1569.700000 45971 0 1 98065 1935 [],[9297]
6.815205 1569.700000 2500 0 1 98064 1936 [],[8112,769]
6.815944 1571.000000 62532 0 1 98063 1937 [],[617]
6.816636 1571.000000 1091 0 1 98062 1938 [],[1306]
6.817181 1572.100000 63480 0 1 98061 1939 [],[16389]
6.817400 1572.100000 45570 0 1 98060 1940 [],[2]
6.817444 1572.100000 25112 0 1 98059 1941 [],[838]
6.817993 1572.200000 27991 0 1 98058 1942 [],[98426,2]
6.818648 1572.400000 14985 0 1 98057 1943 [],[8258]
6.819384 1572.500000 2751 0 1 98056 1944 [],[1]
6.820231 1573.200000 55711 0 1 98055 1945 [],[87603]
6.820827 1573.500000 1340 0 1 98054 1946 [],[38912,96]
6.821608 1574.300000 65718 0 1 98053 1947 [],[313]
6.821639 1574.400000 48986 0 1 98052 1948 [],[5]
6.822264 1574.400000 67 0 1 98051 1949 [],[36]
6.822535 1578.800000 3893 0 1 98050 1950 [],[4413]
6.824244 1579.900000 23972 0 1 98049 1951 [],[397]
6.825968 1580.100000 29240 0 1 98048 1952 [],[0]
6.826543 1580.400000 89538 0 1 98047 1953 [],[233]
6.826740 1580.400000 98267 0 1 98046 1954 [],[88883]
6.827140 1580.400000 12267 0 1 98045 1955 [],[835]
6.828479 1581.000000 76607 0 1 98044 1956 [],[473]
6.828944 1581.100000 16422 0 1 98043 1957 [],[6127]
6.830101 1581.900000 23594 0 1 98042 1958 [],[7]
6.831052 1582.200000 8323 0 1 98041 1959 [],[28073]
6.831160 1582.600000 27508 0 1 98040 1960 [],[8034]
6.831401 1582.700000 71829 0 1 98039 1961 [],[13]
6.831808 1582.700000 4058 0 1 98038 1962 [],[8]
6.832187 1584.400000 28431 0 1 98037 1963 [],[190]
6.832296 1584.600000 24643 0 1 98036 1964 [],[11059]
6.832535 1584.900000 9857 0 1 98035 1965 [],[530]
6.832853 1585.300000 40435 0 1 98034 1966 [],[75]
6.833142 1585.300000 43441 0 1 98033 1967 [],[838]
6.834097 1585.300000 3980 0 1 98032 1968 [],[655]
6.834790 1586.700000 42706 0 1 98031 1969 [],[24405]
6.836043 1586.700000 16527 0 1 98030 1970 [],[2]
6.836982 1587.100000 49131 0 1 98029 1971 [],[8]
6.837368 1587.400000 16060 0 1 98028 1972 [],[530]
6.837760 1587.500000 47951 0 1 98027 1973 [],[4445]
6.838617 1587.500000 73452 0 1 98026 1974 [],[0]
6.838948 1587.600000 232 0 1 98025 1975 [],[2092,28428]
6.838996 1594.400000 2154 0 1 98024 1976 [],[169]
6.839024 1595.800000 47099 0 1 98023 1977 [],[603]
6.839259 1595.900000 44572 0 1 98022 1978 [],[1]
6.840805 1595.900000 41055 0 1 98021 1979 [],[232]
6.841100 1596.000000 3456 0 1 98020 1980 [],[5,1404]
6.841380 1596.600000 66078 0 1 98019 1981 [],[2]
6.841540 1596.600000 4286 0 1 98018 1982 [],[2766]
6.841747 1597.800000 11364 0 1 98017 1983 [],[638]
6.842090 1598.000000 4923 0 1 98016 1984 [],[75]
6.844490 1598.100000 3226 0 1 98015 1985 [],[2]
6.845115 1598.200000 7051 0 1 98014 1986 [],[36074,54]
6.845191 1598.500000 47651 0 1 98013 1987 [],[385]
6.845581 1598.500000 48761 0 1 98012 1988 [],[2]
6.846816 1598.600000 2390 0 1 98011 1989 [],[1002]
6.846951 1599.700000 24181 0 1 98010 1990 [],[572]
6.847159 1599.700000 74477 0 1 98009 1991 [],[6225]
6.847578 1599.700000 2598 0 1 98008 1992 [],[60]
6.847677 1600.000000 24199 0 1 98007 1993 [],[432]
6.848512 1600.000000 89924 0 1 98006 1994 [],[7]
6.848875 1600.000000 1348 0 1 98005 1995 [],[2]
6.850075 1600.400000 27493 0 1 98004 1996 [],[91]
6.850937 1601.000000 43044 0 1 98003 1997 [],[64]
6.851676 1601.100000 55093 0 1 98002 1998 [],[223]
6.854343 1601.100000 25209 0 1 98001 1999 [],[94]
6.855768 1601.200000 45943 0 1 98000 2000 [],[87,2092]
