14.388190 0.200000 973 0 1 99998 2 [],[99999]
14.404737 1.900000 9636 0 1 99997 3 [],[973]
14.644578 2.500000 11640 0 1 99996 4 [],[973]
14.667557 2.600000 337 0 1 99995 5 [],[11640]
14.740276 13.200000 57275 0 1 99994 6 [],[337]
15.069868 13.200000 3309 0 1 99993 7 [],[337]
15.131125 13.500000 5839 0 1 99992 8 [],[337]
15.321072 13.600000 21979 0 1 99991 9 [],[973]
15.380666 13.900000 4347 0 1 99990 10 [],[337]
15.387573 14.400000 47006 0 1 99989 11 [],[337]
15.516194 14.400000 2874 0 1 99988 12 [],[337]
15.641309 15.500000 45355 0 1 99987 13 [],[337]
15.696645 15.600000 59078 0 1 99986 14 [],[337]
15.712012 15.800000 99674 0 1 99985 15 [],[337]
15.751207 15.800000 68074 0 1 99984 16 [],[337]
15.906003 15.800000 31204 0 1 99983 17 [],[973]
15.940618 16.000000 36 0 1 99982 18 [],[973]
15.997589 42.500000 61191 0 1 99981 19 [],[36]
16.049777 42.800000 157 0 1 99980 20 [],[4347]
16.056295 45.000000 7 0 1 99979 21 [],[157]
16.062171 63.900000 3514 0 1 99978 22 [],[36]
16.068981 65.700000 62313 0 1 99977 23 [],[337]
16.087279 65.800000 1405 0 1 99976 24 [],[337]
16.094559 66.400000 30509 0 1 99975 25 [],[7]
16.102146 66.500000 351 0 1 99974 26 [],[36]
16.109398 71.500000 56500 0 1 99973 27 [],[36]
16.122994 71.700000 60716 0 1 99972 28 [],[2874]
16.125367 71.700000 281 0 1 99971 29 [],[7]
16.148332 73.400000 259 0 1 99970 30 [],[36]
16.151797 82.300000 11670 0 1 99969 31 [],[7]
16.172350 83.000000 28243 0 1 99968 32 [],[1405]
16.186377 83.400000 12033 0 1 99967 33 [],[7]
16.198424 83.500000 6081 0 1 99966 34 [],[36]
16.207675 83.800000 57281 0 1 99965 35 [],[337]
16.212333 83.900000 2346 0 1 99964 36 [],[157]
16.214378 84.400000 34703 0 1 99963 37 [],[157]
16.217314 84.500000 4613 0 1 99962 38 [],[36]
16.224802 85.500000 50929 0 1 99961 39 [],[7]
16.229217 85.700000 64759 0 1 99960 40 [],[157]
16.232211 85.700000 6258 0 1 99959 41 [],[337]
16.254839 86.900000 24239 0 1 99958 42 [],[7]
16.259087 86.900000 7475 0 1 99957 43 [],[337]
16.261877 87.100000 63652 0 1 99956 44 [],[3514]
16.272206 87.100000 41085 0 1 99955 45 [],[6258]
16.304225 87.200000 76193 0 1 99954 46 [],[36]
16.333511 87.200000 5600 0 1 99953 47 [],[337]
16.335313 88.100000 28 0 1 99952 48 [],[7]
16.339192 93.800000 25961 0 1 99951 49 [],[36,4613]
16.339493 93.900000 15192 0 1 99950 50 [],[36]
16.352265 94.400000 25473 0 1 99949 51 [],[7]
16.356505 94.500000 38401 0 1 99948 52 [],[28]
16.361547 94.500000 81457 0 1 99947 53 [],[36]
16.389862 94.500000 33615 0 1 99946 54 [],[36]
16.398690 94.500000 87104 0 1 99945 55 [],[36]
16.423688 94.500000 16236 0 1 99944 56 [],[56500]
16.457822 94.600000 54016 0 1 99943 57 [],[4613]
16.469929 94.600000 1393 0 1 99942 58 [],[36]
16.471719 95.600000 26424 0 1 99941 59 [],[7475]
16.473729 95.600000 156 0 1 99940 60 [],[36]
16.481774 101.100000 82749 0 1 99939 61 [],[259]
16.483924 101.100000 87624 0 1 99938 62 [],[36]
16.500653 101.100000 22774 0 1 99937 63 [],[99674]
16.504643 101.200000 17259 0 1 99936 64 [],[36]
16.505245 101.400000 98425 0 1 99935 65 [],[1393]
16.507254 101.400000 98650 0 1 99934 66 [],[36]
16.514974 101.400000 68223 0 1 99933 67 [],[6258]
16.522232 101.400000 13102 0 1 99932 68 [],[36]
16.543024 101.900000 63223 0 1 99931 69 [],[156]
16.547499 101.900000 637 0 1 99930 70 [],[7]
16.548482 103.300000 19180 0 1 99929 71 [],[36]
16.551432 104.600000 8317 0 1 99928 72 [],[98650]
16.572707 105.600000 59623 0 1 99927 73 [],[337]
16.628688 105.600000 7697 0 1 99926 74 [],[26424]
16.629320 106.600000 85 0 1 99925 75 [],[36]
16.630840 118.700000 24027 0 1 99924 76 [],[36]
16.636481 118.700000 50820 0 1 99923 77 [],[36]
16.665165 118.900000 174 0 1 99922 78 [],[85]
16.673701 121.800000 751 0 1 99921 79 [],[36]
16.674000 126.600000 24251 0 1 99920 80 [],[36]
16.681925 127.000000 61060 0 1 99919 81 [],[174]
16.684154 127.100000 19838 0 1 99918 82 [],[28]
16.685756 127.200000 3258 0 1 99917 83 [],[7]
16.711286 128.100000 33875 0 1 99916 84 [],[637]
16.711678 128.500000 4854 0 1 99915 85 [],[85]
16.725082 129.700000 43309 0 1 99914 86 [],[2874]
16.728979 130.000000 69586 0 1 99913 87 [],[7]
16.733780 130.100000 13167 0 1 99912 88 [],[259]
16.736724 130.400000 7877 0 1 99911 89 [],[85]
16.739979 130.800000 2470 0 1 99910 90 [],[259,337]
16.745987 131.800000 28504 0 1 99909 91 [],[36]
16.748260 132.300000 21795 0 1 99908 92 [],[7697]
16.748972 132.600000 67711 0 1 99907 93 [],[337]
16.750568 132.600000 302 0 1 99906 94 [],[30509]
16.753886 136.600000 85382 0 1 99905 95 [],[36]
16.759818 136.600000 73 0 1 99904 96 [],[16236]
16.771660 173.300000 13134 0 1 99903 97 [],[259]
16.780588 174.400000 71696 0 1 99902 98 [],[259]
16.786678 174.400000 17315 0 1 99901 99 [],[351]
16.787494 174.400000 11937 0 1 99900 100 [],[7]
16.801451 176.000000 3819 0 1 99899 101 [],[85]
16.803754 177.100000 11774 0 1 99898 102 [],[7]
16.804966 177.300000 24929 0 1 99897 103 [],[7]
16.807938 177.400000 50261 0 1 99896 104 [],[6258]
16.816783 177.700000 9438 0 1 99895 105 [],[63652]
16.821442 178.300000 15188 0 1 99894 106 [],[43309]
16.822033 178.400000 18613 0 1 99893 107 [],[73]
16.840721 178.500000 51791 0 1 99892 108 [],[351]
16.845487 178.700000 210 0 1 99891 109 [],[73]
16.849063 181.700000 25372 0 1 99890 110 [],[73]
16.849457 181.800000 4007 0 1 99889 111 [],[73]
16.858840 182.400000 16055 0 1 99888 112 [],[11937]
16.864621 182.500000 7104 0 1 99887 113 [],[73]
16.874791 182.600000 61622 0 1 99886 114 [],[7]
16.880458 182.700000 64562 0 1 99885 115 [],[50261]
16.893070 182.800000 79661 0 1 99884 116 [],[337]
16.899247 182.800000 3927 0 1 99883 117 [],[73]
16.903702 183.500000 78862 0 1 99882 118 [],[751]
16.904048 183.600000 15744 0 1 99881 119 [],[7]
16.909180 184.000000 8353 0 1 99880 120 [],[637]
16.911813 184.500000 119 0 1 99879 121 [],[73]
16.928561 187.900000 12938 0 1 99878 122 [],[25372]
16.939185 188.700000 50518 0 1 99877 123 [],[259]
16.945704 189.200000 33638 0 1 99876 124 [],[7]
16.951006 189.300000 21 0 1 99875 125 [],[174]
16.951921 200.000000 28629 0 1 99874 126 [],[337]
16.952931 200.000000 4436 0 1 99873 127 [],[36]
16.956391 200.200000 80157 0 1 99872 128 [],[351]
16.962729 200.200000 2539 0 1 99871 129 [],[36]
16.964235 202.200000 67578 0 1 99870 130 [],[73]
16.967378 202.300000 1854 0 1 99869 131 [],[119]
16.967666 204.600000 9098 0 1 99868 132 [],[73]
16.968946 204.800000 40831 0 1 99867 133 [],[36]
16.971361 204.900000 94166 0 1 99866 134 [],[36]
16.973489 204.900000 5007 0 1 99865 135 [],[36]
16.981722 205.200000 52914 0 1 99864 136 [],[7697]
16.988576 205.400000 45163 0 1 99863 137 [],[28]
17.000675 205.400000 84257 0 1 99862 138 [],[85]
17.002473 205.400000 10504 0 1 99861 139 [],[259]
17.005114 205.600000 71376 0 1 99860 140 [],[85]
17.006943 205.600000 79472 0 1 99859 141 [],[73]
17.009965 205.600000 47634 0 1 99858 142 [],[9438]
17.012332 205.600000 26529 0 1 99857 143 [],[337]
17.013380 206.100000 30981 0 1 99856 144 [],[73]
17.018041 206.200000 74473 0 1 99855 145 [],[259]
17.025402 206.200000 27966 0 1 99854 146 [],[259]
17.034816 206.300000 162 0 1 99853 147 [],[259]
17.038182 210.700000 35675 0 1 99852 148 [],[21]
17.042569 210.700000 3928 0 1 99851 149 [],[156]
17.045054 211.400000 46673 0 1 99850 150 [],[73]
17.047226 211.400000 16305 0 1 99849 151 [],[210]
17.048139 211.400000 32729 0 1 99848 152 [],[751]
17.048153 211.500000 21192 0 1 99847 153 [],[28]
17.053265 211.600000 91602 0 1 99846 154 [],[57281]
17.053266 211.700000 3007 0 1 99845 155 [],[73]
17.056940 212.800000 13009 0 1 99844 156 [],[21]
17.080722 213.400000 1744 0 1 99843 157 [],[85]
17.084812 213.700000 6200 0 1 99842 158 [],[36]
17.087623 214.000000 35092 0 1 99841 159 [],[61622]
17.087698 214.800000 39822 0 1 99840 160 [],[36]
17.090086 214.900000 34625 0 1 99839 161 [],[85]
17.102015 214.900000 23774 0 1 99838 162 [],[7]
17.104144 214.900000 59090 0 1 99837 163 [],[85]
17.106278 214.900000 26846 0 1 99836 164 [],[7]
17.112295 215.400000 10339 0 1 99835 165 [],[210]
17.118849 215.800000 66919 0 1 99834 166 [],[73]
17.124347 215.800000 50653 0 1 99833 167 [],[73]
17.133500 215.900000 31020 0 1 99832 168 [],[156]
17.135382 216.500000 44898 0 1 99831 169 [],[2539]
17.144766 216.700000 77877 0 1 99830 170 [],[162]
17.150487 216.700000 51129 0 1 99829 171 [],[35092]
17.155863 216.700000 91187 0 1 99828 172 [],[73]
17.156255 216.700000 99187 0 1 99827 173 [],[9636]
17.158270 216.700000 36246 0 1 99826 174 [],[36]
17.183529 216.800000 63374 0 1 99825 175 [],[85]
17.184362 217.000000 62010 0 1 99824 176 [],[78862]
17.191255 217.100000 399 0 1 99823 177 [],[7]
17.193258 223.000000 4280 0 1 99822 178 [],[259]
17.197825 223.100000 43131 0 1 99821 179 [],[67711]
17.218462 223.500000 65093 0 1 99820 180 [],[31020]
17.222301 223.500000 2658 0 1 99819 181 [],[337]
17.230325 223.500000 28241 0 1 99818 182 [],[7]
17.246747 223.700000 1492 0 1 99817 183 [],[21,302]
17.250008 223.900000 55234 0 1 99816 184 [],[51791]
17.259959 224.000000 28142 0 1 99815 185 [],[259]
17.261452 224.600000 19498 0 1 99814 186 [],[36,85]
17.262025 224.600000 20150 0 1 99813 187 [],[1854]
17.264325 225.100000 55684 0 1 99812 188 [],[4347]
17.271391 225.200000 24657 0 1 99811 189 [],[157]
17.282091 225.200000 15407 0 1 99810 190 [],[3258]
17.282290 225.800000 37393 0 1 99809 191 [],[337]
17.290682 225.800000 72889 0 1 99808 192 [],[3819]
17.303242 225.900000 42663 0 1 99807 193 [],[9438]
17.307682 225.900000 3062 0 1 99806 194 [],[21]
17.311670 226.900000 6585 0 1 99805 195 [],[337]
17.312093 227.700000 85582 0 1 99804 196 [],[85]
17.312226 227.700000 80947 0 1 99803 197 [],[85]
17.317751 227.700000 20130 0 1 99802 198 [],[73]
17.321510 227.800000 53 0 1 99801 199 [],[87104,36]
17.323652 237.700000 50673 0 1 99800 200 [],[351]
17.324123 237.700000 92177 0 1 99799 201 [],[21]
17.324893 237.700000 30980 0 1 99798 202 [],[1393]
17.345050 237.800000 38357 0 1 99797 203 [],[751]
17.345372 238.000000 812 0 1 99796 204 [],[28]
17.346933 246.200000 98061 0 1 99795 205 [],[7]
17.348358 246.200000 44303 0 1 99794 206 [],[4613]
17.354244 246.200000 34493 0 1 99793 207 [],[3514]
17.355978 246.200000 11401 0 1 99792 208 [],[7]
17.357984 247.000000 5985 0 1 99791 209 [],[73]
17.366380 247.300000 3742 0 1 99790 210 [],[73]
17.367676 247.800000 25813 0 1 99789 211 [],[20150]
17.372841 248.100000 8731 0 1 99788 212 [],[3007]
17.376757 248.500000 53332 0 1 99787 213 [],[53]
17.390000 248.600000 12994 0 1 99786 214 [],[85]
17.391406 248.600000 44717 0 1 99785 215 [],[36]
17.394532 248.700000 62592 0 1 99784 216 [],[19180]
17.395345 248.700000 4974 0 1 99783 217 [],[281]
17.396003 249.600000 1488 0 1 99782 218 [],[73]
17.397753 250.900000 55169 0 1 99781 219 [],[3927]
17.401986 250.900000 34154 0 1 99780 220 [],[351]
17.402635 251.600000 52638 0 1 99779 221 [],[337]
17.402957 251.600000 10028 0 1 99778 222 [],[7]
17.405310 251.700000 1793 0 1 99777 223 [],[2346]
17.410694 253.400000 39628 0 1 99776 224 [],[11774]
17.412544 253.400000 2979 0 1 99775 225 [],[73]
17.412602 253.500000 18323 0 1 99774 226 [],[53]
17.412967 253.600000 14492 0 1 99773 227 [],[36,53]
17.414784 253.600000 34488 0 1 99772 228 [],[85]
17.415411 253.600000 45487 0 1 99771 229 [],[73]
17.416258 253.800000 4503 0 1 99770 230 [],[259]
17.424879 254.600000 87676 0 1 99769 231 [],[637]
17.429490 254.600000 30548 0 1 99768 232 [],[399]
17.435638 254.600000 9868 0 1 99767 233 [],[32729]
17.438430 256.000000 2326 0 1 99766 234 [],[73]
17.441321 256.300000 16648 0 1 99765 235 [],[53]
17.445863 256.600000 3331 0 1 99764 236 [],[28]
17.449936 257.000000 94710 0 1 99763 237 [],[19180]
17.450671 257.000000 13 0 1 99762 238 [],[302,17259,7]
17.451515 275.500000 61688 0 1 99761 239 [],[3928]
17.451933 275.500000 37704 0 1 99760 240 [],[34154]
17.453994 275.600000 40860 0 1 99759 241 [],[119]
17.459260 275.600000 15010 0 1 99758 242 [],[13]
17.463387 275.800000 68586 0 1 99757 243 [],[337]
17.466018 275.800000 89848 0 1 99756 244 [],[13]
17.469649 275.800000 5350 0 1 99755 245 [],[36246]
17.488197 277.600000 52254 0 1 99754 246 [],[1854]
17.489890 277.900000 20661 0 1 99753 247 [],[351]
17.493326 278.100000 17320 0 1 99752 248 [],[39628]
17.494868 278.600000 96332 0 1 99751 249 [],[7]
17.495441 278.700000 15922 0 1 99750 250 [],[21]
17.496953 278.900000 65108 0 1 99749 251 [],[36]
17.497176 279.100000 19972 0 1 99748 252 [],[259]
17.498971 279.200000 14760 0 1 99747 253 [],[13]
17.501281 279.600000 19664 0 1 99746 254 [],[973]
17.503630 279.700000 52370 0 1 99745 255 [],[11937]
17.509411 279.700000 10815 0 1 99744 256 [],[13]
17.515077 280.200000 61091 0 1 99743 257 [],[73]
17.515867 280.400000 57799 0 1 99742 258 [],[7]
17.523647 280.500000 26675 0 1 99741 259 [],[13]
17.524827 280.900000 31908 0 1 99740 260 [],[57281]
17.526400 281.200000 73460 0 1 99739 261 [],[3258]
17.527402 281.200000 43390 0 1 99738 262 [],[36246]
17.529033 281.200000 6002 0 1 99737 263 [],[13]
17.538740 281.800000 2908 0 1 99736 264 [],[281]
17.540695 282.600000 3 0 1 99735 265 [],[7,13,21,210,3331,64759]
17.542617 412.300000 49017 0 1 99734 266 [],[85]
17.542932 412.300000 410 0 1 99733 267 [],[73,156]
17.543483 414.700000 24245 0 1 99732 268 [],[36]
17.543569 415.200000 2667 0 1 99731 269 [],[53,73]
17.543872 416.900000 15368 0 1 99730 270 [],[3]
17.544570 417.300000 7097 0 1 99729 271 [],[9868]
17.546871 417.900000 70296 0 1 99728 272 [],[3]
17.556448 417.900000 7467 0 1 99727 273 [],[3]
17.562531 418.000000 17986 0 1 99726 274 [],[3]
17.562774 418.300000 79146 0 1 99725 275 [],[26846]
17.563152 418.300000 1871 0 1 99724 276 [],[85]
17.564631 419.800000 22949 0 1 99723 277 [],[7]
17.568594 419.900000 5095 0 1 99722 278 [],[13]
17.568807 420.300000 1039 0 1 99721 279 [],[3]
17.574319 423.200000 30628 0 1 99720 280 [],[2539]
17.576061 423.300000 90652 0 1 99719 281 [],[3]
17.578423 423.300000 29662 0 1 99718 282 [],[3]
17.578642 423.500000 68743 0 1 99717 283 [],[3]
17.579056 423.500000 71922 0 1 99716 284 [],[18323]
17.580871 423.600000 2082 0 1 99715 285 [],[28]
17.582220 423.900000 66778 0 1 99714 286 [],[3]
17.582705 424.000000 79305 0 1 99713 287 [],[7]
17.582968 424.000000 38770 0 1 99712 288 [],[26529]
17.583640 424.200000 98311 0 1 99711 289 [],[50518]
17.584752 424.200000 63737 0 1 99710 290 [],[11937]
17.586235 424.200000 1677 0 1 99709 291 [],[3]
17.590278 424.500000 6386 0 1 99708 292 [],[3]
17.591824 425.600000 78689 0 1 99707 293 [],[4347]
17.598547 425.600000 13617 0 1 99706 294 [],[36]
17.599772 425.800000 12604 0 1 99705 295 [],[73]
17.600371 426.200000 20412 0 1 99704 296 [],[13134]
17.600562 426.400000 9447 0 1 99703 297 [],[3]
17.601793 426.600000 47952 0 1 99702 298 [],[2874]
17.602074 426.700000 28427 0 1 99701 299 [],[337]
17.606110 427.200000 7552 0 1 99700 300 [],[3]
17.607390 427.700000 65883 0 1 99699 301 [],[11937]
17.612019 427.800000 14432 0 1 99698 302 [],[3]
17.612241 428.300000 17960 0 1 99697 303 [],[210]
17.613401 428.400000 5974 0 1 99696 304 [],[73]
17.614357 429.100000 59652 0 1 99695 305 [],[13]
17.616194 429.100000 19764 0 1 99694 306 [],[66778]
17.616682 429.900000 54410 0 1 99693 307 [],[3]
17.617468 430.100000 15404 0 1 99692 308 [],[13]
17.618827 430.300000 98249 0 1 99691 309 [],[3]
17.619721 430.300000 28041 0 1 99690 310 [],[812]
17.619730 431.000000 39801 0 1 99689 311 [],[812]
17.621317 431.200000 35249 0 1 99688 312 [],[3]
17.623290 431.200000 8791 0 1 99687 313 [],[26529]
17.626905 431.600000 10764 0 1 99686 314 [],[337]
17.626920 431.600000 92183 0 1 99685 315 [],[3]
17.630145 431.600000 2840 0 1 99684 316 [],[61191]
17.633739 432.900000 61838 0 1 99683 317 [],[65108]
17.634024 433.100000 65866 0 1 99682 318 [],[36]
17.634531 433.100000 6404 0 1 99681 319 [],[3]
17.636219 433.900000 8616 0 1 99680 320 [],[3]
17.644365 433.900000 82993 0 1 99679 321 [],[33875]
17.644414 433.900000 2054 0 1 99678 322 [],[162]
17.644587 436.200000 9780 0 1 99677 323 [],[53]
17.646742 436.700000 6804 0 1 99676 324 [],[85]
17.651736 437.600000 136 0 1 99675 325 [],[3062]
17.652133 445.800000 53168 0 1 99674 326 [],[3]
17.652280 445.900000 37390 0 1 99673 327 [],[156]
17.656844 445.900000 88070 0 1 99672 328 [],[3]
17.659323 445.900000 1390 0 1 99671 329 [],[3]
17.661077 446.600000 91162 0 1 99670 330 [],[7]
17.662272 446.600000 1134 0 1 99669 331 [],[1488]
17.662594 450.900000 76504 0 1 99668 332 [],[3]
17.666903 451.000000 50554 0 1 99667 333 [],[13]
17.668593 451.200000 63820 0 1 99666 334 [],[36]
17.672578 451.200000 87221 0 1 99665 335 [],[73]
17.674816 451.200000 13952 0 1 99664 336 [],[13]
17.674920 451.200000 57202 0 1 99663 337 [],[3]
17.675333 451.300000 76352 0 1 99662 338 [],[3]
17.680410 451.300000 29482 0 1 99661 339 [],[73]
17.680546 451.300000 4992 0 1 99660 340 [],[3]
17.686218 451.700000 73908 0 1 99659 341 [],[28427]
17.688200 451.700000 86374 0 1 99658 342 [],[31020]
17.693060 451.700000 3753 0 1 99657 343 [],[1134]
17.694768 452.100000 14961 0 1 99656 344 [],[3]
17.702910 452.400000 32599 0 1 99655 345 [],[3]
17.705035 452.400000 47519 0 1 99654 346 [],[81457]
17.705723 452.600000 51119 0 1 99653 347 [],[43309]
17.705871 452.900000 86909 0 1 99652 348 [],[36]
17.711413 453.000000 21213 0 1 99651 349 [],[22949]
17.712563 453.600000 41618 0 1 99650 350 [],[11670]
17.716699 453.600000 3367 0 1 99649 351 [],[136]
17.719453 453.800000 57997 0 1 99648 352 [],[73]
17.720537 454.000000 13369 0 1 99647 353 [],[36]
17.723938 454.100000 14255 0 1 99646 354 [],[7]
17.724102 454.800000 85731 0 1 99645 355 [],[28427]
17.724397 454.800000 30811 0 1 99644 356 [],[38357]
17.729995 455.300000 35349 0 1 99643 357 [],[156]
17.734487 455.300000 39269 0 1 99642 358 [],[812]
17.737023 455.300000 18802 0 1 99641 359 [],[3]
17.738475 455.600000 13771 0 1 99640 360 [],[13]
17.739790 455.900000 30330 0 1 99639 361 [],[1871]
17.741181 455.900000 419 0 1 99638 362 [],[3]
17.743932 456.300000 682 0 1 99637 363 [],[6585]
17.744138 457.900000 9619 0 1 99636 364 [],[3]
17.745678 458.100000 23 0 1 99635 365 [],[13]
17.749453 472.100000 28637 0 1 99634 366 [],[13]
17.753178 472.300000 25269 0 1 99633 367 [],[19180]
17.761315 472.600000 85650 0 1 99632 368 [],[162]
17.761777 472.600000 93465 0 1 99631 369 [],[30811]
17.763212 472.600000 806 0 1 99630 370 [],[3]
17.763419 474.000000 4155 0 1 99629 371 [],[3]
17.763567 474.700000 23966 0 1 99628 372 [],[281]
17.766180 475.000000 8223 0 1 99627 373 [],[53]
17.766585 475.300000 16980 0 1 99626 374 [],[8353]
17.771138 475.600000 75011 0 1 99625 375 [],[806]
17.775339 475.700000 57574 0 1 99624 376 [],[1854]
17.779714 475.700000 83007 0 1 99623 377 [],[28]
17.781198 475.700000 95499 0 1 99622 378 [],[3258]
17.782757 475.700000 94432 0 1 99621 379 [],[156]
17.783259 475.800000 34310 0 1 99620 380 [],[136]
17.784668 475.900000 8998 0 1 99619 381 [],[3,682]
17.785593 475.700000 13241 0 1 99618 382 [],[73]
17.786905 476.100000 31122 0 1 99617 383 [],[682]
17.788882 476.900000 35967 0 1 99616 384 [],[13]
17.792506 476.900000 70025 0 1 99615 385 [],[11670]
17.795374 477.000000 72038 0 1 99614 386 [],[85]
17.797267 477.000000 310 0 1 99613 387 [],[28243,30330,28]
17.799222 482.300000 30519 0 1 99612 388 [],[13]
17.799955 482.600000 280 0 1 99611 389 [],[3]
17.802239 486.200000 62847 0 1 99610 390 [],[59078]
17.805660 486.200000 28200 0 1 99609 391 [],[351]
17.812207 486.700000 27095 0 1 99608 392 [],[3]
17.816495 486.900000 747 0 1 99607 393 [],[3]
17.818945 490.500000 1309 0 1 99606 394 [],[21979]
17.824984 491.900000 3896 0 1 99605 395 [],[13]
17.827127 493.300000 1755 0 1 99604 396 [],[73]
17.827771 495.200000 67452 0 1 99603 397 [],[73]
17.834619 495.300000 6335 0 1 99602 398 [],[7104]
17.835701 495.800000 28644 0 1 99601 399 [],[3]
17.839757 496.200000 18863 0 1 99600 400 [],[1134]
