2.373800 0.200000 17171 0 1 99998 2 [],[99999]
2.872749 0.400000 3966 0 1 99997 3 [],[17171]
3.842119 2.300000 14443 0 1 99996 4 [],[3966]
4.066642 2.800000 48879 0 1 99995 5 [],[3966]
4.510334 2.800000 6535 0 1 99994 6 [],[3966]
4.646228 3.200000 35753 0 1 99993 7 [],[3966]
5.380566 3.300000 38684 0 1 99992 8 [],[3966]
5.453718 3.500000 96952 0 1 99991 9 [],[3966]
6.814873 3.500000 15980 0 1 99990 10 [],[14443]
7.067645 4.100000 80785 0 1 99989 11 [],[3966]
7.328563 4.100000 98962 0 1 99988 12 [],[15980]
7.487606 4.100000 71411 0 1 99987 13 [],[15980]
7.774480 4.100000 3985 0 1 99986 14 [],[3966]
8.008048 4.900000 7978 0 1 99985 15 [],[3985]
8.157478 6.500000 78968 0 1 99984 16 [],[7978]
8.406504 6.500000 38236 0 1 99983 17 [],[14443]
8.460793 6.600000 76991 0 1 99982 18 [],[3966]
8.516659 6.600000 87432 0 1 99981 19 [],[7978]
8.545181 6.600000 65022 0 1 99980 20 [],[15980]
8.901570 6.800000 91211 0 1 99979 21 [],[38684]
9.205855 6.800000 13446 0 1 99978 22 [],[14443]
9.744022 7.500000 61477 0 1 99977 23 [],[7978]
9.774131 7.500000 13802 0 1 99976 24 [],[48879]
9.821356 9.100000 36419 0 1 99975 25 [],[38236]
9.829133 9.500000 15005 0 1 99974 26 [],[13802]
9.833843 9.500000 15566 0 1 99973 27 [],[36419]
9.968358 9.900000 79988 0 1 99972 28 [],[7978]
10.055172 9.900000 23175 0 1 99971 29 [],[13446]
10.148449 10.500000 20613 0 1 99970 30 [],[3966]
10.191080 10.500000 83829 0 1 99969 31 [],[13802]
10.357564 10.500000 9175 0 1 99968 32 [],[36419]
10.463653 10.800000 28720 0 1 99967 33 [],[3985]
10.589606 10.900000 95573 0 1 99966 34 [],[65022]
10.614766 10.900000 3700 0 1 99965 35 [],[83829]
10.621958 12.600000 47473 0 1 99964 36 [],[3700]
10.634852 12.600000 4400 0 1 99963 37 [],[7978]
10.647279 14.400000 38882 0 1 99962 38 [],[13802]
10.674736 14.400000 40463 0 1 99961 39 [],[3700]
10.794278 14.400000 9389 0 1 99960 40 [],[9175]
10.802002 14.400000 63517 0 1 99959 41 [],[87432]
10.861205 14.500000 77805 0 1 99958 42 [],[38684]
10.911302 14.500000 37550 0 1 99957 43 [],[3985]
10.959588 14.500000 88457 0 1 99956 44 [],[4400]
10.977213 14.500000 64758 0 1 99955 45 [],[3985]
11.044365 14.500000 32069 0 1 99954 46 [],[3966]
11.071450 14.800000 61603 0 1 99953 47 [],[4400]
11.227851 14.800000 22737 0 1 99952 48 [],[7978]
11.286357 14.900000 14805 0 1 99951 49 [],[13446]
11.395308 15.300000 92874 0 1 99950 50 [],[32069]
11.470667 15.300000 59148 0 1 99949 51 [],[13446]
11.504626 15.300000 99809 0 1 99948 52 [],[23175]
11.613257 15.300000 1155 0 1 99947 53 [],[3966]
11.656964 17.100000 3 0 1 99946 54 [],[91211]
11.662908 99.800000 7823 0 1 99945 55 [],[3]
11.667983 100.700000 24890 0 1 99944 56 [],[3]
11.668273 100.900000 88483 0 1 99943 57 [],[6535]
11.709079 100.900000 36665 0 1 99942 58 [],[3700]
11.711014 101.000000 2347 0 1 99941 59 [],[3]
11.711777 103.500000 33325 0 1 99940 60 [],[3]
11.715696 103.600000 8032 0 1 99939 61 [],[3]
11.724305 104.300000 60442 0 1 99938 62 [],[3]
11.726285 104.500000 87414 0 1 99937 63 [],[3,15566]
11.742951 104.300000 699 0 1 99936 64 [],[3]
11.751260 104.800000 52568 0 1 99935 65 [],[3]
11.757645 104.800000 17605 0 1 99934 66 [],[7823]
11.767544 105.000000 8048 0 1 99933 67 [],[3]
11.778940 105.300000 19610 0 1 99932 68 [],[2347]
11.787602 105.600000 6063 0 1 99931 69 [],[3]
11.794229 106.100000 94631 0 1 99930 70 [],[3]
11.800824 106.100000 92296 0 1 99929 71 [],[3]
11.811095 106.100000 78667 0 1 99928 72 [],[3]
11.816398 106.100000 227 0 1 99927 73 [],[3]
11.825302 106.200000 45279 0 1 99926 74 [],[3]
11.828273 106.400000 11669 0 1 99925 75 [],[7823]
11.829385 106.700000 6626 0 1 99924 76 [],[3]
11.832686 107.300000 1825 0 1 99923 77 [],[3]
11.847901 108.700000 306 0 1 99922 78 [],[3]
11.852373 114.800000 65285 0 1 99921 79 [],[306]
11.853968 114.800000 2329 0 1 99920 80 [],[3]
11.879606 117.800000 3300 0 1 99919 81 [],[7823]
11.891107 118.500000 48380 0 1 99918 82 [],[3]
11.899644 118.600000 8095 0 1 99917 83 [],[3]
11.901154 118.900000 40719 0 1 99916 84 [],[3]
11.909290 119.300000 81846 0 1 99915 85 [],[13802]
11.915154 119.300000 79173 0 1 99914 86 [],[3]
11.920939 119.300000 92866 0 1 99913 87 [],[3]
11.927351 119.300000 30316 0 1 99912 88 [],[8048]
11.938444 119.300000 99198 0 1 99911 89 [],[3]
11.945442 119.300000 32980 0 1 99910 90 [],[2347]
11.961086 119.300000 5253 0 1 99909 91 [],[3]
11.987515 121.000000 26 0 1 99908 92 [],[9175]
11.989836 133.100000 66411 0 1 99907 93 [],[2347]
11.991849 133.100000 17106 0 1 99906 94 [],[3]
11.994395 133.800000 80164 0 1 99905 95 [],[3]
12.002954 133.900000 8915 0 1 99904 96 [],[6535]
12.012062 133.900000 4112 0 1 99903 97 [],[26]
12.020387 133.900000 37195 0 1 99902 98 [],[3]
12.025072 133.900000 5677 0 1 99901 99 [],[3]
12.032196 134.300000 46753 0 1 99900 100 [],[23175]
12.034093 134.300000 43113 0 1 99899 101 [],[3]
12.051321 134.500000 31882 0 1 99898 102 [],[26]
12.062376 134.500000 283 0 1 99897 103 [],[3]
12.064812 134.600000 6723 0 1 99896 104 [],[26]
12.066920 135.200000 19680 0 1 99895 105 [],[26]
12.081879 136.100000 13812 0 1 99894 106 [],[3]
12.082360 136.500000 5905 0 1 99893 107 [],[3]
12.087413 136.500000 7297 0 1 99892 108 [],[3]
12.090669 137.700000 77354 0 1 99891 109 [],[3]
12.103956 137.800000 190 0 1 99890 110 [],[3]
12.111328 143.800000 18 0 1 99889 111 [],[88457,3]
12.112789 172.700000 199 0 1 99888 112 [],[13446]
12.117522 182.700000 34221 0 1 99887 113 [],[1825]
12.137118 182.800000 3950 0 1 99886 114 [],[3]
12.151937 183.500000 761 0 1 99885 115 [],[3]
12.155508 186.400000 11147 0 1 99884 116 [],[3]
12.155865 186.500000 13945 0 1 99883 117 [],[8032]
12.168475 187.500000 26569 0 1 99882 118 [],[7978]
12.171350 187.600000 1 0 1 99881 119 [],[3,26]
12.174424 219.300000 60073 0 1 99880 120 [],[63517]
12.181410 219.500000 62232 0 1 99879 121 [],[3]
12.192317 219.500000 11704 0 1 99878 122 [],[3700]
12.192840 219.600000 82182 0 1 99877 123 [],[199]
12.194265 219.700000 70426 0 1 99876 124 [],[79173]
12.198794 219.800000 41718 0 1 99875 125 [],[3]
12.198971 219.800000 67090 0 1 99874 126 [],[1]
12.209235 219.800000 12566 0 1 99873 127 [],[32980]
12.209317 219.900000 90676 0 1 99872 128 [],[13446]
12.210058 219.900000 99481 0 1 99871 129 [],[3]
12.211493 219.900000 65382 0 1 99870 130 [],[1]
12.217731 220.100000 45890 0 1 99869 131 [],[3]
12.217922 220.400000 1487 0 1 99868 132 [],[3700]
12.220905 222.900000 35003 0 1 99867 133 [],[1]
12.225760 223.000000 8463 0 1 99866 134 [],[1]
12.227487 223.300000 26961 0 1 99865 135 [],[19680]
12.237504 223.600000 1321 0 1 99864 136 [],[1155]
12.239149 224.100000 4068 0 1 99863 137 [],[1]
12.244716 224.900000 3085 0 1 99862 138 [],[190]
12.245189 225.400000 13392 0 1 99861 139 [],[18]
12.246044 225.800000 7440 0 1 99860 140 [],[26]
12.251123 226.000000 7353 0 1 99859 141 [],[199]
12.252887 226.700000 27144 0 1 99858 142 [],[3]
12.253823 226.900000 13921 0 1 99857 143 [],[6063]
12.256919 227.000000 61 0 1 99856 144 [],[3]
12.260622 241.800000 26479 0 1 99855 145 [],[3]
12.266280 241.900000 6255 0 1 99854 146 [],[199]
12.266943 242.300000 69648 0 1 99853 147 [],[1]
12.267159 242.400000 116 0 1 99852 148 [],[6626,61]
12.267643 250.400000 24110 0 1 99851 149 [],[3]
12.282698 250.600000 9423 0 1 99850 150 [],[3]
12.283893 251.000000 100 0 1 99849 151 [],[190]
12.289026 265.100000 9577 0 1 99848 152 [],[3]
12.306754 266.200000 82917 0 1 99847 153 [],[7297]
12.314801 266.200000 81027 0 1 99846 154 [],[190]
12.324658 266.200000 18738 0 1 99845 155 [],[1]
12.327039 266.400000 50838 0 1 99844 156 [],[18]
12.328796 266.600000 8989 0 1 99843 157 [],[190]
12.337586 266.800000 20962 0 1 99842 158 [],[3]
12.338074 267.000000 4057 0 1 99841 159 [],[61]
12.339544 268.000000 6123 0 1 99840 160 [],[199]
12.340422 268.400000 57274 0 1 99839 161 [],[1]
12.341867 268.400000 81370 0 1 99838 162 [],[3]
12.343536 268.400000 47942 0 1 99837 163 [],[3]
12.344059 268.400000 484 0 1 99836 164 [],[100,190]
12.345555 269.800000 24333 0 1 99835 165 [],[18]
12.347434 270.000000 18020 0 1 99834 166 [],[199]
12.348887 270.000000 1948 0 1 99833 167 [],[15566,1]
12.351377 271.000000 83615 0 1 99832 168 [],[61]
12.355888 271.400000 1181 0 1 99831 169 [],[3]
12.356332 273.100000 90102 0 1 99830 170 [],[3]
12.369862 273.100000 5009 0 1 99829 171 [],[3]
12.372305 273.800000 8171 0 1 99828 172 [],[3]
12.379126 274.200000 21153 0 1 99827 173 [],[1155]
12.384765 274.300000 580 0 1 99826 174 [],[3]
12.385122 279.300000 69998 0 1 99825 175 [],[116]
12.387935 279.300000 3986 0 1 99824 176 [],[18]
12.388622 280.700000 71032 0 1 99823 177 [],[1825]
12.394048 280.700000 257 0 1 99822 178 [],[1]
12.399324 283.100000 44365 0 1 99821 179 [],[13945]
12.408312 283.200000 93424 0 1 99820 180 [],[100]
12.413436 283.200000 77930 0 1 99819 181 [],[116]
12.415315 283.400000 73638 0 1 99818 182 [],[3]
12.425651 283.400000 65881 0 1 99817 183 [],[17171]
12.426866 283.500000 40146 0 1 99816 184 [],[3]
12.428425 283.500000 25264 0 1 99815 185 [],[61]
12.442329 283.600000 5693 0 1 99814 186 [],[65881]
12.443012 284.500000 77152 0 1 99813 187 [],[580]
12.452996 284.600000 35389 0 1 99812 188 [],[1487]
12.454400 284.600000 91409 0 1 99811 189 [],[5693]
12.456306 284.600000 7131 0 1 99810 190 [],[18]
12.458129 285.000000 16253 0 1 99809 191 [],[18]
12.458188 285.400000 36110 0 1 99808 192 [],[13945]
12.460160 285.700000 52777 0 1 99807 193 [],[3]
12.460434 285.800000 77437 0 1 99806 194 [],[1]
12.472391 285.800000 98706 0 1 99805 195 [],[306]
12.480983 285.800000 1671 0 1 99804 196 [],[3]
12.482012 286.700000 96907 0 1 99803 197 [],[77930]
12.483147 286.700000 43338 0 1 99802 198 [],[3]
12.486331 286.800000 6631 0 1 99801 199 [],[306]
12.487225 287.300000 56806 0 1 99800 200 [],[1]
12.489289 287.400000 8056 0 1 99799 201 [],[6626]
12.492549 288.100000 28638 0 1 99798 202 [],[61]
12.494189 288.500000 19555 0 1 99797 203 [],[3]
12.495426 288.600000 5310 0 1 99796 204 [],[61]
12.499116 289.100000 94777 0 1 99795 205 [],[3]
12.499942 289.100000 19089 0 1 99794 206 [],[18]
12.500872 289.200000 26492 0 1 99793 207 [],[116]
12.500937 290.000000 38359 0 1 99792 208 [],[2347]
12.501071 290.000000 23428 0 1 99791 209 [],[13812]
12.502376 290.300000 108 0 1 99790 210 [],[4400]
12.505214 298.700000 34698 0 1 99789 211 [],[3]
12.511447 298.800000 56571 0 1 99788 212 [],[3]
12.519455 298.800000 1821 0 1 99787 213 [],[1]
12.523255 299.300000 41181 0 1 99786 214 [],[7131]
12.523837 299.300000 32307 0 1 99785 215 [],[3]
12.529244 299.600000 31522 0 1 99784 216 [],[1155]
12.534338 299.800000 51541 0 1 99783 217 [],[18]
12.539578 299.900000 35434 0 1 99782 218 [],[5009]
12.540571 300.000000 66684 0 1 99781 219 [],[14805]
12.540929 300.000000 18787 0 1 99780 220 [],[100]
12.541372 300.200000 75104 0 1 99779 221 [],[100]
12.544451 300.200000 1963 0 1 99778 222 [],[3]
12.545992 303.100000 4153 0 1 99777 223 [],[4057]
12.556181 304.000000 3210 0 1 99776 224 [],[100]
12.558699 304.400000 19905 0 1 99775 225 [],[580]
12.565507 304.700000 7156 0 1 99774 226 [],[580]
12.570484 306.200000 16771 0 1 99773 227 [],[484]
12.574383 306.500000 13221 0 1 99772 228 [],[108]
12.575425 306.900000 25694 0 1 99771 229 [],[7978]
12.578154 307.600000 4172 0 1 99770 230 [],[1]
12.578607 308.100000 66919 0 1 99769 231 [],[2329]
12.578885 308.100000 656 0 1 99768 232 [],[3,18]
12.579875 308.600000 3854 0 1 99767 233 [],[18]
12.580467 310.000000 42677 0 1 99766 234 [],[6631]
12.584055 310.000000 19748 0 1 99765 235 [],[7156]
12.585901 310.000000 70387 0 1 99764 236 [],[1]
12.589624 310.200000 89676 0 1 99763 237 [],[18]
12.592482 310.200000 98925 0 1 99762 238 [],[3]
12.592653 310.200000 76109 0 1 99761 239 [],[3700]
12.594898 310.200000 13970 0 1 99760 240 [],[18]
12.598388 310.400000 15837 0 1 99759 241 [],[61]
12.598822 310.500000 16557 0 1 99758 242 [],[1963]
12.603215 310.600000 8821 0 1 99757 243 [],[1]
12.606470 310.800000 18976 0 1 99756 244 [],[1825]
12.608366 310.800000 94443 0 1 99755 245 [],[18]
12.617971 310.800000 87337 0 1 99754 246 [],[580]
12.624586 310.800000 7281 0 1 99753 247 [],[1963]
12.624712 311.100000 73809 0 1 99752 248 [],[18]
12.626594 311.200000 1820 0 1 99751 249 [],[18]
12.629517 311.500000 32858 0 1 99750 250 [],[761]
12.631990 311.700000 4301 0 1 99749 251 [],[116]
12.647573 311.900000 1098 0 1 99748 252 [],[77354]
12.648413 314.500000 4457 0 1 99747 253 [],[5693]
12.664354 315.000000 71569 0 1 99746 254 [],[18]
12.665480 315.100000 4076 0 1 99745 255 [],[100]
12.674090 316.700000 7810 0 1 99744 256 [],[3]
12.689291 317.000000 142 0 1 99743 257 [],[1,18]
12.692025 325.000000 52059 0 1 99742 258 [],[3]
12.696054 325.300000 4454 0 1 99741 259 [],[3]
12.700399 326.700000 3788 0 1 99740 260 [],[3]
12.700405 327.200000 63469 0 1 99739 261 [],[61]
12.703286 327.300000 344 0 1 99738 262 [],[1]
12.703918 331.800000 32460 0 1 99737 263 [],[3]
12.704404 331.900000 2217 0 1 99736 264 [],[142]
12.704594 334.500000 25532 0 1 99735 265 [],[18]
12.708161 334.700000 41626 0 1 99734 266 [],[199]
12.709654 334.700000 131 0 1 99733 267 [],[26]
12.709967 345.700000 31671 0 1 99732 268 [],[199]
12.714105 345.900000 97136 0 1 99731 269 [],[1]
12.714812 345.900000 952 0 1 99730 270 [],[9389]
12.718840 347.500000 18820 0 1 99729 271 [],[3]
12.722568 347.600000 36678 0 1 99728 272 [],[4400]
12.723622 347.700000 4328 0 1 99727 273 [],[3,3950]
12.727319 347.700000 37568 0 1 99726 274 [],[18]
12.729327 347.700000 46081 0 1 99725 275 [],[2217]
12.731748 347.700000 41687 0 1 99724 276 [],[952]
12.732249 347.900000 31673 0 1 99723 277 [],[257]
12.737301 347.900000 2530 0 1 99722 278 [],[1]
12.744139 348.500000 49276 0 1 99721 279 [],[61]
12.750134 348.600000 2159 0 1 99720 280 [],[1]
12.750268 350.300000 51377 0 1 99719 281 [],[61]
12.760081 350.500000 43260 0 1 99718 282 [],[142]
12.765371 351.000000 89795 0 1 99717 283 [],[18]
12.766864 351.000000 1146 0 1 99716 284 [],[2347,3]
12.768115 351.800000 94076 0 1 99715 285 [],[3]
12.770658 351.800000 8904 0 1 99714 286 [],[142]
12.775542 352.100000 80079 0 1 99713 287 [],[3950]
12.775590 352.100000 5301 0 1 99712 288 [],[3]
12.784128 352.500000 75044 0 1 99711 289 [],[5253]
12.784333 352.500000 34179 0 1 99710 290 [],[4328]
12.785106 352.600000 9457 0 1 99709 291 [],[61,306]
12.786647 353.900000 92937 0 1 99708 292 [],[61]
12.788456 353.900000 33 0 1 99707 293 [],[61,3,18]
12.791727 372.200000 46481 0 1 99706 294 [],[3]
12.792478 372.300000 41059 0 1 99705 295 [],[3]
12.793204 372.300000 12638 0 1 99704 296 [],[1]
12.793328 373.000000 52967 0 1 99703 297 [],[33]
12.795032 373.000000 72377 0 1 99702 298 [],[952]
12.797528 373.000000 121 0 1 99701 299 [],[33]
12.803429 377.700000 14935 0 1 99700 300 [],[3985]
12.806023 377.800000 18704 0 1 99699 301 [],[18]
12.807349 377.900000 74030 0 1 99698 302 [],[199]
12.810390 377.900000 33775 0 1 99697 303 [],[344]
12.815091 378.000000 19387 0 1 99696 304 [],[1]
12.815580 378.200000 14515 0 1 99695 305 [],[1155]
12.816990 378.900000 77218 0 1 99694 306 [],[3]
12.819267 379.000000 52721 0 1 99693 307 [],[61]
12.822002 379.100000 531 0 1 99692 308 [],[18]
12.828879 380.800000 21354 0 1 99691 309 [],[116]
12.830770 380.900000 12108 0 1 99690 310 [],[1]
12.834315 380.900000 82484 0 1 99689 311 [],[33]
12.837213 380.900000 4298 0 1 99688 312 [],[26]
12.842013 380.900000 24285 0 1 99687 313 [],[26]
12.842190 381.500000 74172 0 1 99686 314 [],[3]
12.843471 381.600000 14458 0 1 99685 315 [],[3]
12.844899 381.900000 260 0 1 99684 316 [],[2530]
12.849306 390.800000 6406 0 1 99683 317 [],[3]
12.851357 391.700000 33030 0 1 99682 318 [],[1]
12.851501 392.100000 50809 0 1 99681 319 [],[6406]
12.855928 392.100000 15129 0 1 99680 320 [],[3]
12.856861 392.200000 96478 0 1 99679 321 [],[306]
12.856877 392.200000 36223 0 1 99678 322 [],[199]
12.857128 392.200000 12520 0 1 99677 323 [],[1]
12.859995 392.800000 86500 0 1 99676 324 [],[190]
12.864015 392.800000 1055 0 1 99675 325 [],[3]
12.865032 393.700000 90436 0 1 99674 326 [],[100]
12.866327 393.700000 629 0 1 99673 327 [],[3]
12.870967 395.900000 26832 0 1 99672 328 [],[3966]
12.876194 395.900000 83979 0 1 99671 329 [],[306]
12.876224 395.900000 9 0 1 99670 330 [],[26,1,3]
12.879847 415.200000 27788 0 1 99669 331 [],[260]
12.881035 415.200000 52122 0 1 99668 332 [],[13392]
12.881714 415.200000 11381 0 1 99667 333 [],[61]
12.881938 415.500000 54342 0 1 99666 334 [],[3,9]
12.883067 415.500000 51662 0 1 99665 335 [],[3]
12.899718 415.700000 15272 0 1 99664 336 [],[9]
12.899787 416.600000 19422 0 1 99663 337 [],[1]
12.900119 416.600000 89815 0 1 99662 338 [],[190]
12.901257 416.600000 2021 0 1 99661 339 [],[33]
12.902555 421.600000 27860 0 1 99660 340 [],[260]
12.906603 421.800000 85429 0 1 99659 341 [],[3]
12.912478 421.800000 42365 0 1 99658 342 [],[25694]
12.913000 421.900000 2684 0 1 99657 343 [],[9]
12.914413 424.600000 654 0 1 99656 344 [],[11669]
12.917459 425.200000 27631 0 1 99655 345 [],[4454]
12.918281 426.100000 14330 0 1 99654 346 [],[1]
12.918323 426.700000 4900 0 1 99653 347 [],[8171]
12.918924 428.100000 79955 0 1 99652 348 [],[257]
12.921147 428.100000 20963 0 1 99651 349 [],[3]
12.922677 428.600000 89145 0 1 99650 350 [],[2159]
12.926553 428.600000 54227 0 1 99649 351 [],[9577]
12.930285 428.600000 84949 0 1 99648 352 [],[1]
12.939271 428.600000 91511 0 1 99647 353 [],[33]
12.942980 428.600000 17581 0 1 99646 354 [],[344]
12.943152 428.600000 59120 0 1 99645 355 [],[3]
12.943597 428.800000 18372 0 1 99644 356 [],[1181]
12.944009 428.900000 26118 0 1 99643 357 [],[33]
12.946450 429.100000 53034 0 1 99642 358 [],[3]
12.947584 429.400000 2331 0 1 99641 359 [],[952]
12.947745 429.800000 56530 0 1 99640 360 [],[3]
12.949747 429.800000 33004 0 1 99639 361 [],[9]
12.950664 430.000000 32620 0 1 99638 362 [],[260]
12.958841 430.000000 79193 0 1 99637 363 [],[7810]
12.961070 430.000000 73486 0 1 99636 364 [],[190]
12.961279 430.000000 572 0 1 99635 365 [],[1098]
12.962106 434.700000 15792 0 1 99634 366 [],[21153]
12.963731 435.000000 4881 0 1 99633 367 [],[108]
12.966428 435.700000 85850 0 1 99632 368 [],[1821]
12.970872 435.700000 25599 0 1 99631 369 [],[1]
12.978287 435.900000 18635 0 1 99630 370 [],[33]
12.981519 436.000000 21236 0 1 99629 371 [],[344]
12.983181 436.100000 20385 0 1 99628 372 [],[257]
12.983998 436.300000 7003 0 1 99627 373 [],[3]
12.989262 436.700000 12304 0 1 99626 374 [],[108]
12.989634 437.100000 9069 0 1 99625 375 [],[61]
12.993657 438.400000 80735 0 1 99624 376 [],[18]
12.999494 438.400000 92024 0 1 99623 377 [],[6063]
13.002829 438.400000 23645 0 1 99622 378 [],[18]
13.010351 438.400000 7487 0 1 99621 379 [],[190]
13.010925 439.200000 72737 0 1 99620 380 [],[95573]
13.012779 439.400000 13579 0 1 99619 381 [],[61]
13.012783 439.500000 13698 0 1 99618 382 [],[580]
13.013730 439.500000 49352 0 1 99617 383 [],[2159]
13.013974 439.500000 52619 0 1 99616 384 [],[3]
13.019101 439.500000 29457 0 1 99615 385 [],[2021]
13.024314 439.700000 93278 0 1 99614 386 [],[8048]
13.027286 439.700000 75801 0 1 99613 387 [],[131]
13.028897 439.700000 55222 0 1 99612 388 [],[42365]
13.029005 439.800000 11210 0 1 99611 389 [],[654]
13.032254 439.800000 5633 0 1 99610 390 [],[3]
13.032505 440.700000 13693 0 1 99609 391 [],[100]
13.033727 441.600000 20334 0 1 99608 392 [],[116]
13.037825 441.600000 1322 0 1 99607 393 [],[3]
13.040727 443.000000 3266 0 1 99606 394 [],[3]
13.040854 443.200000 64424 0 1 99605 395 [],[108]
13.044555 443.300000 5073 0 1 99604 396 [],[100]
13.055103 443.900000 56942 0 1 99603 397 [],[3]
13.059315 443.900000 60849 0 1 99602 398 [],[108]
13.060172 444.200000 79385 0 1 99601 399 [],[199]
13.061438 444.300000 20986 0 1 99600 400 [],[260]
13.062007 444.300000 29560 0 1 99599 401 [],[306]
13.062821 444.400000 14782 0 1 99598 402 [],[3]
13.064745 444.500000 51524 0 1 99597 403 [],[572]
13.072249 444.700000 17800 0 1 99596 404 [],[3]
13.073890 445.000000 2786 0 1 99595 405 [],[100]
13.074894 445.200000 51457 0 1 99594 406 [],[1]
13.076019 445.500000 62029 0 1 99593 407 [],[61]
13.076786 445.500000 145 0 1 99592 408 [],[3854]
13.082378 454.700000 71527 0 1 99591 409 [],[131]
13.082465 454.700000 3615 0 1 99590 410 [],[13802]
13.082550 456.800000 255 0 1 99589 411 [],[7156]
13.084577 463.700000 3849 0 1 99588 412 [],[26]
13.085464 465.000000 1785 0 1 99587 413 [],[1,145]
13.085634 466.600000 55700 0 1 99586 414 [],[8032]
13.087972 466.600000 25781 0 1 99585 415 [],[13812]
13.089195 467.000000 77267 0 1 99584 416 [],[7353]
13.090026 467.000000 76678 0 1 99583 417 [],[142]
13.090345 467.000000 27297 0 1 99582 418 [],[3]
13.091003 467.300000 84495 0 1 99581 419 [],[572]
13.094053 467.300000 737 0 1 99580 420 [],[1]
13.100333 468.200000 14513 0 1 99579 421 [],[61]
13.102016 468.200000 86 0 1 99578 422 [],[4076,3]
13.105507 481.300000 56330 0 1 99577 423 [],[3]
13.106615 481.300000 130 0 1 99576 424 [],[3]
13.106961 501.000000 1365 0 1 99575 425 [],[33]
13.109370 502.700000 3062 0 1 99574 426 [],[4457]
13.109832 503.200000 5743 0 1 99573 427 [],[3]
13.111955 503.200000 1219 0 1 99572 428 [],[952]
13.112262 504.100000 70650 0 1 99571 429 [],[14515]
13.112395 504.100000 17604 0 1 99570 430 [],[7297]
13.114854 504.300000 63945 0 1 99569 431 [],[9]
13.114901 504.300000 44213 0 1 99568 432 [],[145]
13.115888 504.400000 99211 0 1 99567 433 [],[3]
13.117842 504.400000 3096 0 1 99566 434 [],[3]
13.118451 505.300000 65032 0 1 99565 435 [],[33]
13.119966 505.300000 35115 0 1 99564 436 [],[33030]
13.122572 505.500000 89879 0 1 99563 437 [],[255]
13.123933 505.500000 26693 0 1 99562 438 [],[26]
13.126244 505.600000 6393 0 1 99561 439 [],[86]
13.128850 506.300000 90916 0 1 99560 440 [],[18]
13.131758 506.400000 84415 0 1 99559 441 [],[3]
13.132827 506.500000 21759 0 1 99558 442 [],[3]
13.133014 506.600000 47783 0 1 99557 443 [],[100]
13.133127 506.600000 1444 0 1 99556 444 [],[8095]
13.133569 510.500000 13485 0 1 99555 445 [],[108]
13.133850 510.700000 90209 0 1 99554 446 [],[1365]
13.134319 510.700000 2182 0 1 99553 447 [],[26]
13.136607 510.800000 1369 0 1 99552 448 [],[3]
13.138491 511.100000 1217 0 1 99551 449 [],[3]
13.139354 512.300000 288 0 1 99550 450 [],[130]
13.146410 515.500000 6936 0 1 99549 451 [],[1]
13.146777 515.500000 10164 0 1 99548 452 [],[3]
13.148379 515.600000 40271 0 1 99547 453 [],[131]
13.150823 515.600000 11028 0 1 99546 454 [],[130]
13.154444 515.800000 82585 0 1 99545 455 [],[79385]
13.154700 515.800000 13940 0 1 99544 456 [],[18]
13.156179 515.800000 6820 0 1 99543 457 [],[3]
13.156633 516.300000 10495 0 1 99542 458 [],[2329]
13.157292 516.600000 13804 0 1 99541 459 [],[2329]
13.157901 516.900000 13586 0 1 99540 460 [],[227]
13.158093 516.900000 65950 0 1 99539 461 [],[25599]
13.162710 516.900000 18296 0 1 99538 462 [],[4400]
13.165969 517.000000 22800 0 1 99537 463 [],[9175]
13.169294 517.300000 9085 0 1 99536 464 [],[98962]
13.169675 518.000000 65118 0 1 99535 465 [],[13802]
13.170070 518.000000 46323 0 1 99534 466 [],[260]
13.170771 518.000000 67898 0 1 99533 467 [],[656]
13.171901 518.100000 51388 0 1 99532 468 [],[7810]
13.176022 518.300000 8510 0 1 99531 469 [],[1]
13.177018 518.500000 19126 0 1 99530 470 [],[108]
13.177399 518.900000 9633 0 1 99529 471 [],[9]
13.178626 519.000000 5771 0 1 99528 472 [],[142]
13.181623 519.600000 34491 0 1 99527 473 [],[3]
13.182171 520.000000 64766 0 1 99526 474 [],[761]
13.184589 520.100000 40613 0 1 99525 475 [],[18]
13.184724 520.100000 15941 0 1 99524 476 [],[5633]
13.189347 520.100000 86973 0 1 99523 477 [],[3]
13.190664 520.200000 99237 0 1 99522 478 [],[51457]
13.190835 520.200000 340 0 1 99521 479 [],[86]
13.191671 528.000000 22717 0 1 99520 480 [],[19905]
13.194107 528.000000 37155 0 1 99519 481 [],[77267]
13.197662 528.100000 3919 0 1 99518 482 [],[19387]
13.197725 528.800000 82869 0 1 99517 483 [],[3]
13.198030 528.800000 82910 0 1 99516 484 [],[130]
13.198751 528.800000 8855 0 1 99515 485 [],[7297]
13.200809 529.600000 50576 0 1 99514 486 [],[90916]
13.201034 529.800000 59237 0 1 99513 487 [],[255]
13.201216 529.800000 90088 0 1 99512 488 [],[9577]
13.203229 529.800000 80824 0 1 99511 489 [],[145]
13.206896 529.900000 63647 0 1 99510 490 [],[34221]
13.207647 530.000000 41231 0 1 99509 491 [],[18]
13.209564 530.000000 19195 0 1 99508 492 [],[9]
13.209740 530.200000 2816 0 1 99507 493 [],[142]
13.214074 531.700000 58900 0 1 99506 494 [],[9]
13.215877 531.700000 77282 0 1 99505 495 [],[130]
13.216506 531.700000 10872 0 1 99504 496 [],[3]
13.217803 531.700000 18320 0 1 99503 497 [],[116]
13.218238 532.100000 73097 0 1 99502 498 [],[86]
13.219454 532.100000 53661 0 1 99501 499 [],[761]
13.219677 532.100000 58525 0 1 99500 500 [],[61]
13.220633 532.100000 75972 0 1 99499 501 [],[3]
13.221173 532.100000 28164 0 1 99498 502 [],[100]
13.231805 532.600000 19063 0 1 99497 503 [],[108]
13.231845 532.600000 76974 0 1 99496 504 [],[3]
13.233130 532.700000 83172 0 1 99495 505 [],[1]
13.234253 532.700000 12615 0 1 99494 506 [],[12304]
13.234816 532.800000 179 0 1 99493 507 [],[257]
13.235464 539.600000 75834 0 1 99492 508 [],[9457]
13.236253 539.600000 48539 0 1 99491 509 [],[33]
13.239360 539.900000 30441 0 1 99490 510 [],[26]
13.241831 540.200000 84117 0 1 99489 511 [],[145]
13.243349 540.200000 72341 0 1 99488 512 [],[3986]
13.244509 540.200000 6875 0 1 99487 513 [],[1]
13.249464 540.400000 75945 0 1 99486 514 [],[1146]
13.250836 540.400000 95197 0 1 99485 515 [],[2021]
13.251199 540.400000 51525 0 1 99484 516 [],[580]
13.255456 540.500000 63662 0 1 99483 517 [],[131]
13.256538 540.500000 3328 0 1 99482 518 [],[86]
13.256577 540.600000 73313 0 1 99481 519 [],[9]
13.258344 540.700000 20089 0 1 99480 520 [],[5253]
13.259764 540.700000 54506 0 1 99479 521 [],[1155]
13.262058 540.700000 75 0 1 99478 522 [],[145,1,9]
13.263518 552.600000 49356 0 1 99477 523 [],[80079]
13.263884 552.700000 3878 0 1 99476 524 [],[61477]
13.267301 553.400000 3423 0 1 99475 525 [],[3]
13.267400 553.900000 99932 0 1 99474 526 [],[9]
13.272036 553.900000 60235 0 1 99473 527 [],[26]
13.273387 553.900000 35234 0 1 99472 528 [],[340]
13.275562 554.200000 36366 0 1 99471 529 [],[130]
13.276271 554.200000 10444 0 1 99470 530 [],[3]
13.276329 554.300000 52546 0 1 99469 531 [],[3]
13.276376 554.300000 59085 0 1 99468 532 [],[13221]
13.276887 554.300000 88900 0 1 99467 533 [],[86]
13.279199 554.300000 63346 0 1 99466 534 [],[2217]
13.279559 554.300000 83571 0 1 99465 535 [],[761]
13.280699 554.300000 5893 0 1 99464 536 [],[73313,3,4900]
13.281944 555.300000 58685 0 1 99463 537 [],[2786]
13.285589 555.300000 34527 0 1 99462 538 [],[9]
13.286425 555.300000 39760 0 1 99461 539 [],[86]
13.287555 555.300000 197 0 1 99460 540 [],[33,130]
13.288129 558.100000 27773 0 1 99459 541 [],[100]
13.290555 558.100000 47499 0 1 99458 542 [],[45890]
13.290846 558.100000 11409 0 1 99457 543 [],[1]
13.297110 558.500000 53667 0 1 99456 544 [],[62029]
13.304797 558.900000 8617 0 1 99455 545 [],[100]
13.310093 559.200000 14425 0 1 99454 546 [],[61]
13.310758 559.300000 44150 0 1 99453 547 [],[18]
13.310771 559.400000 84528 0 1 99452 548 [],[3]
13.311000 559.400000 23294 0 1 99451 549 [],[340]
13.313342 559.600000 6219 0 1 99450 550 [],[145]
13.314678 559.900000 2297 0 1 99449 551 [],[1]
13.315426 561.200000 21855 0 1 99448 552 [],[1365]
13.316229 561.400000 14258 0 1 99447 553 [],[50576]
13.319266 562.000000 71576 0 1 99446 554 [],[86]
13.323731 562.000000 84970 0 1 99445 555 [],[61]
13.324344 562.000000 38774 0 1 99444 556 [],[18]
13.324416 562.300000 29816 0 1 99443 557 [],[3]
13.327032 562.700000 45860 0 1 99442 558 [],[9]
13.330129 562.700000 58261 0 1 99441 559 [],[14935]
13.331096 562.700000 76468 0 1 99440 560 [],[1]
13.331303 562.800000 14303 0 1 99439 561 [],[52967]
13.331647 564.000000 3321 0 1 99438 562 [],[1785]
13.335150 564.600000 8019 0 1 99437 563 [],[145]
13.335701 565.700000 60367 0 1 99436 564 [],[11669]
13.337494 565.800000 4092 0 1 99435 565 [],[65022]
13.337898 567.600000 9323 0 1 99434 566 [],[131]
13.338219 567.700000 17898 0 1 99433 567 [],[33]
13.338518 568.200000 71247 0 1 99432 568 [],[761]
13.338714 568.200000 18207 0 1 99431 569 [],[340]
13.342725 568.300000 27470 0 1 99430 570 [],[25694]
13.342887 568.500000 258 0 1 99429 571 [],[344,1369]
13.344620 585.400000 61147 0 1 99428 572 [],[26]
13.350235 585.500000 66127 0 1 99427 573 [],[79955]
13.351255 585.600000 17569 0 1 99426 574 [],[131]
13.356846 585.900000 1099 0 1 99425 575 [],[28638,761]
13.357887 589.400000 2609 0 1 99424 576 [],[15980]
13.357893 591.800000 17071 0 1 99423 577 [],[32069]
13.359309 592.500000 63121 0 1 99422 578 [],[130]
13.359542 592.500000 29167 0 1 99421 579 [],[51524]
13.361469 592.700000 32228 0 1 99420 580 [],[27297]
13.361789 592.800000 81621 0 1 99419 581 [],[1]
13.369226 592.800000 34340 0 1 99418 582 [],[190]
13.369440 593.100000 54044 0 1 99417 583 [],[3,130]
13.370095 592.900000 59707 0 1 99416 584 [],[86]
13.372348 593.000000 159 0 1 99415 585 [],[283,20962]
13.376082 605.900000 7827 0 1 99414 586 [],[8463]
13.377048 606.900000 99689 0 1 99413 587 [],[32307]
13.377365 606.900000 2106 0 1 99412 588 [],[33]
13.377490 608.000000 23074 0 1 99411 589 [],[3]
13.384431 608.200000 15380 0 1 99410 590 [],[1]
13.385865 608.800000 2921 0 1 99409 591 [],[6255]
13.387618 611.400000 97697 0 1 99408 592 [],[12615]
13.392332 611.400000 85616 0 1 99407 593 [],[41687]
13.392801 611.400000 51231 0 1 99406 594 [],[3]
13.393387 611.400000 67747 0 1 99405 595 [],[27470]
13.398188 611.400000 64814 0 1 99404 596 [],[2347]
13.400981 611.400000 20306 0 1 99403 597 [],[2329]
13.402167 611.400000 40500 0 1 99402 598 [],[130]
13.402698 611.400000 83221 0 1 99401 599 [],[7156]
13.403961 611.400000 46122 0 1 99400 600 [],[121]
13.404822 611.800000 80370 0 1 99399 601 [],[86]
13.405822 611.800000 7986 0 1 99398 602 [],[699]
13.406620 613.400000 14601 0 1 99397 603 [],[3]
13.407103 613.700000 18105 0 1 99396 604 [],[761]
13.407382 614.200000 5722 0 1 99395 605 [],[52777]
13.407786 615.100000 17982 0 1 99394 606 [],[33]
13.410276 615.300000 3843 0 1 99393 607 [],[2021]
13.413574 615.800000 44777 0 1 99392 608 [],[26]
13.413632 615.800000 7155 0 1 99391 609 [],[75]
13.413835 616.800000 3070 0 1 99390 610 [],[3878,258]
13.415300 617.200000 93461 0 1 99389 611 [],[60073]
13.417130 617.200000 35336 0 1 99388 612 [],[3]
13.418066 617.200000 68102 0 1 99387 613 [],[1487]
13.418875 617.200000 92452 0 1 99386 614 [],[14303]
13.419106 617.200000 68657 0 1 99385 615 [],[258]
13.419811 617.200000 4599 0 1 99384 616 [],[3]
13.420257 617.900000 4809 0 1 99383 617 [],[9]
13.425607 618.500000 22730 0 1 99382 618 [],[130]
13.428761 618.700000 48311 0 1 99381 619 [],[9577]
13.430165 619.100000 27075 0 1 99380 620 [],[131]
13.432353 619.600000 27429 0 1 99379 621 [],[1098]
13.433169 619.700000 10028 0 1 99378 622 [],[3]
13.435608 620.000000 27652 0 1 99377 623 [],[75]
13.435617 620.100000 16979 0 1 99376 624 [],[22717,656]
13.440093 620.100000 9044 0 1 99375 625 [],[9]
13.440206 620.400000 38243 0 1 99374 626 [],[1444]
13.441068 620.500000 32867 0 1 99373 627 [],[54227]
13.445691 620.700000 62116 0 1 99372 628 [],[18]
13.446685 620.800000 79589 0 1 99371 629 [],[4809]
13.446980 620.800000 110 0 1 99370 630 [],[131,1155,3]
13.448886 625.900000 76316 0 1 99369 631 [],[199]
13.448900 626.000000 35913 0 1 99368 632 [],[33]
13.451806 626.100000 15968 0 1 99367 633 [],[108]
13.453315 626.500000 60640 0 1 99366 634 [],[61]
13.453969 626.500000 9294 0 1 99365 635 [],[145]
13.454156 627.700000 10841 0 1 99364 636 [],[1]
13.454670 628.300000 98783 0 1 99363 637 [],[34179]
13.455838 628.300000 41712 0 1 99362 638 [],[15272]
13.456401 628.300000 52338 0 1 99361 639 [],[3]
13.457241 628.500000 649 0 1 99360 640 [],[6406,3]
13.457322 630.200000 11802 0 1 99359 641 [],[75]
13.457396 630.700000 27324 0 1 99358 642 [],[3700]
13.457677 630.900000 722 0 1 99357 643 [],[2816,7131]
13.460142 633.100000 12748 0 1 99356 644 [],[8904]
13.460232 633.500000 15079 0 1 99355 645 [],[1146]
13.461482 633.500000 68280 0 1 99354 646 [],[100]
13.461937 633.600000 9696 0 1 99353 647 [],[33]
13.462334 633.600000 62451 0 1 99352 648 [],[52338]
13.462377 633.800000 47140 0 1 99351 649 [],[11028]
13.466776 633.900000 78808 0 1 99350 650 [],[197]
13.467617 634.000000 95131 0 1 99349 651 [],[199]
13.467807 634.000000 35114 0 1 99348 652 [],[33]
13.473845 634.000000 94509 0 1 99347 653 [],[130]
13.474207 634.000000 5289 0 1 99346 654 [],[100]
13.474341 635.200000 7190 0 1 99345 655 [],[24110]
13.474590 635.900000 1702 0 1 99344 656 [],[3700]
13.475523 638.100000 81861 0 1 99343 657 [],[3]
13.477474 638.100000 2419 0 1 99342 658 [],[130]
13.478003 639.000000 42596 0 1 99341 659 [],[2609]
13.479668 639.200000 97821 0 1 99340 660 [],[110]
13.480495 639.200000 77424 0 1 99339 661 [],[131]
13.480819 639.200000 72711 0 1 99338 662 [],[2816]
13.483364 639.300000 43215 0 1 99337 663 [],[50576]
13.483699 639.500000 10724 0 1 99336 664 [],[26]
13.484539 639.700000 75756 0 1 99335 665 [],[48539]
13.488116 639.700000 35345 0 1 99334 666 [],[2331]
13.490928 639.900000 49137 0 1 99333 667 [],[344]
13.492875 640.000000 84959 0 1 99332 668 [],[3]
13.493570 640.000000 4970 0 1 99331 669 [],[34221]
13.497139 640.700000 18918 0 1 99330 670 [],[3]
13.500914 641.400000 36810 0 1 99329 671 [],[179]
13.500950 641.800000 3518 0 1 99328 672 [],[130,258]
13.502586 641.900000 16525 0 1 99327 673 [],[33]
13.507067 642.000000 47873 0 1 99326 674 [],[142]
13.510313 642.000000 69817 0 1 99325 675 [],[179]
13.513569 642.100000 49890 0 1 99324 676 [],[18]
13.515645 642.100000 77694 0 1 99323 677 [],[100]
13.522216 642.100000 150 0 1 99322 678 [],[1,3]
13.522866 652.100000 1010 0 1 99321 679 [],[61]
13.522977 652.700000 1850 0 1 99320 680 [],[306]
13.525072 653.200000 10193 0 1 99319 681 [],[3]
13.527465 653.500000 7096 0 1 99318 682 [],[2329]
13.530493 653.800000 74336 0 1 99317 683 [],[1]
13.530606 653.800000 37413 0 1 99316 684 [],[26]
13.532301 653.800000 91651 0 1 99315 685 [],[3]
13.533438 653.800000 21363 0 1 99314 686 [],[4092]
13.533886 653.900000 55843 0 1 99313 687 [],[28164]
13.534692 653.900000 33111 0 1 99312 688 [],[11028]
13.535996 654.400000 73084 0 1 99311 689 [],[5253]
13.536143 654.400000 20451 0 1 99310 690 [],[121]
13.537548 654.500000 65609 0 1 99309 691 [],[145]
13.540533 654.500000 16823 0 1 99308 692 [],[86,306]
13.541374 654.700000 5706 0 1 99307 693 [],[260,2021]
13.541799 656.100000 25518 0 1 99306 694 [],[1963,14601]
13.544425 655.900000 78972 0 1 99305 695 [],[33]
13.545184 655.900000 29438 0 1 99304 696 [],[29167]
13.546033 655.900000 1021 0 1 99303 697 [],[15079,18]
13.546078 658.900000 81443 0 1 99302 698 [],[75]
13.546882 658.900000 37755 0 1 99301 699 [],[21153]
13.549344 659.000000 41795 0 1 99300 700 [],[31671]
13.550898 659.000000 56018 0 1 99299 701 [],[1181]
13.551592 659.000000 95074 0 1 99298 702 [],[13802]
13.554700 659.000000 50078 0 1 99297 703 [],[142]
13.562814 659.100000 297 0 1 99296 704 [],[18]
13.562825 662.400000 15328 0 1 99295 705 [],[9069]
13.568932 663.300000 6994 0 1 99294 706 [],[2021]
13.569723 663.300000 57204 0 1 99293 707 [],[53667]
13.569737 663.500000 46746 0 1 99292 708 [],[75972]
13.574316 663.900000 29228 0 1 99291 709 [],[131]
13.574899 664.000000 18943 0 1 99290 710 [],[260]
13.575397 664.200000 47044 0 1 99289 711 [],[2106]
13.575611 664.300000 82 0 1 99288 712 [],[4172,3]
13.578465 673.500000 48358 0 1 99287 713 [],[49356]
13.579643 673.900000 40581 0 1 99286 714 [],[159]
13.582949 673.900000 54530 0 1 99285 715 [],[1099]
13.584206 673.900000 19295 0 1 99284 716 [],[47942,1021]
13.584469 674.200000 8371 0 1 99283 717 [],[4457]
13.589405 675.100000 87739 0 1 99282 718 [],[9085]
13.591235 675.100000 67912 0 1 99281 719 [],[44150]
13.592997 675.100000 1288 0 1 99280 720 [],[159]
13.594326 676.500000 53876 0 1 99279 721 [],[82]
13.595258 676.600000 19 0 1 99278 722 [],[5677,1,9]
13.596290 698.400000 80673 0 1 99277 723 [],[86]
13.596545 698.400000 19575 0 1 99276 724 [],[130]
13.598938 698.600000 64289 0 1 99275 725 [],[572]
13.603123 698.600000 1360 0 1 99274 726 [],[1702,12566,130]
13.603422 699.700000 94565 0 1 99273 727 [],[43260]
13.605323 699.700000 84276 0 1 99272 728 [],[1010]
13.607632 699.700000 795 0 1 99271 729 [],[255]
13.608855 701.300000 1037 0 1 99270 730 [],[19]
13.609818 701.900000 56771 0 1 99269 731 [],[14330]
13.610846 702.100000 20895 0 1 99268 732 [],[1]
13.616059 702.300000 92850 0 1 99267 733 [],[15980]
13.617943 702.300000 3559 0 1 99266 734 [],[260]
13.619394 703.100000 13560 0 1 99265 735 [],[1098]
13.621698 703.200000 57857 0 1 99264 736 [],[130]
13.623036 703.200000 14235 0 1 99263 737 [],[11381]
13.624041 703.400000 7436 0 1 99262 738 [],[150]
13.626435 703.600000 51027 0 1 99261 739 [],[23294]
13.628609 703.600000 31336 0 1 99260 740 [],[3]
13.629762 703.600000 41037 0 1 99259 741 [],[159]
13.631772 703.600000 55435 0 1 99258 742 [],[3096]
13.632184 703.600000 85721 0 1 99257 743 [],[9423]
13.634683 703.600000 59521 0 1 99256 744 [],[257]
13.639673 703.600000 5229 0 1 99255 745 [],[531]
13.640621 703.600000 44312 0 1 99254 746 [],[61]
13.642979 703.700000 20215 0 1 99253 747 [],[130]
13.643154 704.000000 92627 0 1 99252 748 [],[3]
13.644220 704.000000 1576 0 1 99251 749 [],[3,82]
13.644355 706.400000 58017 0 1 99250 750 [],[121]
13.645376 706.400000 39319 0 1 99249 751 [],[61]
13.646349 706.400000 31413 0 1 99248 752 [],[100]
13.646681 706.400000 10847 0 1 99247 753 [],[5893]
13.647694 706.700000 3398 0 1 99246 754 [],[6535]
13.647871 707.100000 8181 0 1 99245 755 [],[722]
13.650131 707.700000 69373 0 1 99244 756 [],[14235]
13.650514 707.800000 59105 0 1 99243 757 [],[2021]
13.651633 707.900000 4978 0 1 99242 758 [],[61]
13.651668 710.000000 95203 0 1 99241 759 [],[722]
13.652951 710.000000 6229 0 1 99240 760 [],[10872]
13.653382 711.100000 22772 0 1 99239 761 [],[131]
13.653580 711.100000 19233 0 1 99238 762 [],[8056]
13.656144 711.700000 16763 0 1 99237 763 [],[108]
13.656217 712.400000 6585 0 1 99236 764 [],[3]
13.656882 713.000000 29908 0 1 99235 765 [],[4057]
13.657102 713.000000 894 0 1 99234 766 [],[5009]
13.660675 714.400000 62807 0 1 99233 767 [],[3]
13.665276 714.500000 2131 0 1 99232 768 [],[19]
13.665434 718.900000 15 0 1 99231 769 [],[82,649,3085,6723,18020,71576,3]
13.665966 734.800000 7339 0 1 99230 770 [],[13579,3]
13.666076 735.700000 69427 0 1 99229 771 [],[33]
13.666977 735.700000 99 0 1 99228 772 [],[8019,82]
13.667372 738.600000 1525 0 1 99227 773 [],[5253]
13.667452 740.800000 78475 0 1 99226 774 [],[142]
13.668573 740.900000 63735 0 1 99225 775 [],[159]
13.669240 741.000000 13974 0 1 99224 776 [],[76991]
13.670932 741.200000 14022 0 1 99223 777 [],[99]
13.673783 741.900000 45199 0 1 99222 778 [],[72737,3]
13.674367 741.900000 22849 0 1 99221 779 [],[4978]
13.674667 742.000000 92065 0 1 99220 780 [],[6820]
13.675554 742.000000 555 0 1 99219 781 [],[18]
13.677673 744.500000 3446 0 1 99218 782 [],[297]
13.680803 745.100000 57661 0 1 99217 783 [],[7487]
13.685129 745.100000 71209 0 1 99216 784 [],[20451]
13.687528 745.100000 17076 0 1 99215 785 [],[131]
13.689141 745.300000 46465 0 1 99214 786 [],[2131]
13.689218 745.500000 6925 0 1 99213 787 [],[9]
13.689785 745.800000 97062 0 1 99212 788 [],[9]
13.690228 745.800000 20914 0 1 99211 789 [],[68280]
13.690455 746.400000 39753 0 1 99210 790 [],[288]
13.696856 746.400000 64007 0 1 99209 791 [],[1702]
13.698338 746.400000 3820 0 1 99208 792 [],[9]
13.702001 746.600000 65378 0 1 99207 793 [],[629]
13.703272 746.700000 8062 0 1 99206 794 [],[19]
13.703879 747.500000 20847 0 1 99205 795 [],[199]
13.704038 748.700000 34868 0 1 99204 796 [],[257]
13.709311 748.700000 2018 0 1 99203 797 [],[15]
13.710540 750.300000 7480 0 1 99202 798 [],[20613]
13.714352 750.700000 567 0 1 99201 799 [],[15]
13.716077 752.000000 50377 0 1 99200 800 [],[722]
13.716347 752.000000 70899 0 1 99199 801 [],[50838]
13.716489 752.000000 5295 0 1 99198 802 [],[3]
13.717042 752.200000 33637 0 1 99197 803 [],[11409,13485]
13.722306 752.000000 73043 0 1 99196 804 [],[199]
13.724138 752.000000 55240 0 1 99195 805 [],[26]
13.724968 752.000000 2009 0 1 99194 806 [],[16979]
13.725173 754.300000 47856 0 1 99193 807 [],[3615]
13.729072 754.300000 78308 0 1 99192 808 [],[260]
13.730038 754.300000 99119 0 1 99191 809 [],[48358]
13.730350 754.300000 14488 0 1 99190 810 [],[260]
13.731110 754.500000 52884 0 1 99189 811 [],[131]
13.734648 754.800000 94716 0 1 99188 812 [],[306]
13.739010 754.800000 27918 0 1 99187 813 [],[130]
13.740675 754.800000 23820 0 1 99186 814 [],[100]
13.741799 754.800000 96403 0 1 99185 815 [],[108]
13.743219 754.800000 415 0 1 99184 816 [],[255]
13.743492 756.500000 51403 0 1 99183 817 [],[258]
13.744613 756.500000 622 0 1 99182 818 [],[61]
13.748825 760.400000 57096 0 1 99181 819 [],[48311]
13.748845 760.400000 92035 0 1 99180 820 [],[2021]
13.754651 760.400000 66852 0 1 99179 821 [],[8171]
13.757688 760.500000 8771 0 1 99178 822 [],[44150]
13.757934 761.500000 36157 0 1 99177 823 [],[2131]
13.759591 761.800000 64286 0 1 99176 824 [],[75]
13.761612 761.900000 31781 0 1 99175 825 [],[2347]
13.761622 761.900000 4676 0 1 99174 826 [],[1671]
13.764349 763.400000 91547 0 1 99173 827 [],[82182]
13.765267 763.400000 184 0 1 99172 828 [],[199]
13.768917 771.500000 14 0 1 99171 829 [],[3]
13.769620 776.300000 6000 0 1 99170 830 [],[3210]
13.772053 777.100000 4769 0 1 99169 831 [],[31522]
13.772152 777.500000 66136 0 1 99168 832 [],[100]
13.773818 777.500000 85766 0 1 99167 833 [],[258]
13.773923 777.500000 42901 0 1 99166 834 [],[1]
13.774096 777.500000 49142 0 1 99165 835 [],[580]
13.775155 777.600000 18829 0 1 99164 836 [],[8056]
13.775506 777.700000 98151 0 1 99163 837 [],[15]
13.776162 777.700000 26817 0 1 99162 838 [],[72737]
13.780661 778.000000 38596 0 1 99161 839 [],[52568]
13.780766 778.100000 8747 0 1 99160 840 [],[1444]
13.781575 778.600000 26874 0 1 99159 841 [],[61]
13.783571 778.600000 81379 0 1 99158 842 [],[31522]
13.783689 778.600000 4264 0 1 99157 843 [],[4068]
13.784329 779.200000 88267 0 1 99156 844 [],[1525]
13.784815 779.200000 65062 0 1 99155 845 [],[18]
13.787621 779.200000 54672 0 1 99154 846 [],[27631]
13.787680 779.200000 73389 0 1 99153 847 [],[75]
13.788677 779.200000 26363 0 1 99152 848 [],[184]
13.788779 779.200000 3723 0 1 99151 849 [],[15]
13.789458 780.200000 55964 0 1 99150 850 [],[6626]
13.789865 780.200000 95578 0 1 99149 851 [],[46122]
13.790043 780.200000 18767 0 1 99148 852 [],[26]
13.790127 780.200000 51186 0 1 99147 853 [],[121]
13.791095 780.200000 99159 0 1 99146 854 [],[90916]
13.792075 780.200000 85949 0 1 99145 855 [],[260]
13.792639 780.200000 76481 0 1 99144 856 [],[7827]
13.792654 780.300000 3751 0 1 99143 857 [],[31882]
13.794186 781.400000 82652 0 1 99142 858 [],[142,80164]
13.794718 781.200000 9865 0 1 99141 859 [],[197]
13.795660 781.600000 8158 0 1 99140 860 [],[722]
13.796074 782.000000 1892 0 1 99139 861 [],[99]
13.796567 782.800000 34355 0 1 99138 862 [],[130]
13.797463 783.200000 25951 0 1 99137 863 [],[179]
13.797573 784.000000 22336 0 1 99136 864 [],[288]
13.802633 784.000000 73012 0 1 99135 865 [],[5722]
13.803975 784.000000 33195 0 1 99134 866 [],[3]
13.806566 784.000000 3017 0 1 99133 867 [],[12748,82]
13.807380 786.000000 35961 0 1 99132 868 [],[22800]
13.808692 786.200000 134 0 1 99131 869 [],[18]
13.811753 790.300000 27775 0 1 99130 870 [],[2009]
13.812476 790.300000 49949 0 1 99129 871 [],[952]
13.818597 790.500000 48714 0 1 99128 872 [],[2331]
13.819601 790.600000 80257 0 1 99127 873 [],[134]
13.819997 790.700000 24898 0 1 99126 874 [],[75]
13.820252 790.800000 34172 0 1 99125 875 [],[7339]
13.820440 791.300000 52156 0 1 99124 876 [],[622]
13.821446 791.400000 45652 0 1 99123 877 [],[90209]
13.821710 792.000000 907 0 1 99122 878 [],[2106,61]
13.822160 793.300000 90157 0 1 99121 879 [],[9]
13.823987 793.300000 11317 0 1 99120 880 [],[894]
13.827170 793.700000 21641 0 1 99119 881 [],[75,580]
13.827223 793.600000 8838 0 1 99118 882 [],[197]
13.827564 793.600000 128 0 1 99117 883 [],[9294,19]
13.829825 799.400000 15362 0 1 99116 884 [],[110]
13.830840 799.500000 93107 0 1 99115 885 [],[33]
13.831498 799.500000 4123 0 1 99114 886 [],[5771]
13.832085 801.200000 8769 0 1 99113 887 [],[3]
13.832681 801.400000 5882 0 1 99112 888 [],[90676,130]
13.832801 801.600000 12116 0 1 99111 889 [],[61,75]
13.835962 801.500000 25343 0 1 99110 890 [],[130,159]
13.836219 801.800000 66022 0 1 99109 891 [],[3849]
13.837417 801.800000 60982 0 1 99108 892 [],[4809]
13.837674 801.800000 12371 0 1 99107 893 [],[258]
13.837832 802.000000 47962 0 1 99106 894 [],[61]
13.839811 802.200000 593 0 1 99105 895 [],[19]
13.840548 803.600000 9615 0 1 99104 896 [],[572]
13.844654 803.700000 44059 0 1 99103 897 [],[15]
13.844958 803.800000 40325 0 1 99102 898 [],[9]
13.846124 803.900000 26603 0 1 99101 899 [],[4400]
13.847167 804.000000 27012 0 1 99100 900 [],[1487]
13.851028 804.100000 25158 0 1 99099 901 [],[3]
13.853356 804.100000 43401 0 1 99098 902 [],[24333]
13.854359 804.200000 70008 0 1 99097 903 [],[737]
13.855385 804.200000 1446 0 1 99096 904 [],[18]
13.855749 804.700000 59224 0 1 99095 905 [],[622]
13.856796 804.900000 44855 0 1 99094 906 [],[190]
13.857394 804.900000 54650 0 1 99093 907 [],[199]
13.857866 805.100000 16138 0 1 99092 908 [],[51388]
13.858303 805.600000 876 0 1 99091 909 [],[19]
13.858661 807.200000 67930 0 1 99090 910 [],[11802]
13.859056 807.200000 68118 0 1 99089 911 [],[1]
13.859170 807.200000 40644 0 1 99088 912 [],[197]
13.860067 807.200000 90808 0 1 99087 913 [],[3615]
13.860730 807.300000 2354 0 1 99086 914 [],[306]
13.861330 809.000000 65638 0 1 99085 915 [],[8769]
13.862334 809.100000 14194 0 1 99084 916 [],[130]
13.862591 809.500000 27812 0 1 99083 917 [],[134]
13.865541 809.600000 84227 0 1 99082 918 [],[131]
13.866815 809.600000 73603 0 1 99081 919 [],[8158]
13.867724 809.600000 73007 0 1 99080 920 [],[110]
13.868156 809.600000 97257 0 1 99079 921 [],[18]
13.868934 809.600000 55621 0 1 99078 922 [],[96907]
13.869993 809.700000 92283 0 1 99077 923 [],[4076]
13.870072 809.700000 21596 0 1 99076 924 [],[580]
13.871791 809.800000 54613 0 1 99075 925 [],[484]
13.874551 810.100000 29250 0 1 99074 926 [],[4172]
13.874556 810.300000 16196 0 1 99073 927 [],[3]
13.876118 810.300000 30164 0 1 99072 928 [],[41231]
13.876195 810.400000 64322 0 1 99071 929 [],[306]
13.876276 810.400000 5586 0 1 99070 930 [],[33]
13.876504 811.200000 55310 0 1 99069 931 [],[57857]
13.876642 811.600000 7370 0 1 99068 932 [],[1]
13.877005 812.100000 93567 0 1 99067 933 [],[19]
13.879246 812.100000 27636 0 1 99066 934 [],[9]
13.880294 812.200000 97218 0 1 99065 935 [],[2217]
13.881324 812.200000 77657 0 1 99064 936 [],[1021]
13.884081 812.200000 398 0 1 99063 937 [],[150]
13.884217 812.800000 54899 0 1 99062 938 [],[3]
13.888275 812.800000 1267 0 1 99061 939 [],[622,699]
13.890945 814.000000 71497 0 1 99060 940 [],[33]
13.891365 814.000000 903 0 1 99059 941 [],[1321,61]
13.896619 822.200000 40193 0 1 99058 942 [],[4092]
13.900974 822.400000 38719 0 1 99057 943 [],[25343]
13.905169 822.400000 900 0 1 99056 944 [],[18]
13.905246 823.000000 2813 0 1 99055 945 [],[4057,1]
13.908984 823.800000 73050 0 1 99054 946 [],[19680]
13.910819 823.800000 97440 0 1 99053 947 [],[3]
13.914094 823.800000 94153 0 1 99052 948 [],[1010]
13.915269 823.800000 8918 0 1 99051 949 [],[2131]
13.915442 824.000000 76020 0 1 99050 950 [],[344]
13.915995 824.000000 7075 0 1 99049 951 [],[73389]
13.916682 824.600000 98041 0 1 99048 952 [],[100]
13.916779 824.600000 51877 0 1 99047 953 [],[33]
13.917195 824.600000 53455 0 1 99046 954 [],[15968]
13.917978 824.600000 20476 0 1 99045 955 [],[257]
13.918652 824.800000 21839 0 1 99044 956 [],[1267]
13.918692 824.800000 98 0 1 99043 957 [],[1217]
13.918950 825.900000 37003 0 1 99042 958 [],[14022]
13.922391 826.200000 78084 0 1 99041 959 [],[131]
13.922720 826.400000 63986 0 1 99040 960 [],[12520]
13.923370 826.400000 312 0 1 99039 961 [],[9633,258]
13.923473 829.900000 92468 0 1 99038 962 [],[761]
13.923773 829.900000 89119 0 1 99037 963 [],[1]
13.927701 829.900000 414 0 1 99036 964 [],[5310,14303,199]
13.928026 839.600000 16316 0 1 99035 965 [],[1444]
13.932061 839.800000 8932 0 1 99034 966 [],[2331]
13.933112 840.300000 35157 0 1 99033 967 [],[1]
13.933119 840.300000 59044 0 1 99032 968 [],[130]
13.933157 840.300000 69182 0 1 99031 969 [],[5677]
13.934143 840.300000 40586 0 1 99030 970 [],[415]
13.935106 840.700000 25815 0 1 99029 971 [],[15,1217]
13.935432 840.900000 24435 0 1 99028 972 [],[100]
13.938704 841.100000 8121 0 1 99027 973 [],[13698,75]
13.939704 841.200000 35553 0 1 99026 974 [],[258]
13.939891 841.600000 81588 0 1 99025 975 [],[3986]
13.939932 841.600000 15133 0 1 99024 976 [],[593]
13.941087 842.500000 902 0 1 99023 977 [],[952,2419]
13.942854 846.300000 12872 0 1 99022 978 [],[3]
13.945002 846.700000 90298 0 1 99021 979 [],[15133]
13.945359 846.700000 24598 0 1 99020 980 [],[1948]
13.945795 847.600000 60 0 1 99019 981 [],[179,288,903,77657,85616]
13.945885 871.200000 6942 0 1 99018 982 [],[1098]
13.947450 871.700000 7812 0 1 99017 983 [],[14]
13.948809 872.000000 81875 0 1 99016 984 [],[1963]
13.949975 872.000000 47466 0 1 99015 985 [],[2329]
13.950650 872.100000 67473 0 1 99014 986 [],[131]
13.951367 872.100000 96299 0 1 99013 987 [],[116]
13.953611 872.100000 52096 0 1 99012 988 [],[903]
13.953617 872.200000 69789 0 1 99011 989 [],[150]
13.953633 872.300000 56089 0 1 99010 990 [],[38774]
13.954246 872.400000 9914 0 1 99009 991 [],[340]
13.955348 873.100000 2397 0 1 99008 992 [],[3]
13.955722 874.200000 6112 0 1 99007 993 [],[15005,86]
13.960209 875.700000 94318 0 1 99006 994 [],[297]
13.960249 875.700000 35532 0 1 99005 995 [],[27075]
13.960961 875.800000 91137 0 1 99004 996 [],[1037]
13.961948 875.800000 50773 0 1 99003 997 [],[110]
13.962135 875.900000 8159 0 1 99002 998 [],[1963]
13.964959 875.900000 1388 0 1 99001 999 [],[1099]
13.970610 880.400000 44088 0 1 99000 1000 [],[25532]
