1.374767 0.200000 490 0 1 99998 2 [],[99999]
1.437448 4.600000 58896 0 1 99997 3 [],[490]
1.779824 4.600000 11274 0 1 99996 4 [],[490]
1.815728 5.400000 5321 0 1 99995 5 [],[490]
1.963590 5.400000 7321 0 1 99994 6 [],[490]
2.130722 5.600000 11107 0 1 99993 7 [],[490]
2.164449 6.200000 18396 0 1 99992 8 [],[490]
2.301205 6.400000 11354 0 1 99991 9 [],[490]
2.705542 6.400000 97169 0 1 99990 10 [],[11274]
2.872871 6.400000 78454 0 1 99989 11 [],[99999]
3.006429 6.500000 2957 0 1 99988 12 [],[58896]
3.012307 8.700000 57951 0 1 99987 13 [],[490]
3.097131 8.700000 40895 0 1 99986 14 [],[7321]
3.104499 8.700000 31523 0 1 99985 15 [],[490]
3.122000 8.700000 52620 0 1 99984 16 [],[490]
3.142102 8.900000 1334 0 1 99983 17 [],[78454]
3.179848 9.600000 42016 0 1 99982 18 [],[11274]
3.204031 9.600000 17618 0 1 99981 19 [],[490]
3.225355 10.400000 83397 0 1 99980 20 [],[2957]
3.333815 10.400000 89981 0 1 99979 21 [],[2957]
3.527296 10.400000 50144 0 1 99978 22 [],[490]
3.709536 10.500000 81547 0 1 99977 23 [],[490]
3.709629 10.500000 62327 0 1 99976 24 [],[490]
3.934423 10.500000 34363 0 1 99975 25 [],[57951]
3.947841 10.800000 4532 0 1 99974 26 [],[2957]
4.102199 11.300000 90951 0 1 99973 27 [],[11107]
4.128503 11.300000 2892 0 1 99972 28 [],[31523]
4.214218 12.300000 32317 0 1 99971 29 [],[490]
4.312056 12.400000 90746 0 1 99970 30 [],[2957]
4.314873 12.400000 2945 0 1 99969 31 [],[40895]
4.382152 13.000000 29 0 1 99968 32 [],[78454]
4.416159 31.600000 175 0 1 99967 33 [],[29]
4.452823 33.200000 14161 0 1 99966 34 [],[29]
4.480242 33.200000 10 0 1 99965 35 [],[29]
4.481670 60.100000 3823 0 1 99964 36 [],[10]
4.485663 61.200000 69786 0 1 99963 37 [],[2945]
4.492183 61.200000 76114 0 1 99962 38 [],[10]
4.498372 61.200000 30711 0 1 99961 39 [],[29]
4.512292 61.300000 89626 0 1 99960 40 [],[10]
4.513126 61.300000 20655 0 1 99959 41 [],[29]
4.520055 61.700000 31218 0 1 99958 42 [],[10]
4.528493 62.000000 17286 0 1 99957 43 [],[29]
4.530324 62.300000 58659 0 1 99956 44 [],[34363]
4.531901 62.300000 35585 0 1 99955 45 [],[29]
4.545890 62.400000 668 0 1 99954 46 [],[29]
4.549526 64.800000 13238 0 1 99953 47 [],[10]
4.552714 65.200000 525 0 1 99952 48 [],[29]
4.583851 67.000000 66134 0 1 99951 49 [],[4532]
4.613950 67.000000 52453 0 1 99950 50 [],[10]
4.614110 67.000000 88497 0 1 99949 51 [],[29]
4.620052 67.000000 6054 0 1 99948 52 [],[10]
4.626818 67.200000 57099 0 1 99947 53 [],[10]
4.633064 67.200000 3381 0 1 99946 54 [],[17286]
4.646402 69.000000 85788 0 1 99945 55 [],[31218]
4.649979 69.000000 3247 0 1 99944 56 [],[29]
4.664865 69.200000 36243 0 1 99943 57 [],[29]
4.675327 69.200000 1371 0 1 99942 58 [],[10]
4.690384 69.900000 43640 0 1 99941 59 [],[17286]
4.694421 70.000000 2291 0 1 99940 60 [],[10]
4.695779 70.800000 46495 0 1 99939 61 [],[29]
4.727083 70.800000 5745 0 1 99938 62 [],[2892]
4.749110 71.600000 78624 0 1 99937 63 [],[1371]
4.761506 71.600000 39739 0 1 99936 64 [],[490]
4.797718 72.000000 37981 0 1 99935 65 [],[525]
4.803854 72.300000 95039 0 1 99934 66 [],[17618]
4.807568 72.300000 12912 0 1 99933 67 [],[1334]
4.819493 72.500000 66570 0 1 99932 68 [],[3823]
4.821967 72.500000 13174 0 1 99931 69 [],[2892]
4.831191 72.500000 0 0 1 99930 70 [],[10,668]
4.834139 141.200000 669 0 1 99929 71 [],[0]
4.837279 141.400000 6946 0 1 99928 72 [],[10]
4.838503 141.800000 3756 0 1 99927 73 [],[0]
4.843413 142.200000 3462 0 1 99926 74 [],[10]
4.845801 142.400000 54439 0 1 99925 75 [],[10]
4.863333 142.400000 578 0 1 99924 76 [],[490]
4.866567 145.700000 78825 0 1 99923 77 [],[29]
4.884427 145.700000 13081 0 1 99922 78 [],[29]
4.894570 145.700000 156 0 1 99921 79 [],[490]
4.904683 150.000000 56913 0 1 99920 80 [],[10]
4.905550 150.100000 46761 0 1 99919 81 [],[0]
4.907654 150.100000 71647 0 1 99918 82 [],[490]
4.912141 150.100000 31657 0 1 99917 83 [],[29]
4.914574 150.300000 4 0 1 99916 84 [],[0]
4.917142 161.000000 79383 0 1 99915 85 [],[10]
4.918484 161.000000 10038 0 1 99914 86 [],[3381]
4.920080 161.800000 70013 0 1 99913 87 [],[156]
4.927380 161.800000 18342 0 1 99912 88 [],[4]
4.928892 162.800000 8899 0 1 99911 89 [],[0]
4.934875 162.900000 71119 0 1 99910 90 [],[10]
4.939634 163.000000 19981 0 1 99909 91 [],[0]
4.940788 163.100000 66488 0 1 99908 92 [],[0]
4.951144 163.100000 7365 0 1 99907 93 [],[525]
4.971748 163.400000 16525 0 1 99906 94 [],[0]
4.985772 163.700000 73498 0 1 99905 95 [],[0]
4.991210 163.700000 40302 0 1 99904 96 [],[10]
4.991899 163.700000 80285 0 1 99903 97 [],[0]
4.991905 163.700000 8916 0 1 99902 98 [],[0]
4.993604 164.600000 8087 0 1 99901 99 [],[29]
4.994554 165.700000 6027 0 1 99900 100 [],[0]
5.003240 166.700000 77973 0 1 99899 101 [],[0]
5.011345 166.700000 5389 0 1 99898 102 [],[10]
5.012780 167.900000 2290 0 1 99897 103 [],[0]
5.015653 168.700000 15869 0 1 99896 104 [],[0]
5.022209 169.400000 43001 0 1 99895 105 [],[0]
5.027894 169.500000 57129 0 1 99894 106 [],[0]
5.034943 169.500000 25768 0 1 99893 107 [],[0]
5.035883 169.700000 13145 0 1 99892 108 [],[0]
5.037337 169.900000 14387 0 1 99891 109 [],[0]
5.039985 170.800000 22271 0 1 99890 110 [],[62327]
5.044182 170.900000 85358 0 1 99889 111 [],[0]
5.046704 170.900000 9568 0 1 99888 112 [],[29]
5.050676 170.900000 24 0 1 99887 113 [],[156]
5.050706 199.400000 18035 0 1 99886 114 [],[156]
5.058152 199.600000 13958 0 1 99885 115 [],[668]
5.065861 200.900000 1349 0 1 99884 116 [],[24]
5.066509 201.200000 34039 0 1 99883 117 [],[29]
5.069034 201.200000 98046 0 1 99882 118 [],[10]
5.071987 201.200000 4956 0 1 99881 119 [],[156]
5.082155 201.700000 17059 0 1 99880 120 [],[156]
5.082184 202.100000 98017 0 1 99879 121 [],[24]
5.084826 202.100000 3760 0 1 99878 122 [],[0]
5.086538 202.800000 22451 0 1 99877 123 [],[2291]
5.086796 202.800000 98683 0 1 99876 124 [],[24]
5.090593 202.800000 3622 0 1 99875 125 [],[0]
5.091185 204.000000 10362 0 1 99874 126 [],[0]
5.095183 204.700000 2796 0 1 99873 127 [],[0]
5.101982 205.900000 6241 0 1 99872 128 [],[0]
5.108091 207.300000 70750 0 1 99871 129 [],[0]
5.108228 207.300000 57673 0 1 99870 130 [],[24]
5.113856 207.400000 42571 0 1 99869 131 [],[0]
5.122380 207.700000 52909 0 1 99868 132 [],[0]
5.131452 208.300000 2339 0 1 99867 133 [],[10]
5.131780 209.700000 59693 0 1 99866 134 [],[37981]
5.133478 210.000000 5833 0 1 99865 135 [],[0]
5.137078 210.000000 17258 0 1 99864 136 [],[2957]
5.145049 210.300000 76081 0 1 99863 137 [],[0]
5.145892 210.300000 18829 0 1 99862 138 [],[0]
5.152962 210.500000 88615 0 1 99861 139 [],[3823]
5.155293 210.500000 2159 0 1 99860 140 [],[156]
5.158016 210.500000 54306 0 1 99859 141 [],[17059]
5.163305 210.600000 97753 0 1 99858 142 [],[29]
5.163355 210.600000 6732 0 1 99857 143 [],[156]
5.165807 211.400000 6953 0 1 99856 144 [],[4532]
5.175040 211.800000 917 0 1 99855 145 [],[668]
5.186520 214.000000 17985 0 1 99854 146 [],[4]
5.188952 214.000000 594 0 1 99853 147 [],[29]
5.194427 215.600000 78722 0 1 99852 148 [],[52620]
5.196899 215.600000 4438 0 1 99851 149 [],[4]
5.215236 216.000000 1949 0 1 99850 150 [],[0]
5.222565 217.000000 5180 0 1 99849 151 [],[0]
5.222638 217.300000 13679 0 1 99848 152 [],[1371]
5.223401 217.600000 84602 0 1 99847 153 [],[0]
5.223455 217.600000 44765 0 1 99846 154 [],[24]
5.226866 217.600000 70513 0 1 99845 155 [],[70750]
5.230428 217.800000 13087 0 1 99844 156 [],[0]
5.257238 218.200000 35589 0 1 99843 157 [],[0]
5.261561 218.300000 42152 0 1 99842 158 [],[10]
5.261914 218.400000 19982 0 1 99841 159 [],[10]
5.267068 218.400000 1375 0 1 99840 160 [],[10]
5.267144 222.100000 9258 0 1 99839 161 [],[0]
5.283447 222.500000 74296 0 1 99838 162 [],[1349]
5.285014 222.500000 78673 0 1 99837 163 [],[0]
5.286093 222.600000 47851 0 1 99836 164 [],[29]
5.290232 222.700000 1389 0 1 99835 165 [],[0]
5.295248 224.700000 12195 0 1 99834 166 [],[10]
5.296003 225.300000 13466 0 1 99833 167 [],[0]
5.301069 225.300000 92147 0 1 99832 168 [],[1334]
5.301326 225.300000 13402 0 1 99831 169 [],[0]
5.303390 226.100000 84119 0 1 99830 170 [],[0]
5.304151 226.100000 62082 0 1 99829 171 [],[13402]
5.304575 226.100000 92179 0 1 99828 172 [],[0]
5.312174 226.100000 2090 0 1 99827 173 [],[0]
5.317073 226.900000 21931 0 1 99826 174 [],[0]
5.318191 227.200000 1512 0 1 99825 175 [],[0]
5.325142 228.500000 79189 0 1 99824 176 [],[156]
5.341636 228.500000 48975 0 1 99823 177 [],[668]
5.352818 228.600000 88619 0 1 99822 178 [],[6054]
5.352952 228.700000 13566 0 1 99821 179 [],[0]
5.354726 229.200000 54218 0 1 99820 180 [],[6946]
5.357074 229.200000 24486 0 1 99819 181 [],[0]
5.363029 229.300000 16846 0 1 99818 182 [],[6241]
5.364881 229.400000 46269 0 1 99817 183 [],[0]
5.366407 229.400000 19856 0 1 99816 184 [],[10]
5.372915 229.600000 36940 0 1 99815 185 [],[0]
5.379065 229.900000 2035 0 1 99814 186 [],[29]
5.382245 231.100000 17792 0 1 99813 187 [],[0]
5.387199 231.600000 57362 0 1 99812 188 [],[3622]
5.393903 231.700000 37509 0 1 99811 189 [],[24]
5.399250 231.900000 1049 0 1 99810 190 [],[84602]
5.413969 236.400000 34644 0 1 99809 191 [],[10]
5.420945 236.400000 37968 0 1 99808 192 [],[71119]
5.425388 236.900000 62746 0 1 99807 193 [],[10]
5.430232 236.900000 77086 0 1 99806 194 [],[29]
5.430419 237.100000 532 0 1 99805 195 [],[0]
5.432604 238.200000 52010 0 1 99804 196 [],[525]
5.436717 238.500000 87571 0 1 99803 197 [],[24]
5.437062 238.500000 31815 0 1 99802 198 [],[0]
5.440704 238.600000 4808 0 1 99801 199 [],[0]
5.443298 239.200000 17414 0 1 99800 200 [],[0]
5.451495 239.400000 14273 0 1 99799 201 [],[0]
5.453357 239.500000 47577 0 1 99798 202 [],[3760]
5.456412 239.500000 94724 0 1 99797 203 [],[0]
5.463346 239.500000 18592 0 1 99796 204 [],[1049]
5.470981 239.600000 5326 0 1 99795 205 [],[1375]
5.473056 239.800000 75796 0 1 99794 206 [],[4]
5.479978 239.900000 41586 0 1 99793 207 [],[0]
5.481822 239.900000 5908 0 1 99792 208 [],[532]
5.486503 240.100000 18937 0 1 99791 209 [],[18342]
5.487536 240.200000 53718 0 1 99790 210 [],[42571]
5.489428 240.400000 98624 0 1 99789 211 [],[490]
5.492137 240.400000 7217 0 1 99788 212 [],[29]
5.493151 240.600000 7923 0 1 99787 213 [],[4]
5.493516 241.300000 89153 0 1 99786 214 [],[0]
5.494208 241.300000 169 0 1 99785 215 [],[0,24]
5.499226 249.500000 18075 0 1 99784 216 [],[4956]
5.501201 249.700000 244 0 1 99783 217 [],[24]
5.502364 252.300000 304 0 1 99782 218 [],[4]
5.508371 258.400000 40397 0 1 99781 219 [],[0]
5.518131 258.400000 17100 0 1 99780 220 [],[10]
5.519005 258.800000 48958 0 1 99779 221 [],[0]
5.524050 258.900000 85134 0 1 99778 222 [],[4]
5.530318 259.000000 24395 0 1 99777 223 [],[1389]
5.532691 259.200000 42175 0 1 99776 224 [],[37968]
5.544712 259.500000 32552 0 1 99775 225 [],[304]
5.549055 260.000000 63080 0 1 99774 226 [],[24]
5.549562 260.100000 98754 0 1 99773 227 [],[169]
5.552389 260.100000 43175 0 1 99772 228 [],[0]
5.555654 260.100000 86852 0 1 99771 229 [],[244]
5.560504 260.100000 53552 0 1 99770 230 [],[29]
5.566192 260.200000 68391 0 1 99769 231 [],[10]
5.571347 260.300000 614 0 1 99768 232 [],[2957]
5.578731 266.400000 39973 0 1 99767 233 [],[614]
5.579138 266.400000 4331 0 1 99766 234 [],[20655]
5.583178 270.600000 8130 0 1 99765 235 [],[917,4331]
5.587729 270.800000 25109 0 1 99764 236 [],[6732]
5.588290 271.100000 619 0 1 99763 237 [],[490]
5.591362 276.600000 12677 0 1 99762 238 [],[29]
5.592390 277.200000 22331 0 1 99761 239 [],[1049]
5.594151 277.300000 86576 0 1 99760 240 [],[59693]
5.602449 277.300000 250 0 1 99759 241 [],[0,24]
5.605920 283.800000 99269 0 1 99758 242 [],[156]
5.608736 283.800000 40331 0 1 99757 243 [],[24]
5.609079 284.000000 62063 0 1 99756 244 [],[614]
5.609974 284.100000 57748 0 1 99755 245 [],[0]
5.614029 284.100000 51922 0 1 99754 246 [],[525]
5.614106 284.100000 3569 0 1 99753 247 [],[0]
5.615234 284.400000 8813 0 1 99752 248 [],[156,4331]
5.615243 284.300000 2320 0 1 99751 249 [],[1949]
5.615269 287.600000 5843 0 1 99750 250 [],[13679]
5.617482 288.500000 22838 0 1 99749 251 [],[10]
5.621720 288.600000 28721 0 1 99748 252 [],[5326]
5.622890 288.700000 74986 0 1 99747 253 [],[4]
5.623618 288.700000 40878 0 1 99746 254 [],[250]
5.625146 288.900000 19802 0 1 99745 255 [],[24]
5.628957 289.000000 37363 0 1 99744 256 [],[24]
5.630914 289.000000 34282 0 1 99743 257 [],[4]
5.635089 289.000000 5 0 1 99742 258 [],[29,89626,0]
5.637873 350.400000 46610 0 1 99741 259 [],[175]
5.638502 350.400000 27140 0 1 99740 260 [],[6732]
5.641975 350.600000 54760 0 1 99739 261 [],[10]
5.644945 350.600000 32826 0 1 99738 262 [],[4]
5.648276 350.600000 13891 0 1 99737 263 [],[85788]
5.649804 351.500000 15531 0 1 99736 264 [],[0]
5.650486 353.000000 7989 0 1 99735 265 [],[1375]
5.653418 353.000000 21163 0 1 99734 266 [],[5]
5.655902 353.100000 609 0 1 99733 267 [],[5,10]
5.656495 353.100000 91110 0 1 99732 268 [],[4331]
5.657400 353.100000 2967 0 1 99731 269 [],[24]
5.659320 353.400000 1199 0 1 99730 270 [],[169]
5.668735 355.400000 52983 0 1 99729 271 [],[29]
5.670775 355.700000 1874 0 1 99728 272 [],[29]
5.676585 356.000000 99599 0 1 99727 273 [],[10]
5.679064 356.000000 53 0 1 99726 274 [],[0]
5.679153 362.000000 67905 0 1 99725 275 [],[14387]
5.680575 362.000000 79488 0 1 99724 276 [],[24]
5.680616 362.000000 57744 0 1 99723 277 [],[5]
5.681174 362.200000 801 0 1 99722 278 [],[29]
5.683486 363.100000 59499 0 1 99721 279 [],[53]
5.684246 363.200000 30482 0 1 99720 280 [],[29,490]
5.686913 363.200000 60696 0 1 99719 281 [],[13566]
5.688435 363.200000 90 0 1 99718 282 [],[1874]
5.697586 375.400000 21990 0 1 99717 283 [],[17792]
5.697808 375.400000 8163 0 1 99716 284 [],[0]
5.704256 375.900000 4897 0 1 99715 285 [],[50144]
5.704926 376.500000 20216 0 1 99714 286 [],[24]
5.705876 376.500000 5026 0 1 99713 287 [],[244]
5.710851 376.900000 5241 0 1 99712 288 [],[5]
5.710961 377.200000 65333 0 1 99711 289 [],[5]
5.719504 377.200000 68439 0 1 99710 290 [],[5]
5.719743 377.300000 1769 0 1 99709 291 [],[17618]
5.723515 379.000000 18140 0 1 99708 292 [],[71647]
5.726080 379.500000 5040 0 1 99707 293 [],[17100]
5.728369 380.100000 11658 0 1 99706 294 [],[5]
5.728677 380.400000 62210 0 1 99705 295 [],[21163]
5.735214 380.400000 6125 0 1 99704 296 [],[19982]
5.735244 381.000000 70000 0 1 99703 297 [],[24]
5.736768 381.200000 2343 0 1 99702 298 [],[619]
5.736802 381.600000 1355 0 1 99701 299 [],[1199]
5.737909 384.100000 12284 0 1 99700 300 [],[5]
5.739511 384.800000 69854 0 1 99699 301 [],[4331]
5.739922 384.800000 9017 0 1 99698 302 [],[70513]
5.740613 386.400000 68780 0 1 99697 303 [],[250]
5.742892 386.500000 39711 0 1 99696 304 [],[90]
5.744111 386.600000 71137 0 1 99695 305 [],[4]
5.746044 386.700000 6282 0 1 99694 306 [],[1389]
5.746841 386.900000 60138 0 1 99693 307 [],[1355]
5.746962 387.000000 21803 0 1 99692 308 [],[4]
5.753565 387.100000 26009 0 1 99691 309 [],[8130]
5.754799 387.200000 66363 0 1 99690 310 [],[14387]
5.756918 387.200000 16791 0 1 99689 311 [],[4,578]
5.758316 387.200000 12844 0 1 99688 312 [],[5]
5.761928 387.500000 281 0 1 99687 313 [],[24]
5.766679 390.800000 17704 0 1 99686 314 [],[24]
5.767224 391.200000 48697 0 1 99685 315 [],[20655]
5.767311 391.200000 94081 0 1 99684 316 [],[10]
5.770479 391.200000 55442 0 1 99683 317 [],[619]
5.770779 391.300000 41301 0 1 99682 318 [],[9017]
5.773584 391.300000 19342 0 1 99681 319 [],[0]
5.774522 391.600000 4165 0 1 99680 320 [],[4]
5.775990 391.800000 1820 0 1 99679 321 [],[29]
5.776459 392.100000 42278 0 1 99678 322 [],[32317]
5.778114 392.200000 95532 0 1 99677 323 [],[35589]
5.778572 392.200000 95343 0 1 99676 324 [],[8087]
5.779269 392.200000 52205 0 1 99675 325 [],[0]
5.780894 392.200000 95345 0 1 99674 326 [],[10]
5.781167 392.200000 5198 0 1 99673 327 [],[40331]
5.783144 393.900000 15586 0 1 99672 328 [],[2339]
5.785134 394.000000 1960 0 1 99671 329 [],[917]
5.785423 397.400000 1460 0 1 99670 330 [],[53]
5.788731 400.000000 11753 0 1 99669 331 [],[10]
5.792436 400.700000 3317 0 1 99668 332 [],[668]
5.794411 402.300000 66955 0 1 99667 333 [],[10]
5.795122 402.300000 89 0 1 99666 334 [],[2320,22451]
5.795752 409.800000 3661 0 1 99665 335 [],[0]
5.800242 410.600000 92843 0 1 99664 336 [],[0]
5.801017 410.600000 56575 0 1 99663 337 [],[29]
5.804339 410.600000 341 0 1 99662 338 [],[5]
5.804812 422.800000 7136 0 1 99661 339 [],[3760]
5.812842 424.000000 45900 0 1 99660 340 [],[0]
5.812892 424.100000 55749 0 1 99659 341 [],[5]
5.817355 424.200000 39653 0 1 99658 342 [],[341]
5.820641 424.300000 29172 0 1 99657 343 [],[250,3760]
5.821529 424.200000 84836 0 1 99656 344 [],[5]
5.825495 424.200000 10245 0 1 99655 345 [],[5]
5.826347 424.400000 64006 0 1 99654 346 [],[1355]
5.826795 424.400000 5382 0 1 99653 347 [],[73498]
5.826906 425.600000 92245 0 1 99652 348 [],[10]
5.829925 425.600000 78304 0 1 99651 349 [],[56913]
5.830970 425.600000 90880 0 1 99650 350 [],[10]
5.832134 425.600000 4104 0 1 99649 351 [],[490]
5.833199 425.900000 32328 0 1 99648 352 [],[5]
5.837352 426.100000 28018 0 1 99647 353 [],[5]
5.837665 426.100000 3104 0 1 99646 354 [],[2320]
5.839218 426.600000 60055 0 1 99645 355 [],[10]
5.839236 426.700000 60023 0 1 99644 356 [],[0]
5.839334 427.000000 17603 0 1 99643 357 [],[53]
5.839889 427.500000 24400 0 1 99642 358 [],[11107]
5.840364 428.000000 80744 0 1 99641 359 [],[77086]
5.840609 428.000000 62116 0 1 99640 360 [],[5]
5.843961 428.100000 31 0 1 99639 361 [],[0,10]
5.844036 431.000000 644 0 1 99638 362 [],[169]
5.844236 432.300000 45485 0 1 99637 363 [],[1049]
5.847263 432.300000 7846 0 1 99636 364 [],[2957]
5.850575 435.500000 5703 0 1 99635 365 [],[244]
5.852033 435.700000 25281 0 1 99634 366 [],[89]
5.854525 435.800000 2903 0 1 99633 367 [],[31]
5.855122 437.200000 39776 0 1 99632 368 [],[644]
5.857110 437.300000 20070 0 1 99631 369 [],[5]
5.859333 437.300000 74807 0 1 99630 370 [],[0]
5.861053 437.400000 52651 0 1 99629 371 [],[0]
5.862078 437.400000 19592 0 1 99628 372 [],[5]
5.862487 437.700000 4228 0 1 99627 373 [],[0]
5.864275 438.700000 57407 0 1 99626 374 [],[66570]
5.864648 439.100000 13063 0 1 99625 375 [],[0]
5.871188 439.300000 95313 0 1 99624 376 [],[17603]
5.873521 439.300000 47626 0 1 99623 377 [],[3823]
5.875030 439.400000 42461 0 1 99622 378 [],[12284]
5.875506 439.500000 19767 0 1 99621 379 [],[75796]
5.875797 440.000000 72604 0 1 99620 380 [],[84119,5]
5.879203 440.000000 3700 0 1 99619 381 [],[1199]
5.879596 442.600000 11368 0 1 99618 382 [],[4331]
5.880552 442.600000 87 0 1 99617 383 [],[0]
5.881343 445.800000 24658 0 1 99616 384 [],[0]
5.883052 446.200000 23887 0 1 99615 385 [],[37981]
5.885952 446.900000 30903 0 1 99614 386 [],[169]
5.886323 447.000000 74003 0 1 99613 387 [],[29]
5.886388 447.000000 995 0 1 99612 388 [],[0]
5.887014 448.500000 7903 0 1 99611 389 [],[10]
5.888117 449.300000 6671 0 1 99610 390 [],[89]
5.891022 449.900000 41321 0 1 99609 391 [],[2892]
5.896047 450.000000 27965 0 1 99608 392 [],[11274]
5.898886 450.700000 4087 0 1 99607 393 [],[5]
5.903193 450.800000 65921 0 1 99606 394 [],[7846]
5.906844 450.800000 55447 0 1 99605 395 [],[1355]
5.908725 450.800000 12338 0 1 99604 396 [],[6241]
5.909428 451.000000 3179 0 1 99603 397 [],[5703]
5.912179 452.900000 16405 0 1 99602 398 [],[6027]
5.912886 452.900000 56227 0 1 99601 399 [],[5]
5.913255 452.900000 41513 0 1 99600 400 [],[25109]
5.915427 452.900000 28548 0 1 99599 401 [],[29]
5.916369 453.200000 1376 0 1 99598 402 [],[29]
5.917507 453.700000 59552 0 1 99597 403 [],[2903]
5.917629 453.700000 4954 0 1 99596 404 [],[92179]
5.917874 455.600000 89236 0 1 99595 405 [],[2320]
5.918510 455.600000 1529 0 1 99594 406 [],[0]
5.919634 456.000000 47023 0 1 99593 407 [],[4954]
5.923810 456.000000 16434 0 1 99592 408 [],[169]
5.924743 456.400000 8267 0 1 99591 409 [],[0]
5.926680 457.300000 86934 0 1 99590 410 [],[0]
5.926845 457.300000 33947 0 1 99589 411 [],[2291]
5.932802 457.300000 36072 0 1 99588 412 [],[0]
5.934628 457.300000 1677 0 1 99587 413 [],[5]
5.939814 458.900000 87253 0 1 99586 414 [],[52909]
5.944708 458.900000 83018 0 1 99585 415 [],[3104]
5.947066 458.900000 95282 0 1 99584 416 [],[24]
5.952414 458.900000 22650 0 1 99583 417 [],[29]
5.953633 459.000000 35353 0 1 99582 418 [],[341]
5.954104 459.100000 1164 0 1 99581 419 [],[304]
5.959884 460.900000 60493 0 1 99580 420 [],[1049]
5.960528 460.900000 66744 0 1 99579 421 [],[0]
5.963988 460.900000 9260 0 1 99578 422 [],[90]
5.964674 462.100000 395 0 1 99577 423 [],[9568,21990]
5.966021 468.300000 33032 0 1 99576 424 [],[0]
5.969047 468.300000 27810 0 1 99575 425 [],[0]
5.971175 468.700000 9526 0 1 99574 426 [],[0]
5.971636 468.900000 30006 0 1 99573 427 [],[10]
5.972787 468.900000 17749 0 1 99572 428 [],[53552]
5.973982 469.000000 19731 0 1 99571 429 [],[89]
5.974071 470.500000 92827 0 1 99570 430 [],[0]
5.976726 470.500000 7908 0 1 99569 431 [],[2320]
5.979719 471.400000 30683 0 1 99568 432 [],[17603]
5.982178 471.400000 68206 0 1 99567 433 [],[0]
5.982305 471.400000 48243 0 1 99566 434 [],[2320]
5.982555 471.500000 85402 0 1 99565 435 [],[0]
5.984257 471.500000 6010 0 1 99564 436 [],[83018]
5.985446 472.200000 3799 0 1 99563 437 [],[1460]
5.985617 472.800000 19654 0 1 99562 438 [],[22271]
5.986762 473.400000 16309 0 1 99561 439 [],[395]
5.987120 473.800000 3156 0 1 99560 440 [],[0]
5.989326 474.700000 72901 0 1 99559 441 [],[68780]
5.989462 474.700000 49863 0 1 99558 442 [],[10]
5.993506 474.700000 60254 0 1 99557 443 [],[156]
5.997678 474.700000 94481 0 1 99556 444 [],[1375]
5.998583 474.700000 88670 0 1 99555 445 [],[5]
6.001157 474.700000 20569 0 1 99554 446 [],[341]
6.001347 474.700000 80220 0 1 99553 447 [],[2957]
6.003464 474.700000 4046 0 1 99552 448 [],[19767]
6.003708 476.400000 73147 0 1 99551 449 [],[614]
6.006717 476.400000 30180 0 1 99550 450 [],[24]
6.011407 476.600000 97609 0 1 99549 451 [],[89]
6.012179 476.700000 64866 0 1 99548 452 [],[304]
6.015435 476.800000 6396 0 1 99547 453 [],[169]
6.016682 477.200000 9006 0 1 99546 454 [],[578]
6.021254 478.200000 519 0 1 99545 455 [],[5]
6.032496 479.400000 6169 0 1 99544 456 [],[0]
6.032496 479.400000 1006 0 1 99543 457 [],[11368,13402]
6.032958 486.000000 96862 0 1 99542 458 [],[5]
6.035677 486.000000 47786 0 1 99541 459 [],[45900]
6.038015 486.000000 25942 0 1 99540 460 [],[0]
6.038845 486.000000 25443 0 1 99539 461 [],[4331]
6.040643 486.400000 71263 0 1 99538 462 [],[24]
6.042449 486.400000 52684 0 1 99537 463 [],[0,7908]
6.043409 486.400000 97376 0 1 99536 464 [],[71119]
6.044076 486.400000 15640 0 1 99535 465 [],[0]
6.049021 486.900000 563 0 1 99534 466 [],[5908]
6.051789 493.800000 2243 0 1 99533 467 [],[90]
6.053589 496.000000 13426 0 1 99532 468 [],[563]
6.054730 496.300000 2580 0 1 99531 469 [],[4104]
6.067685 497.400000 60829 0 1 99530 470 [],[563]
6.071894 497.500000 18702 0 1 99529 471 [],[20070,12195]
6.075814 497.800000 27086 0 1 99528 472 [],[13063]
6.077225 497.800000 61973 0 1 99527 473 [],[24]
6.078114 497.800000 10507 0 1 99526 474 [],[0]
6.078936 497.900000 438 0 1 99525 475 [],[29]
6.079125 500.700000 56579 0 1 99524 476 [],[0]
6.086073 500.700000 6645 0 1 99523 477 [],[1460]
6.089977 500.900000 41079 0 1 99522 478 [],[25443]
6.096343 501.000000 26770 0 1 99521 479 [],[3317]
6.097318 501.300000 17326 0 1 99520 480 [],[250]
6.098327 501.600000 78272 0 1 99519 481 [],[0]
6.098890 501.600000 48532 0 1 99518 482 [],[27810]
6.101854 501.800000 12734 0 1 99517 483 [],[0]
6.103194 502.100000 1281 0 1 99516 484 [],[3823,24]
6.105829 503.700000 44449 0 1 99515 485 [],[62210]
6.109077 503.800000 10221 0 1 99514 486 [],[1769]
6.109494 503.800000 75745 0 1 99513 487 [],[25109]
6.112726 503.800000 50068 0 1 99512 488 [],[0]
6.119719 504.100000 264 0 1 99511 489 [],[10]
6.121483 508.200000 46757 0 1 99510 490 [],[9260]
6.126185 508.900000 12501 0 1 99509 491 [],[801]
6.127852 509.000000 30144 0 1 99508 492 [],[15640]
6.128067 509.300000 11012 0 1 99507 493 [],[1355]
6.128109 509.300000 99413 0 1 99506 494 [],[0]
6.130808 509.300000 33675 0 1 99505 495 [],[801]
6.130968 509.800000 1767 0 1 99504 496 [],[281]
6.132244 511.200000 27124 0 1 99503 497 [],[5843]
6.133620 511.600000 99605 0 1 99502 498 [],[9260]
6.135451 511.600000 18128 0 1 99501 499 [],[39776]
6.136879 511.900000 70261 0 1 99500 500 [],[2957]
6.137391 511.900000 13971 0 1 99499 501 [],[5745]
6.138147 512.800000 5743 0 1 99498 502 [],[3622]
6.141324 514.600000 52659 0 1 99497 503 [],[169]
6.142192 514.600000 94031 0 1 99496 504 [],[90]
6.145996 514.600000 318 0 1 99495 505 [],[24]
6.146304 517.500000 43306 0 1 99494 506 [],[0]
6.150750 517.600000 54811 0 1 99493 507 [],[8267]
6.160274 517.600000 74280 0 1 99492 508 [],[24]
6.160747 517.600000 9514 0 1 99491 509 [],[18829]
6.162351 518.400000 95192 0 1 99490 510 [],[2320]
6.163101 518.400000 45001 0 1 99489 511 [],[614]
6.166788 518.500000 92264 0 1 99488 512 [],[90]
6.168338 518.500000 1898 0 1 99487 513 [],[304]
6.168447 520.100000 45883 0 1 99486 514 [],[619]
6.170507 520.400000 24740 0 1 99485 515 [],[24]
6.174720 520.500000 5113 0 1 99484 516 [],[1512]
6.174817 521.000000 1336 0 1 99483 517 [],[5]
6.175803 521.700000 85873 0 1 99482 518 [],[0]
6.177325 521.700000 50632 0 1 99481 519 [],[9514]
6.177798 521.700000 18743 0 1 99480 520 [],[1512]
6.178077 522.100000 21021 0 1 99479 521 [],[67905]
6.178542 523.100000 4377 0 1 99478 522 [],[2035]
6.181680 524.700000 39568 0 1 99477 523 [],[281]
6.184964 524.700000 3745 0 1 99476 524 [],[525]
6.185359 524.900000 18367 0 1 99475 525 [],[24]
6.189201 525.600000 53293 0 1 99474 526 [],[5]
6.194907 525.700000 11333 0 1 99473 527 [],[89]
6.198551 526.200000 51125 0 1 99472 528 [],[89]
6.200653 526.300000 66036 0 1 99471 529 [],[7217]
6.201797 526.500000 17042 0 1 99470 530 [],[619]
6.202451 527.000000 95564 0 1 99469 531 [],[0]
6.203503 527.000000 37026 0 1 99468 532 [],[5]
6.204336 527.400000 14771 0 1 99467 533 [],[2796]
6.207607 527.700000 61817 0 1 99466 534 [],[24400]
6.208041 527.700000 1926 0 1 99465 535 [],[1006]
6.208207 528.400000 76941 0 1 99464 536 [],[4377]
6.208436 528.400000 21320 0 1 99463 537 [],[5]
6.210643 528.600000 42091 0 1 99462 538 [],[264]
6.212232 528.800000 81786 0 1 99461 539 [],[24]
6.214283 528.800000 78364 0 1 99460 540 [],[4956]
6.214687 528.800000 55932 0 1 99459 541 [],[341]
6.214695 528.800000 61 0 1 99458 542 [],[519,525,4165,64866]
6.214764 544.300000 7885 0 1 99457 543 [],[10]
6.215664 544.700000 8329 0 1 99456 544 [],[2320]
6.220082 544.800000 65930 0 1 99455 545 [],[7885]
6.221887 544.800000 38279 0 1 99454 546 [],[24]
6.226267 545.000000 77796 0 1 99453 547 [],[2290]
6.226397 545.000000 73219 0 1 99452 548 [],[0]
6.228299 545.000000 74414 0 1 99451 549 [],[395]
6.229418 545.000000 86592 0 1 99450 550 [],[37981]
6.229870 545.000000 2066 0 1 99449 551 [],[5]
6.232567 546.300000 50820 0 1 99448 552 [],[917]
6.233237 546.300000 93577 0 1 99447 553 [],[0]
6.234485 546.300000 8208 0 1 99446 554 [],[51922]
6.242383 547.000000 5952 0 1 99445 555 [],[53]
6.242418 549.000000 3603 0 1 99444 556 [],[10]
6.243831 550.200000 23993 0 1 99443 557 [],[304]
6.245371 550.200000 69642 0 1 99442 558 [],[1006]
6.246573 550.200000 17975 0 1 99441 559 [],[24]
6.246903 550.400000 41446 0 1 99440 560 [],[4]
6.253693 550.700000 56361 0 1 99439 561 [],[90]
6.258323 550.700000 5872 0 1 99438 562 [],[3156]
6.261830 551.800000 34395 0 1 99437 563 [],[61]
6.263128 551.800000 919 0 1 99436 564 [],[10]
6.263264 553.600000 46625 0 1 99435 565 [],[341]
6.263984 553.700000 35473 0 1 99434 566 [],[30144]
6.266336 554.100000 4452 0 1 99433 567 [],[4]
6.268670 554.400000 72900 0 1 99432 568 [],[52010]
6.268757 554.500000 35395 0 1 99431 569 [],[4]
6.271374 554.500000 9975 0 1 99430 570 [],[11012]
6.275438 555.100000 30048 0 1 99429 571 [],[2580]
6.276317 555.200000 39038 0 1 99428 572 [],[5]
6.276989 555.400000 144 0 1 99427 573 [],[12195,13466,5]
6.277562 561.200000 26877 0 1 99426 574 [],[644]
6.279899 561.200000 52067 0 1 99425 575 [],[0]
6.280019 561.300000 96727 0 1 99424 576 [],[10]
6.280072 561.300000 87480 0 1 99423 577 [],[71137]
6.280276 561.300000 67404 0 1 99422 578 [],[4]
6.282229 561.400000 35529 0 1 99421 579 [],[0]
6.282441 561.400000 29521 0 1 99420 580 [],[2035]
6.286213 562.500000 32830 0 1 99419 581 [],[18367]
6.289301 562.600000 42904 0 1 99418 582 [],[1512]
6.289414 562.600000 7934 0 1 99417 583 [],[563]
6.289826 563.500000 89204 0 1 99416 584 [],[169]
6.290615 563.500000 5598 0 1 99415 585 [],[614]
6.295727 563.700000 22278 0 1 99414 586 [],[1334]
6.296924 563.700000 31922 0 1 99413 587 [],[9514]
6.303060 563.700000 82226 0 1 99412 588 [],[0]
6.303369 563.700000 52486 0 1 99411 589 [],[395]
6.303734 563.800000 21700 0 1 99410 590 [],[2580]
6.304506 563.800000 50218 0 1 99409 591 [],[2903]
6.304624 563.800000 79793 0 1 99408 592 [],[5]
6.306061 563.800000 29885 0 1 99407 593 [],[10]
6.306208 563.900000 9635 0 1 99406 594 [],[10]
6.310962 563.900000 27 0 1 99405 595 [],[9017,21320,5]
6.311316 580.700000 24292 0 1 99404 596 [],[3700]
6.313439 581.000000 47633 0 1 99403 597 [],[27]
6.313973 581.000000 54376 0 1 99402 598 [],[3760]
6.314958 581.200000 81758 0 1 99401 599 [],[2066]
6.317821 581.200000 15570 0 1 99400 600 [],[24]
6.319828 581.700000 50249 0 1 99399 601 [],[5]
6.320237 581.700000 30206 0 1 99398 602 [],[644]
6.320731 582.100000 344 0 1 99397 603 [],[0]
6.325579 583.400000 88713 0 1 99396 604 [],[27]
6.330278 583.400000 14279 0 1 99395 605 [],[15570]
6.333068 583.600000 78224 0 1 99394 606 [],[438]
6.334234 583.600000 55422 0 1 99393 607 [],[37968]
6.334526 583.600000 1105 0 1 99392 608 [],[5]
6.334551 584.400000 23685 0 1 99391 609 [],[619]
6.338187 584.600000 605 0 1 99390 610 [],[5382]
6.338483 585.700000 16792 0 1 99389 611 [],[395]
6.339469 585.800000 75161 0 1 99388 612 [],[45883]
6.347130 585.800000 76692 0 1 99387 613 [],[5]
6.352506 585.800000 74487 0 1 99386 614 [],[0]
6.354426 585.800000 15027 0 1 99385 615 [],[614]
6.359162 585.900000 18009 0 1 99384 616 [],[13971]
6.365639 586.400000 39544 0 1 99383 617 [],[24]
6.368651 586.500000 89400 0 1 99382 618 [],[24]
6.369064 586.500000 11593 0 1 99381 619 [],[1389]
6.370500 587.200000 87995 0 1 99380 620 [],[89]
6.371957 587.200000 83201 0 1 99379 621 [],[0]
6.373925 587.200000 939 0 1 99378 622 [],[33032]
6.374235 589.400000 14088 0 1 99377 623 [],[29]
6.376925 589.500000 393 0 1 99376 624 [],[2159,5]
6.381636 591.500000 6133 0 1 99375 625 [],[3569]
6.381640 591.600000 1380 0 1 99374 626 [],[0]
6.382173 596.900000 76250 0 1 99373 627 [],[5389]
6.388566 596.900000 1127 0 1 99372 628 [],[0]
6.389311 598.700000 89346 0 1 99371 629 [],[169]
6.392376 598.700000 94376 0 1 99370 630 [],[87]
6.393626 598.700000 28415 0 1 99369 631 [],[17704]
6.394776 598.800000 83082 0 1 99368 632 [],[48975]
6.397221 598.800000 74221 0 1 99367 633 [],[1769]
6.397257 598.800000 46517 0 1 99366 634 [],[17618]
6.398863 598.800000 11866 0 1 99365 635 [],[2320]
6.399098 599.400000 98 0 1 99364 636 [],[578,4]
6.401933 605.700000 28349 0 1 99363 637 [],[42904]
6.401977 606.500000 24409 0 1 99362 638 [],[10]
6.409032 606.500000 76373 0 1 99361 639 [],[4]
6.411672 606.500000 23238 0 1 99360 640 [],[87]
6.412011 606.700000 427 0 1 99359 641 [],[5]
6.414180 607.900000 27018 0 1 99358 642 [],[5843]
6.414570 607.900000 92781 0 1 99357 643 [],[11593]
6.414774 608.000000 59263 0 1 99356 644 [],[341]
6.415058 608.000000 11541 0 1 99355 645 [],[10]
6.416127 609.600000 16453 0 1 99354 646 [],[6282]
6.416520 609.700000 7591 0 1 99353 647 [],[5389]
6.416942 610.200000 98352 0 1 99352 648 [],[27124]
6.417578 610.200000 85241 0 1 99351 649 [],[4228]
6.419145 610.200000 57579 0 1 99350 650 [],[341]
6.423793 610.400000 90548 0 1 99349 651 [],[29]
6.426376 610.400000 32441 0 1 99348 652 [],[250]
6.427032 610.700000 16682 0 1 99347 653 [],[1127]
6.429808 611.500000 40 0 1 99346 654 [],[0]
6.429974 613.600000 98546 0 1 99345 655 [],[29]
6.434565 613.600000 43693 0 1 99344 656 [],[4104]
6.435157 613.600000 45531 0 1 99343 657 [],[10,281]
6.435206 613.400000 1591 0 1 99342 658 [],[4954]
6.438115 618.700000 75259 0 1 99341 659 [],[2320]
6.438736 618.700000 50569 0 1 99340 660 [],[5]
6.442732 618.700000 43876 0 1 99339 661 [],[3622]
6.444844 619.000000 432 0 1 99338 662 [],[4808,395]
6.444891 622.100000 64423 0 1 99337 663 [],[1164]
6.445577 622.100000 9956 0 1 99336 664 [],[0]
6.448369 622.300000 1896 0 1 99335 665 [],[2892]
6.448923 625.800000 21164 0 1 99334 666 [],[578]
6.450583 625.800000 798 0 1 99333 667 [],[24]
6.452637 625.800000 91122 0 1 99332 668 [],[1896]
6.453088 625.800000 84542 0 1 99331 669 [],[61]
6.454712 625.800000 9097 0 1 99330 670 [],[5]
6.455777 625.800000 87186 0 1 99329 671 [],[14279]
6.456977 625.800000 20529 0 1 99328 672 [],[1049]
6.457229 626.300000 81204 0 1 99327 673 [],[0]
6.458300 626.300000 96724 0 1 99326 674 [],[0]
6.459759 626.300000 96002 0 1 99325 675 [],[304]
6.462346 626.300000 30966 0 1 99324 676 [],[14387]
6.462926 626.400000 33490 0 1 99323 677 [],[1164]
6.463799 626.400000 57689 0 1 99322 678 [],[24]
6.464303 626.400000 14292 0 1 99321 679 [],[1591]
6.464315 626.600000 52418 0 1 99320 680 [],[37026]
6.465387 626.800000 69368 0 1 99319 681 [],[1049]
6.466726 626.900000 83303 0 1 99318 682 [],[5]
6.467726 626.900000 92201 0 1 99317 683 [],[24]
6.469660 626.900000 9144 0 1 99316 684 [],[5198]
6.470212 627.000000 60171 0 1 99315 685 [],[4]
6.471215 627.100000 39019 0 1 99314 686 [],[1512]
6.472872 627.300000 35929 0 1 99313 687 [],[90]
6.474247 627.300000 24939 0 1 99312 688 [],[9006]
6.478681 627.400000 94293 0 1 99311 689 [],[0]
6.478911 627.400000 15332 0 1 99310 690 [],[1591]
6.481655 627.400000 81094 0 1 99309 691 [],[89]
6.482373 627.400000 83146 0 1 99308 692 [],[0]
6.483677 627.400000 3147 0 1 99307 693 [],[1896]
6.484254 628.600000 68517 0 1 99306 694 [],[30144]
6.485527 628.600000 14549 0 1 99305 695 [],[52010]
6.489961 629.100000 13202 0 1 99304 696 [],[4331]
6.492763 629.100000 700 0 1 99303 697 [],[341]
6.493250 632.200000 1599 0 1 99302 698 [],[90]
6.493612 632.700000 98194 0 1 99301 699 [],[1460]
6.493803 632.700000 2156 0 1 99300 700 [],[0]
6.493941 633.300000 1667 0 1 99299 701 [],[0]
6.495262 636.500000 52931 0 1 99298 702 [],[281,7846]
6.497931 636.300000 33512 0 1 99297 703 [],[1105]
6.498482 636.600000 6 0 1 99296 704 [],[427,1049,52909,4]
6.498595 666.500000 79012 0 1 99295 705 [],[6]
6.499747 666.600000 44711 0 1 99294 706 [],[438]
6.500730 666.600000 82277 0 1 99293 707 [],[60023]
6.501053 666.700000 10466 0 1 99292 708 [],[939]
6.502075 668.200000 1134 0 1 99291 709 [],[61]
6.502820 668.600000 88012 0 1 99290 710 [],[0]
6.507614 668.600000 56682 0 1 99289 711 [],[23238]
6.508285 668.800000 2507 0 1 99288 712 [],[4]
6.509999 670.000000 80238 0 1 99287 713 [],[6]
6.510071 670.000000 29578 0 1 99286 714 [],[78722]
6.510952 670.100000 3675 0 1 99285 715 [],[6]
6.512065 670.200000 10509 0 1 99284 716 [],[1389]
6.513467 670.800000 4617 0 1 99283 717 [],[0]
6.514960 671.000000 10254 0 1 99282 718 [],[29]
6.516150 671.500000 1176 0 1 99281 719 [],[5]
6.520849 675.100000 72609 0 1 99280 720 [],[11866]
6.521017 675.100000 1 0 1 99279 721 [],[4,24,156,5598,19802]
6.523318 727.600000 2577 0 1 99278 722 [],[1949]
6.524493 729.100000 8983 0 1 99277 723 [],[27]
6.525698 730.500000 4549 0 1 99276 724 [],[27124,5]
6.527633 732.100000 41128 0 1 99275 725 [],[1]
6.528617 732.100000 19207 0 1 99274 726 [],[1]
6.528671 732.100000 2587 0 1 99273 727 [],[98,1460]
6.528893 732.300000 80340 0 1 99272 728 [],[6645]
6.531209 732.300000 37012 0 1 99271 729 [],[1898]
6.534920 732.400000 62208 0 1 99270 730 [],[7365]
6.535362 732.400000 49025 0 1 99269 731 [],[5]
6.535867 732.400000 51485 0 1 99268 732 [],[61]
6.537226 732.500000 57998 0 1 99267 733 [],[5113]
6.537557 732.500000 33160 0 1 99266 734 [],[1]
6.541295 732.900000 30970 0 1 99265 735 [],[5]
6.544184 733.100000 41840 0 1 99264 736 [],[1]
6.546035 733.100000 10885 0 1 99263 737 [],[156]
6.546041 733.300000 2786 0 1 99262 738 [],[37968]
6.547628 734.900000 284 0 1 99261 739 [],[10]
6.548584 736.700000 23269 0 1 99260 740 [],[0]
6.548767 737.000000 12397 0 1 99259 741 [],[5]
6.550168 737.100000 62875 0 1 99258 742 [],[1960]
6.550592 737.100000 6688 0 1 99257 743 [],[6]
6.553651 737.700000 899 0 1 99256 744 [],[10]
6.559756 740.300000 32576 0 1 99255 745 [],[24]
6.561858 740.500000 65927 0 1 99254 746 [],[395]
6.564751 740.500000 19800 0 1 99253 747 [],[563]
6.564992 741.400000 44 0 1 99252 748 [],[0]
6.565073 746.700000 63374 0 1 99251 749 [],[28349]
6.565162 746.700000 43282 0 1 99250 750 [],[5]
6.565951 746.700000 27292 0 1 99249 751 [],[10885]
6.566967 746.800000 5706 0 1 99248 752 [],[1380,2243]
6.567395 746.800000 75881 0 1 99247 753 [],[14549]
6.570157 746.800000 2344 0 1 99246 754 [],[1355,1767]
6.571191 747.900000 630 0 1 99245 755 [],[71137]
6.573314 750.500000 13134 0 1 99244 756 [],[42091,6027]
6.576002 751.000000 57879 0 1 99243 757 [],[1677]
6.578534 751.000000 50602 0 1 99242 758 [],[27965]
6.579430 751.000000 37395 0 1 99241 759 [],[33160]
6.579606 751.100000 3178 0 1 99240 760 [],[1]
6.580475 751.200000 81389 0 1 99239 761 [],[1,6]
6.583021 751.000000 152 0 1 99238 762 [],[24486,66363]
6.583223 755.700000 98087 0 1 99237 763 [],[28349]
6.583312 755.700000 27622 0 1 99236 764 [],[24]
6.583594 756.000000 43665 0 1 99235 765 [],[144]
6.583697 756.000000 36360 0 1 99234 766 [],[1]
6.583830 756.100000 11017 0 1 99233 767 [],[5]
6.587944 756.400000 43385 0 1 99232 768 [],[1134]
6.589284 756.600000 81273 0 1 99231 769 [],[1]
6.590077 756.600000 87323 0 1 99230 770 [],[1677]
6.593802 756.600000 51896 0 1 99229 771 [],[43306]
6.596468 756.700000 47636 0 1 99228 772 [],[0]
6.597971 756.700000 18703 0 1 99227 773 [],[1380]
6.597989 756.700000 13186 0 1 99226 774 [],[995]
6.598300 756.700000 69699 0 1 99225 775 [],[1176]
6.599097 756.700000 95143 0 1 99224 776 [],[0]
6.599172 756.700000 25050 0 1 99223 777 [],[10]
6.599554 757.200000 22109 0 1 99222 778 [],[11658]
6.602240 757.400000 9706 0 1 99221 779 [],[2796]
6.602963 757.800000 88680 0 1 99220 780 [],[37968]
6.605533 757.800000 57912 0 1 99219 781 [],[156]
6.605659 757.800000 7566 0 1 99218 782 [],[12397]
6.606730 758.700000 94338 0 1 99217 783 [],[95564]
6.607082 758.800000 93776 0 1 99216 784 [],[16682]
6.608484 758.800000 2478 0 1 99215 785 [],[281]
6.614826 759.200000 2340 0 1 99214 786 [],[14161,281]
6.619138 760.300000 30370 0 1 99213 787 [],[578]
6.620879 760.600000 607 0 1 99212 788 [],[75259,244]
6.621662 762.200000 4204 0 1 99211 789 [],[43640,1]
6.623255 762.800000 12533 0 1 99210 790 [],[15332]
6.624554 763.200000 28756 0 1 99209 791 [],[98]
6.624775 763.500000 10345 0 1 99208 792 [],[61]
6.626278 764.100000 39114 0 1 99207 793 [],[6,26770]
6.626877 763.900000 94911 0 1 99206 794 [],[0]
6.627111 763.900000 66615 0 1 99205 795 [],[24]
6.632925 763.900000 8746 0 1 99204 796 [],[29]
6.633419 764.100000 13947 0 1 99203 797 [],[24]
6.635268 764.100000 9091 0 1 99202 798 [],[1898]
6.635383 764.200000 13788 0 1 99201 799 [],[90]
6.635839 764.300000 15335 0 1 99200 800 [],[0]
6.642258 764.600000 49824 0 1 99199 801 [],[1]
6.642681 764.800000 8168 0 1 99198 802 [],[24]
6.642974 765.300000 22035 0 1 99197 803 [],[5198]
6.643659 765.700000 78484 0 1 99196 804 [],[5872]
6.644714 765.700000 30493 0 1 99195 805 [],[5]
6.645221 765.700000 51159 0 1 99194 806 [],[10]
6.645589 765.800000 73999 0 1 99193 807 [],[27]
6.645623 766.000000 60460 0 1 99192 808 [],[27]
6.647084 766.000000 34153 0 1 99191 809 [],[4046]
6.651322 766.000000 70573 0 1 99190 810 [],[27]
6.653139 766.000000 9844 0 1 99189 811 [],[24]
6.654595 766.000000 7942 0 1 99188 812 [],[0]
6.655430 766.500000 12020 0 1 99187 813 [],[395]
6.655597 766.900000 40974 0 1 99186 814 [],[393]
6.655859 766.900000 92488 0 1 99185 815 [],[12912]
6.659819 766.900000 10302 0 1 99184 816 [],[59499]
6.661046 767.400000 73568 0 1 99183 817 [],[6027]
6.662582 767.500000 12304 0 1 99182 818 [],[24]
6.663066 767.600000 61762 0 1 99181 819 [],[24]
6.664403 767.600000 19729 0 1 99180 820 [],[90]
6.668848 768.100000 6890 0 1 99179 821 [],[284]
6.669847 768.100000 19932 0 1 99178 822 [],[55932]
6.671747 768.200000 27801 0 1 99177 823 [],[4,8267]
6.672918 768.000000 50374 0 1 99176 824 [],[1389,7846]
6.672981 767.800000 99522 0 1 99175 825 [],[341]
6.673727 767.800000 651 0 1 99174 826 [],[264]
6.674947 768.000000 59513 0 1 99173 827 [],[44]
6.676803 768.000000 32885 0 1 99172 828 [],[27]
6.677943 768.100000 9084 0 1 99171 829 [],[1389]
6.683620 768.300000 99068 0 1 99170 830 [],[4549]
6.685436 768.300000 58395 0 1 99169 831 [],[52418]
6.685445 768.300000 54316 0 1 99168 832 [],[4954]
6.687114 768.300000 2316 0 1 99167 833 [],[29]
6.689138 768.600000 85109 0 1 99166 834 [],[250]
6.689181 768.600000 93109 0 1 99165 835 [],[23887]
6.690767 768.600000 853 0 1 99164 836 [],[6,801]
6.694503 769.400000 12084 0 1 99163 837 [],[98]
6.696489 769.400000 71004 0 1 99162 838 [],[5389]
6.696669 769.400000 87201 0 1 99161 839 [],[0]
6.700420 769.400000 79549 0 1 99160 840 [],[919]
6.702283 769.400000 25269 0 1 99159 841 [],[53]
6.703957 769.700000 71583 0 1 99158 842 [],[27]
6.707051 769.700000 6148 0 1 99157 843 [],[0]
6.707264 770.900000 53428 0 1 99156 844 [],[90]
6.708482 771.000000 62084 0 1 99155 845 [],[6]
6.708766 771.100000 44018 0 1 99154 846 [],[44]
6.708802 771.100000 1638 0 1 99153 847 [],[13958,18702]
6.709281 773.100000 24517 0 1 99152 848 [],[90]
6.709429 773.100000 20725 0 1 99151 849 [],[0]
6.711349 773.100000 23390 0 1 99150 850 [],[1]
6.712553 773.200000 7850 0 1 99149 851 [],[33490]
6.714242 774.000000 31909 0 1 99148 852 [],[11541]
6.715046 774.000000 35489 0 1 99147 853 [],[1176]
6.715570 774.600000 9797 0 1 99146 854 [],[0]
6.719427 775.300000 53514 0 1 99145 855 [],[304]
6.720371 775.400000 49786 0 1 99144 856 [],[304]
6.723033 775.400000 5829 0 1 99143 857 [],[1]
6.723469 776.600000 2124 0 1 99142 858 [],[29]
6.725134 778.000000 27630 0 1 99141 859 [],[169]
6.725591 778.200000 71285 0 1 99140 860 [],[3700]
6.726583 778.300000 17574 0 1 99139 861 [],[0]
6.727596 778.300000 99786 0 1 99138 862 [],[87]
6.727725 778.300000 596 0 1 99137 863 [],[61]
6.729029 781.000000 30496 0 1 99136 864 [],[24]
6.729421 781.200000 92135 0 1 99135 865 [],[10]
6.729955 781.200000 2526 0 1 99134 866 [],[29]
6.731749 782.500000 51901 0 1 99133 867 [],[2945]
6.734027 782.600000 95380 0 1 99132 868 [],[10]
6.736516 782.600000 4592 0 1 99131 869 [],[53428,0]
6.736739 785.400000 12796 0 1 99130 870 [],[1896]
6.736805 786.000000 17812 0 1 99129 871 [],[7846]
6.739729 786.100000 23848 0 1 99128 872 [],[607]
6.740144 786.300000 3292 0 1 99127 873 [],[1389]
6.741495 786.800000 66326 0 1 99126 874 [],[0]
6.741530 786.800000 42709 0 1 99125 875 [],[27]
6.742061 787.000000 16131 0 1 99124 876 [],[5]
6.745187 787.400000 9997 0 1 99123 877 [],[1049]
6.745702 787.500000 85149 0 1 99122 878 [],[36940]
6.746340 787.600000 10369 0 1 99121 879 [],[1389,2957]
6.747605 787.500000 5805 0 1 99120 880 [],[24]
6.747673 788.200000 2672 0 1 99119 881 [],[341]
6.750760 789.100000 3574 0 1 99118 882 [],[1049]
6.751815 789.800000 61164 0 1 99117 883 [],[1006]
6.757286 789.800000 4437 0 1 99116 884 [],[250]
6.758989 791.000000 2 0 1 99115 885 [],[5,6,10,61,89,90,0,1]
6.759173 838.600000 403 0 1 99114 886 [],[8208]
6.759712 844.500000 6085 0 1 99113 887 [],[6,1375]
6.760916 844.700000 85009 0 1 99112 888 [],[24]
6.762800 844.700000 87743 0 1 99111 889 [],[27]
6.763884 844.700000 46792 0 1 99110 890 [],[4954]
6.764150 845.000000 28185 0 1 99109 891 [],[0]
6.765977 845.200000 32534 0 1 99108 892 [],[60696,2340]
6.767339 845.500000 2300 0 1 99107 893 [],[1176]
6.767462 846.700000 91963 0 1 99106 894 [],[1349,2339]
6.768793 846.500000 444 0 1 99105 895 [],[281]
6.769855 853.400000 50482 0 1 99104 896 [],[264]
6.770273 853.500000 49972 0 1 99103 897 [],[5745]
6.770480 853.600000 87768 0 1 99102 898 [],[29]
6.770816 853.600000 55524 0 1 99101 899 [],[33160]
6.771928 853.600000 4873 0 1 99100 900 [],[31,490]
6.773508 854.300000 37487 0 1 99099 901 [],[8208]
6.774047 854.300000 1720 0 1 99098 902 [],[5]
6.774165 856.400000 10701 0 1 99097 903 [],[18140,5]
6.774563 857.100000 6215 0 1 99096 904 [],[0]
6.775128 858.000000 74059 0 1 99095 905 [],[53]
6.775375 858.000000 12325 0 1 99094 906 [],[1]
6.776229 858.600000 26833 0 1 99093 907 [],[341]
6.776286 859.200000 7977 0 1 99092 908 [],[5743]
6.776320 859.600000 86135 0 1 99091 909 [],[4549]
6.779658 859.600000 16989 0 1 99090 910 [],[27]
6.779871 859.600000 82110 0 1 99089 911 [],[318]
6.781560 859.600000 14720 0 1 99088 912 [],[1896]
6.782379 860.000000 89846 0 1 99087 913 [],[3700]
6.782615 860.000000 74391 0 1 99086 914 [],[607]
6.784399 860.000000 65582 0 1 99085 915 [],[1]
6.786350 860.100000 65592 0 1 99084 916 [],[1380]
6.786578 860.100000 14547 0 1 99083 917 [],[4]
6.789084 860.400000 17881 0 1 99082 918 [],[1]
6.790572 860.600000 72929 0 1 99081 919 [],[6027]
6.791636 860.600000 9520 0 1 99080 920 [],[21803]
6.792698 860.900000 24849 0 1 99079 921 [],[1]
6.794022 861.000000 998 0 1 99078 922 [],[1336]
6.794220 864.100000 21261 0 1 99077 923 [],[2]
6.794645 864.300000 60260 0 1 99076 924 [],[939]
6.795664 864.300000 92001 0 1 99075 925 [],[169]
6.797021 864.300000 42482 0 1 99074 926 [],[90]
6.797833 864.400000 76111 0 1 99073 927 [],[7136]
6.801052 864.400000 16544 0 1 99072 928 [],[614]
6.802661 864.700000 2246 0 1 99071 929 [],[1176]
6.805366 864.800000 89872 0 1 99070 930 [],[3381]
6.805675 864.800000 1545 0 1 99069 931 [],[24]
6.806375 864.800000 1719 0 1 99068 932 [],[10]
6.809665 869.500000 48078 0 1 99067 933 [],[18367]
6.809962 869.700000 65283 0 1 99066 934 [],[29]
6.813037 870.000000 15146 0 1 99065 935 [],[341]
6.813242 870.300000 34236 0 1 99064 936 [],[1460]
6.814812 870.300000 36242 0 1 99063 937 [],[24]
6.815168 870.500000 10477 0 1 99062 938 [],[5]
6.816619 870.700000 67703 0 1 99061 939 [],[39739]
6.816822 870.700000 8043 0 1 99060 940 [],[6125]
6.817493 870.800000 94571 0 1 99059 941 [],[98]
6.818673 870.800000 74167 0 1 99058 942 [],[444]
6.820046 870.800000 84641 0 1 99057 943 [],[6,23269]
6.821792 870.600000 129 0 1 99056 944 [],[53]
6.822819 871.600000 32463 0 1 99055 945 [],[5]
6.823052 871.600000 136 0 1 99054 946 [],[2478]
6.824936 879.000000 14129 0 1 99053 947 [],[10,3622]
6.825467 879.000000 736 0 1 99052 948 [],[0,563]
6.826961 883.200000 39219 0 1 99051 949 [],[1164]
6.827455 883.300000 26093 0 1 99050 950 [],[1336]
6.827531 883.300000 1156 0 1 99049 951 [],[89]
6.827795 884.700000 29345 0 1 99048 952 [],[11541]
6.829010 884.700000 2305 0 1 99047 953 [],[27630]
6.829588 885.600000 9781 0 1 99046 954 [],[1]
6.833346 885.800000 29049 0 1 99045 955 [],[3179]
6.834223 885.900000 34978 0 1 99044 956 [],[6241]
6.836352 885.900000 61555 0 1 99043 957 [],[10362]
6.839942 886.000000 29953 0 1 99042 958 [],[2344]
6.840259 886.300000 41440 0 1 99041 959 [],[2]
6.842090 886.400000 11989 0 1 99040 960 [],[490]
6.842536 887.000000 9724 0 1 99039 961 [],[2]
6.842654 887.400000 93918 0 1 99038 962 [],[736]
6.844408 887.400000 50177 0 1 99037 963 [],[29953]
6.845005 887.400000 40553 0 1 99036 964 [],[0]
6.846250 887.600000 11605 0 1 99035 965 [],[1]
6.847829 888.000000 547 0 1 99034 966 [],[1]
6.849384 889.300000 47309 0 1 99033 967 [],[3381]
6.850673 889.500000 353 0 1 99032 968 [],[5]
6.850909 889.900000 3307 0 1 99031 969 [],[5,344]
6.851186 891.100000 37831 0 1 99030 970 [],[2124]
6.853072 891.600000 27858 0 1 99029 971 [],[27]
6.853236 891.700000 23880 0 1 99028 972 [],[61164]
6.855009 891.800000 97598 0 1 99027 973 [],[3700]
6.855500 891.800000 12033 0 1 99026 974 [],[1]
6.855687 892.600000 49917 0 1 99025 975 [],[27]
6.858674 892.700000 29180 0 1 99024 976 [],[4]
6.860769 892.700000 70490 0 1 99023 977 [],[5]
6.861288 892.700000 22506 0 1 99022 978 [],[9006]
6.862614 892.700000 3082 0 1 99021 979 [],[2]
6.862627 893.200000 70612 0 1 99020 980 [],[18128]
6.862795 893.200000 6386 0 1 99019 981 [],[169]
6.865713 893.700000 79700 0 1 99018 982 [],[4808]
6.865826 893.700000 61134 0 1 99017 983 [],[525]
6.866375 893.800000 20560 0 1 99016 984 [],[5]
6.866379 893.800000 98926 0 1 99015 985 [],[5382]
6.866445 893.800000 2103 0 1 99014 986 [],[90]
6.866610 896.400000 62821 0 1 99013 987 [],[30370]
6.868006 896.400000 5384 0 1 99012 988 [],[37026]
6.869653 896.700000 1329 0 1 99011 989 [],[6]
6.870850 897.900000 20814 0 1 99010 990 [],[30496]
6.871952 898.000000 10778 0 1 99009 991 [],[644]
6.873927 898.100000 28940 0 1 99008 992 [],[614]
6.874557 898.500000 17354 0 1 99007 993 [],[250]
6.875041 898.600000 26010 0 1 99006 994 [],[1]
6.875276 898.700000 282 0 1 99005 995 [],[2507,2,10]
6.875442 900.300000 79227 0 1 99004 996 [],[37831]
6.877387 900.400000 24744 0 1 99003 997 [],[614]
6.877445 900.600000 50485 0 1 99002 998 [],[1719]
6.877574 900.600000 84887 0 1 99001 999 [],[169]
6.877906 900.700000 75805 0 1 99000 1000 [],[2796]
6.878858 900.900000 1040 0 1 98999 1001 [],[1]
6.881482 902.000000 15666 0 1 98998 1002 [],[1,304]
6.881874 902.500000 43379 0 1 98997 1003 [],[9260]
6.882169 902.800000 4186 0 1 98996 1004 [],[18743]
6.882660 903.300000 2627 0 1 98995 1005 [],[24]
6.883505 904.300000 39347 0 1 98994 1006 [],[1]
6.886140 904.300000 35339 0 1 98993 1007 [],[10254]
6.886214 904.300000 12 0 1 98992 1008 [],[24,619,1127,1199,2066,4,10]
6.889014 934.400000 8877 0 1 98991 1009 [],[0]
6.889402 934.400000 1162 0 1 98990 1010 [],[1371,1820,395]
6.889907 937.700000 84377 0 1 98989 1011 [],[917]
6.890087 937.700000 155 0 1 98988 1012 [],[1,29]
6.891301 938.800000 31080 0 1 98987 1013 [],[2]
6.891906 938.900000 11582 0 1 98986 1014 [],[2]
6.892250 939.400000 65529 0 1 98985 1015 [],[12]
6.892728 939.400000 672 0 1 98984 1016 [],[136]
6.892924 940.400000 54769 0 1 98983 1017 [],[12]
6.893100 940.400000 42648 0 1 98982 1018 [],[156]
6.894378 940.900000 57907 0 1 98981 1019 [],[2526]
6.895145 940.900000 30588 0 1 98980 1020 [],[19800]
6.895448 941.100000 1890 0 1 98979 1021 [],[89]
6.896868 942.100000 1679 0 1 98978 1022 [],[6148,61]
6.897004 942.900000 1139 0 1 98977 1023 [],[3574]
6.897659 943.800000 26801 0 1 98976 1024 [],[2243]
6.898247 944.900000 5902 0 1 98975 1025 [],[5]
6.898943 945.300000 93395 0 1 98974 1026 [],[136]
6.899704 945.300000 22632 0 1 98973 1027 [],[90,432]
6.902186 945.600000 96223 0 1 98972 1028 [],[1380]
6.904001 945.600000 2552 0 1 98971 1029 [],[1376]
6.906495 947.100000 63681 0 1 98970 1030 [],[444]
6.908757 947.200000 730 0 1 98969 1031 [],[1049,8163,578]
6.910474 949.700000 31286 0 1 98968 1032 [],[20655]
6.910523 950.200000 38836 0 1 98967 1033 [],[2]
6.912250 950.500000 43485 0 1 98966 1034 [],[444]
6.913072 950.500000 514 0 1 98965 1035 [],[2,341]
6.913567 954.800000 38037 0 1 98964 1036 [],[4592]
6.914746 954.800000 961 0 1 98963 1037 [],[4377]
6.916363 956.000000 22995 0 1 98962 1038 [],[1380]
6.918331 956.000000 74 0 1 98961 1039 [],[669,6]
6.918654 959.000000 68205 0 1 98960 1040 [],[6]
6.919995 959.200000 21796 0 1 98959 1041 [],[801]
6.920113 959.400000 12733 0 1 98958 1042 [],[27]
6.921464 959.900000 560 0 1 98957 1043 [],[29]
6.922517 963.500000 2816 0 1 98956 1044 [],[3700]
6.923190 964.700000 60897 0 1 98955 1045 [],[7934]
6.923876 964.800000 1902 0 1 98954 1046 [],[444]
6.925396 966.700000 822 0 1 98953 1047 [],[1006,6]
6.927654 971.100000 5691 0 1 98952 1048 [],[2]
6.928728 971.400000 72918 0 1 98951 1049 [],[1164]
6.930267 971.400000 96389 0 1 98950 1050 [],[12]
6.932264 971.400000 19815 0 1 98949 1051 [],[2]
6.934639 972.500000 48481 0 1 98948 1052 [],[0]
6.935078 972.500000 98363 0 1 98947 1053 [],[614]
6.937353 972.500000 55190 0 1 98946 1054 [],[403]
6.938090 972.500000 55126 0 1 98945 1055 [],[563]
6.938269 972.600000 26260 0 1 98944 1056 [],[10]
6.938511 972.900000 84031 0 1 98943 1057 [],[1]
6.939757 972.900000 13942 0 1 98942 1058 [],[917]
6.941778 973.100000 64840 0 1 98941 1059 [],[53]
6.941800 973.200000 50116 0 1 98940 1060 [],[29]
6.943025 973.300000 12290 0 1 98939 1061 [],[2]
6.943363 974.000000 19739 0 1 98938 1062 [],[12]
6.943571 974.200000 64954 0 1 98937 1063 [],[6]
6.943983 974.300000 22596 0 1 98936 1064 [],[29]
6.944369 974.500000 24548 0 1 98935 1065 [],[10362]
6.944453 974.600000 18649 0 1 98934 1066 [],[244]
6.944470 974.800000 19232 0 1 98933 1067 [],[5113]
6.944866 975.700000 53183 0 1 98932 1068 [],[0]
6.947488 975.700000 45770 0 1 98931 1069 [],[10466]
6.948042 975.800000 11010 0 1 98930 1070 [],[1049]
6.948670 976.300000 502 0 1 98929 1071 [],[5,10]
6.949750 979.800000 98268 0 1 98928 1072 [],[2577]
6.949916 979.800000 33602 0 1 98927 1073 [],[304]
6.950294 979.800000 39934 0 1 98926 1074 [],[6]
6.950472 980.200000 88405 0 1 98925 1075 [],[6]
6.950820 980.200000 8079 0 1 98924 1076 [],[31]
6.951498 981.300000 42213 0 1 98923 1077 [],[9017]
6.952508 981.300000 27695 0 1 98922 1078 [],[0]
6.953060 981.600000 61681 0 1 98921 1079 [],[939]
6.953576 981.700000 97461 0 1 98920 1080 [],[11333]
6.953774 981.700000 85834 0 1 98919 1081 [],[155]
6.954114 981.700000 76770 0 1 98918 1082 [],[136]
6.954734 981.700000 4669 0 1 98917 1083 [],[514]
6.959112 982.500000 85042 0 1 98916 1084 [],[560]
6.959978 982.600000 71649 0 1 98915 1085 [],[29]
6.960806 982.600000 13462 0 1 98914 1086 [],[33602,822]
6.961692 982.500000 61651 0 1 98913 1087 [],[10]
6.962830 982.500000 53858 0 1 98912 1088 [],[9017]
6.963825 982.700000 1616 0 1 98911 1089 [],[1460]
6.963928 983.200000 18067 0 1 98910 1090 [],[10701]
6.964072 983.300000 15 0 1 98909 1091 [],[27,344,1926,3622,2]
6.965240 1002.100000 2317 0 1 98908 1092 [],[93918]
6.966730 1003.800000 316 0 1 98907 1093 [],[594,7846]
6.967619 1007.100000 10318 0 1 98906 1094 [],[6]
6.968752 1007.300000 2263 0 1 98905 1095 [],[6169,9706,90]
6.971605 1008.000000 43839 0 1 98904 1096 [],[6]
6.971612 1008.000000 44538 0 1 98903 1097 [],[5829]
6.972635 1008.200000 1144 0 1 98902 1098 [],[12]
6.973544 1009.300000 30706 0 1 98901 1099 [],[2786]
6.973803 1009.300000 40214 0 1 98900 1100 [],[1199]
6.975835 1009.300000 50077 0 1 98899 1101 [],[1]
6.976472 1009.300000 2247 0 1 98898 1102 [],[90]
6.977508 1009.500000 10944 0 1 98897 1103 [],[12]
6.978208 1009.900000 163 0 1 98896 1104 [],[2]
6.979724 1012.100000 14015 0 1 98895 1105 [],[44]
6.981978 1012.100000 297 0 1 98894 1106 [],[9997,0]
6.982260 1014.300000 89804 0 1 98893 1107 [],[7365]
6.983088 1014.300000 27932 0 1 98892 1108 [],[1006]
6.983448 1014.500000 875 0 1 98891 1109 [],[64840,736]
6.983913 1018.500000 42284 0 1 98890 1110 [],[875]
6.984252 1019.000000 70906 0 1 98889 1111 [],[15]
6.984955 1019.000000 61710 0 1 98888 1112 [],[1]
6.987174 1019.000000 2106 0 1 98887 1113 [],[12]
6.988170 1019.700000 4992 0 1 98886 1114 [],[1336]
6.989017 1021.300000 41659 0 1 98885 1115 [],[10,1380]
6.989603 1021.200000 64592 0 1 98884 1116 [],[1]
6.990392 1021.300000 93183 0 1 98883 1117 [],[2066]
6.993813 1021.300000 38218 0 1 98882 1118 [],[1]
6.997211 1021.300000 10424 0 1 98881 1119 [],[594]
6.997372 1021.700000 4573 0 1 98880 1120 [],[0,5]
6.998513 1022.000000 88371 0 1 98879 1121 [],[67404]
7.001356 1022.000000 20506 0 1 98878 1122 [],[2,13958]
7.001640 1022.300000 23790 0 1 98877 1123 [],[53]
7.002040 1022.600000 1675 0 1 98876 1124 [],[5,644]
7.002443 1024.200000 21388 0 1 98875 1125 [],[2]
7.003082 1024.200000 97560 0 1 98874 1126 [],[2]
7.003994 1024.200000 3145 0 1 98873 1127 [],[4452]
7.004216 1025.100000 65888 0 1 98872 1128 [],[1719]
7.004521 1025.200000 35572 0 1 98871 1129 [],[4992,17059]
7.005519 1025.200000 1673 0 1 98870 1130 [],[672]
7.005912 1025.400000 7 0 1 98869 1131 [],[152,919,1,5]
7.006980 1034.800000 49420 0 1 98868 1132 [],[822]
7.010504 1034.800000 7067 0 1 98867 1133 [],[10,1329]
7.010998 1034.900000 91325 0 1 98866 1134 [],[6148]
7.011342 1034.900000 85916 0 1 98865 1135 [],[318]
7.011375 1035.000000 1277 0 1 98864 1136 [],[81204,614]
7.011444 1037.100000 1962 0 1 98863 1137 [],[5745,27]
7.011680 1038.100000 4522 0 1 98862 1138 [],[630]
7.011834 1038.100000 10058 0 1 98861 1139 [],[5]
7.011885 1038.400000 81932 0 1 98860 1140 [],[2035]
7.012448 1038.500000 95594 0 1 98859 1141 [],[822]
7.013121 1038.500000 43293 0 1 98858 1142 [],[89]
7.013200 1038.700000 9536 0 1 98857 1143 [],[85241]
7.015290 1039.100000 30624 0 1 98856 1144 [],[1591]
7.017250 1039.100000 75140 0 1 98855 1145 [],[2786]
7.017322 1039.100000 3174 0 1 98854 1146 [],[5]
7.020276 1042.000000 559 0 1 98853 1147 [],[7]
7.020424 1042.300000 667 0 1 98852 1148 [],[136]
7.021393 1044.400000 1996 0 1 98851 1149 [],[12533,2]
7.021934 1045.800000 975 0 1 98850 1150 [],[560]
7.022139 1046.300000 5359 0 1 98849 1151 [],[1]
7.022247 1047.700000 27842 0 1 98848 1152 [],[136]
7.023741 1048.100000 51173 0 1 98847 1153 [],[403]
7.024366 1048.100000 23011 0 1 98846 1154 [],[4437]
7.025826 1048.100000 33229 0 1 98845 1155 [],[41440]
7.026311 1048.300000 86775 0 1 98844 1156 [],[42284]
7.027005 1048.300000 7091 0 1 98843 1157 [],[129]
7.027103 1048.500000 30218 0 1 98842 1158 [],[444]
7.028391 1048.800000 19040 0 1 98841 1159 [],[5]
7.028425 1049.500000 96511 0 1 98840 1160 [],[2300]
7.029474 1049.500000 25190 0 1 98839 1161 [],[281]
7.030435 1049.700000 58629 0 1 98838 1162 [],[2,39019]
7.030567 1049.500000 48962 0 1 98837 1163 [],[24]
7.031210 1049.500000 74537 0 1 98836 1164 [],[76250,0]
7.034313 1049.400000 36475 0 1 98835 1165 [],[6]
7.036137 1049.600000 93568 0 1 98834 1166 [],[7846]
7.036155 1049.600000 1064 0 1 98833 1167 [],[607]
7.038469 1050.000000 63575 0 1 98832 1168 [],[12]
7.039742 1050.100000 39991 0 1 98831 1169 [],[5829]
7.041592 1050.100000 29183 0 1 98830 1170 [],[20506]
7.044723 1050.300000 66765 0 1 98829 1171 [],[61]
7.044863 1050.300000 56272 0 1 98828 1172 [],[1127]
7.045247 1050.400000 209 0 1 98827 1173 [],[1960,4954,12,27]
7.045277 1052.200000 4998 0 1 98826 1174 [],[98754]
7.045331 1053.200000 64585 0 1 98825 1175 [],[341]
7.045483 1053.200000 85316 0 1 98824 1176 [],[5]
7.045705 1053.200000 35586 0 1 98823 1177 [],[15]
7.047566 1053.300000 3430 0 1 98822 1178 [],[560,1380]
7.049564 1053.700000 465 0 1 98821 1179 [],[1,90]
7.050429 1056.800000 183 0 1 98820 1180 [],[1006,15]
7.050897 1059.800000 3352 0 1 98819 1181 [],[736]
7.053601 1060.400000 7342 0 1 98818 1182 [],[2]
7.055954 1060.500000 19080 0 1 98817 1183 [],[0,10345]
7.058355 1060.500000 7822 0 1 98816 1184 [],[15]
7.059701 1060.900000 11494 0 1 98815 1185 [],[163]
7.060460 1061.200000 21290 0 1 98814 1186 [],[62746]
7.060568 1061.900000 55790 0 1 98813 1187 [],[0]
7.061988 1062.300000 39875 0 1 98812 1188 [],[3179]
7.062320 1062.300000 32306 0 1 98811 1189 [],[12]
7.066785 1062.300000 21351 0 1 98810 1190 [],[24]
7.067093 1062.800000 20668 0 1 98809 1191 [],[1]
7.067120 1063.100000 76592 0 1 98808 1192 [],[12]
7.067161 1063.100000 59601 0 1 98807 1193 [],[2300]
7.067897 1063.100000 86715 0 1 98806 1194 [],[2291]
7.068134 1063.100000 76000 0 1 98805 1195 [],[13679]
7.069135 1063.100000 37587 0 1 98804 1196 [],[9260]
7.069500 1063.100000 57156 0 1 98803 1197 [],[284]
7.069995 1063.100000 26580 0 1 98802 1198 [],[12796]
7.070001 1063.100000 99792 0 1 98801 1199 [],[68205]
7.071361 1063.100000 26916 0 1 98800 1200 [],[6386]
7.071844 1063.200000 4838 0 1 98799 1201 [],[5,1329]
7.072091 1064.100000 1247 0 1 98798 1202 [],[42278]
7.072196 1067.400000 7567 0 1 98797 1203 [],[5]
7.072484 1067.700000 22283 0 1 98796 1204 [],[630]
7.073381 1067.700000 8730 0 1 98795 1205 [],[316]
7.073727 1068.100000 2527 0 1 98794 1206 [],[1049]
7.074226 1069.000000 1536 0 1 98793 1207 [],[94481]
7.075299 1071.300000 15347 0 1 98792 1208 [],[13426]
7.076462 1071.800000 6523 0 1 98791 1209 [],[1]
7.076464 1072.400000 2309 0 1 98790 1210 [],[13462,1720]
7.077058 1073.800000 6573 0 1 98789 1211 [],[614]
7.077433 1073.900000 48152 0 1 98788 1212 [],[61]
7.079005 1073.900000 16 0 1 98787 1213 [],[2,10]
7.080032 1076.400000 17499 0 1 98786 1214 [],[5743]
7.081381 1076.600000 24644 0 1 98785 1215 [],[1769]
7.081963 1076.700000 6632 0 1 98784 1216 [],[1,700]
7.083475 1077.700000 63884 0 1 98783 1217 [],[1]
7.084206 1077.800000 92254 0 1 98782 1218 [],[10]
7.085304 1077.800000 6110 0 1 98781 1219 [],[822]
7.085642 1078.300000 45117 0 1 98780 1220 [],[614]
7.086951 1078.900000 54270 0 1 98779 1221 [],[1,5]
7.089249 1078.700000 137 0 1 98778 1222 [],[46610,29,40]
7.089378 1086.700000 7778 0 1 98777 1223 [],[1006]
7.089874 1086.900000 89635 0 1 98776 1224 [],[2577]
7.090646 1086.900000 83092 0 1 98775 1225 [],[5952]
7.091566 1086.900000 64829 0 1 98774 1226 [],[61555]
7.092165 1087.000000 79764 0 1 98773 1227 [],[24]
7.092503 1087.000000 68279 0 1 98772 1228 [],[26801]
7.092636 1087.000000 27390 0 1 98771 1229 [],[5743]
7.093402 1087.800000 71194 0 1 98770 1230 [],[5]
7.095115 1088.000000 79399 0 1 98769 1231 [],[2]
7.095152 1088.000000 3061 0 1 98768 1232 [],[630]
7.097320 1089.200000 72001 0 1 98767 1233 [],[0]
7.097731 1089.200000 11537 0 1 98766 1234 [],[5]
7.099091 1089.200000 78347 0 1 98765 1235 [],[1679]
7.099365 1089.200000 13085 0 1 98764 1236 [],[560]
7.103329 1089.300000 621 0 1 98763 1237 [],[282]
7.103990 1091.500000 44049 0 1 98762 1238 [],[0]
7.104436 1091.500000 95328 0 1 98761 1239 [],[438]
7.105563 1091.500000 35035 0 1 98760 1240 [],[6]
7.105890 1091.500000 38051 0 1 98759 1241 [],[27]
7.107542 1091.900000 78103 0 1 98758 1242 [],[4873]
7.110470 1091.900000 85551 0 1 98757 1243 [],[1677]
7.113567 1091.900000 91454 0 1 98756 1244 [],[27]
7.113617 1091.900000 63761 0 1 98755 1245 [],[1996]
7.113789 1091.900000 4371 0 1 98754 1246 [],[1]
7.114494 1092.600000 17396 0 1 98753 1247 [],[97169]
7.114934 1093.600000 115 0 1 98752 1248 [],[2627,0,1]
7.115020 1106.400000 19929 0 1 98751 1249 [],[136]
7.115186 1106.400000 38329 0 1 98750 1250 [],[10058]
7.118207 1106.700000 3943 0 1 98749 1251 [],[3317]
7.122675 1108.600000 4475 0 1 98748 1252 [],[6]
7.123691 1108.800000 6354 0 1 98747 1253 [],[1679]
7.124555 1109.200000 37652 0 1 98746 1254 [],[644]
7.126903 1109.300000 7516 0 1 98745 1255 [],[1]
7.127302 1109.700000 51850 0 1 98744 1256 [],[2]
7.127666 1109.700000 86732 0 1 98743 1257 [],[11866]
7.127875 1109.700000 55 0 1 98742 1258 [],[57998,1]
7.130011 1116.600000 66890 0 1 98741 1259 [],[2587]
7.132732 1116.600000 1311 0 1 98740 1260 [],[27]
7.133183 1118.100000 8964 0 1 98739 1261 [],[2]
7.133532 1118.500000 42559 0 1 98738 1262 [],[1767]
7.134912 1118.700000 55841 0 1 98737 1263 [],[0]
7.135908 1118.700000 17578 0 1 98736 1264 [],[1]
7.136859 1119.200000 60029 0 1 98735 1265 [],[0]
7.139295 1119.200000 69160 0 1 98734 1266 [],[0]
7.139551 1119.200000 32062 0 1 98733 1267 [],[619]
7.141493 1119.200000 45085 0 1 98732 1268 [],[19592]
7.141777 1119.200000 5023 0 1 98731 1269 [],[2]
7.142752 1119.500000 76187 0 1 98730 1270 [],[1277]
7.142945 1119.500000 6493 0 1 98729 1271 [],[1281]
7.143604 1119.500000 29029 0 1 98728 1272 [],[27390]
7.145146 1119.500000 29401 0 1 98727 1273 [],[99605]
7.145982 1119.700000 80044 0 1 98726 1274 [],[4331]
7.146422 1119.700000 65303 0 1 98725 1275 [],[502]
7.146667 1119.800000 38822 0 1 98724 1276 [],[115]
7.147939 1119.800000 47006 0 1 98723 1277 [],[2]
7.149704 1119.900000 34331 0 1 98722 1278 [],[2672]
7.149870 1120.000000 52801 0 1 98721 1279 [],[79764]
7.150751 1120.200000 51161 0 1 98720 1280 [],[24]
7.151819 1120.300000 24316 0 1 98719 1281 [],[43379]
7.152491 1121.300000 30827 0 1 98718 1282 [],[90]
7.152494 1121.300000 11618 0 1 98717 1283 [],[284]
7.152746 1121.400000 67319 0 1 98716 1284 [],[5]
7.154301 1121.400000 92187 0 1 98715 1285 [],[341]
7.155552 1121.400000 5571 0 1 98714 1286 [],[559]
7.156902 1121.900000 12935 0 1 98713 1287 [],[18075,29]
7.159718 1122.500000 7800 0 1 98712 1288 [],[5]
7.160159 1122.500000 2266 0 1 98711 1289 [],[607]
7.160551 1122.600000 3272 0 1 98710 1290 [],[55524]
7.161231 1125.100000 1954 0 1 98709 1291 [],[2103,344]
7.162654 1126.000000 94280 0 1 98708 1292 [],[2]
7.164390 1126.000000 58 0 1 98707 1293 [],[297,5113,2]
7.165689 1137.700000 57978 0 1 98706 1294 [],[281]
7.167088 1137.700000 30094 0 1 98705 1295 [],[801]
7.167504 1137.700000 53899 0 1 98704 1296 [],[630]
7.168649 1137.700000 21246 0 1 98703 1297 [],[1]
7.168856 1137.900000 17449 0 1 98702 1298 [],[525]
7.171367 1138.100000 8991 0 1 98701 1299 [],[5]
7.173099 1138.500000 763 0 1 98700 1300 [],[1]
7.173143 1138.900000 2691 0 1 98699 1301 [],[57748,5,6]
7.173513 1139.800000 19769 0 1 98698 1302 [],[1769]
7.174994 1139.800000 16706 0 1 98697 1303 [],[98046]
7.176022 1139.900000 61787 0 1 98696 1304 [],[29]
7.176139 1139.900000 23068 0 1 98695 1305 [],[19815]
7.177962 1140.300000 985 0 1 98694 1306 [],[15]
7.178492 1141.800000 55396 0 1 98693 1307 [],[12]
7.180861 1141.800000 4398 0 1 98692 1308 [],[14387,0,2]
7.180981 1142.000000 82782 0 1 98691 1309 [],[736]
7.181028 1142.000000 49944 0 1 98690 1310 [],[90]
7.182195 1142.000000 4609 0 1 98689 1311 [],[12733,5]
7.182865 1142.600000 24866 0 1 98688 1312 [],[6]
7.183030 1142.900000 17977 0 1 98687 1313 [],[30588]
7.183771 1143.200000 1246 0 1 98686 1314 [],[1,5]
7.184136 1144.400000 89624 0 1 98685 1315 [],[4377]
7.184138 1144.400000 23173 0 1 98684 1316 [],[1]
7.185029 1145.100000 41645 0 1 98683 1317 [],[27]
7.185534 1145.100000 43325 0 1 98682 1318 [],[250]
7.185724 1145.100000 28558 0 1 98681 1319 [],[3174]
7.190136 1145.800000 22298 0 1 98680 1320 [],[2]
7.190519 1146.100000 11927 0 1 98679 1321 [],[2]
7.190563 1146.100000 16292 0 1 98678 1322 [],[2320]
7.190748 1146.100000 43930 0 1 98677 1323 [],[5]
7.192726 1146.300000 64888 0 1 98676 1324 [],[183]
7.192748 1146.300000 39558 0 1 98675 1325 [],[7]
7.195510 1146.300000 68649 0 1 98674 1326 [],[27]
7.195609 1146.300000 48504 0 1 98673 1327 [],[4228]
7.195848 1146.400000 30 0 1 98672 1328 [],[672,1]
7.196408 1154.200000 47237 0 1 98671 1329 [],[61]
7.198574 1154.700000 49085 0 1 98670 1330 [],[4897]
7.201857 1154.700000 32546 0 1 98669 1331 [],[5198]
7.202637 1155.100000 31585 0 1 98668 1332 [],[4]
7.203002 1155.300000 6735 0 1 98667 1333 [],[88012]
7.204976 1157.900000 26254 0 1 98666 1334 [],[5]
7.204979 1158.000000 52720 0 1 98665 1335 [],[51485]
7.206212 1158.000000 16161 0 1 98664 1336 [],[2]
7.211813 1158.100000 1738 0 1 98663 1337 [],[115]
7.211953 1159.000000 5591 0 1 98662 1338 [],[5]
7.212763 1159.100000 96664 0 1 98661 1339 [],[6953]
7.212951 1159.100000 71415 0 1 98660 1340 [],[39544]
7.213316 1159.100000 78021 0 1 98659 1341 [],[1460]
7.213362 1159.100000 487 0 1 98658 1342 [],[995,998,15531]
7.214713 1162.300000 28600 0 1 98657 1343 [],[29]
7.214920 1162.400000 52959 0 1 98656 1344 [],[7822]
7.214978 1162.500000 528 0 1 98655 1345 [],[1]
7.215710 1165.700000 60948 0 1 98654 1346 [],[136]
7.217013 1165.800000 30248 0 1 98653 1347 [],[514]
7.217246 1165.800000 3166 0 1 98652 1348 [],[27]
7.218922 1166.900000 15919 0 1 98651 1349 [],[0]
7.219445 1167.400000 4652 0 1 98650 1350 [],[144]
7.219565 1167.500000 92219 0 1 98649 1351 [],[4]
7.219947 1167.500000 71167 0 1 98648 1352 [],[1996]
7.219951 1167.600000 18610 0 1 98647 1353 [],[465,17258]
7.221937 1167.600000 47066 0 1 98646 1354 [],[560]
7.222176 1167.600000 77042 0 1 98645 1355 [],[12]
7.222283 1167.800000 4767 0 1 98644 1356 [],[36242]
7.222344 1169.700000 67704 0 1 98643 1357 [],[15]
7.223411 1169.800000 12896 0 1 98642 1358 [],[614]
7.224075 1170.200000 20775 0 1 98641 1359 [],[10,2786]
7.224456 1170.100000 9079 0 1 98640 1360 [],[1336]
7.225217 1170.400000 4423 0 1 98639 1361 [],[3166]
7.225507 1171.400000 8581 0 1 98638 1362 [],[668]
7.227950 1171.600000 84097 0 1 98637 1363 [],[1006]
7.228410 1171.600000 61262 0 1 98636 1364 [],[144]
7.230024 1171.600000 53496 0 1 98635 1365 [],[55]
7.230388 1171.700000 17926 0 1 98634 1366 [],[27]
7.230563 1171.800000 30462 0 1 98633 1367 [],[5359]
7.232622 1171.900000 98314 0 1 98632 1368 [],[3943]
7.233890 1171.900000 53089 0 1 98631 1369 [],[502]
7.234875 1172.200000 6263 0 1 98630 1370 [],[1719,3603]
7.235767 1172.300000 31633 0 1 98629 1371 [],[209]
7.237911 1172.300000 36256 0 1 98628 1372 [],[11274]
7.238650 1172.500000 3740 0 1 98627 1373 [],[2527]
7.239691 1173.900000 5596 0 1 98626 1374 [],[2340]
7.240227 1174.100000 76401 0 1 98625 1375 [],[10]
7.241690 1174.100000 45695 0 1 98624 1376 [],[15]
7.242252 1174.100000 65980 0 1 98623 1377 [],[87323]
7.242885 1174.400000 50958 0 1 98622 1378 [],[2]
7.243118 1174.500000 17200 0 1 98621 1379 [],[12]
7.243965 1174.500000 479 0 1 98620 1380 [],[6125,32885,43485]
7.244749 1179.200000 56782 0 1 98619 1381 [],[3700]
7.247902 1179.200000 67 0 1 98618 1382 [],[0]
7.247929 1183.400000 92174 0 1 98617 1383 [],[13958]
7.248091 1183.400000 2722 0 1 98616 1384 [],[12]
7.250067 1184.400000 76222 0 1 98615 1385 [],[297]
7.251247 1184.400000 36536 0 1 98614 1386 [],[31]
7.251401 1184.500000 39180 0 1 98613 1387 [],[736]
7.252097 1184.600000 56802 0 1 98612 1388 [],[465]
7.253935 1184.600000 7283 0 1 98611 1389 [],[0]
7.254895 1185.300000 63356 0 1 98610 1390 [],[2967]
7.256084 1185.300000 458 0 1 98609 1391 [],[58]
7.257988 1188.600000 71487 0 1 98608 1392 [],[79488]
7.260176 1188.800000 11459 0 1 98607 1393 [],[10]
7.260621 1188.900000 50874 0 1 98606 1394 [],[395]
7.260681 1189.000000 451 0 1 98605 1395 [],[6,136]
7.261103 1192.000000 5577 0 1 98604 1396 [],[2]
7.261593 1192.000000 5400 0 1 98603 1397 [],[10]
7.262644 1192.400000 15066 0 1 98602 1398 [],[2]
7.263039 1192.900000 290 0 1 98601 1399 [],[614,651,3179,55]
7.263151 1198.300000 57726 0 1 98600 1400 [],[26801]
7.264121 1198.300000 1119 0 1 98599 1401 [],[6]
7.264390 1199.000000 54790 0 1 98598 1402 [],[1]
7.264748 1199.100000 1312 0 1 98597 1403 [],[917]
7.265024 1199.700000 25278 0 1 98596 1404 [],[1,6085]
7.265238 1199.700000 60840 0 1 98595 1405 [],[18396]
7.266007 1199.700000 14380 0 1 98594 1406 [],[2816]
7.268071 1200.300000 3585 0 1 98593 1407 [],[29]
7.268615 1201.200000 2209 0 1 98592 1408 [],[137]
7.268885 1203.300000 56137 0 1 98591 1409 [],[66955]
7.269371 1203.800000 10074 0 1 98590 1410 [],[1536]
7.269530 1204.100000 43 0 1 98589 1411 [],[3352,5,7]
7.270299 1205.800000 18521 0 1 98588 1412 [],[281]
7.272451 1206.200000 82811 0 1 98587 1413 [],[43]
7.272665 1206.300000 6476 0 1 98586 1414 [],[2587]
7.274006 1207.400000 46272 0 1 98585 1415 [],[1]
7.275310 1207.400000 90467 0 1 98584 1416 [],[1954]
7.275348 1207.600000 2803 0 1 98583 1417 [],[5,528]
7.275790 1208.500000 66125 0 1 98582 1418 [],[2]
7.275865 1208.500000 57728 0 1 98581 1419 [],[144]
7.276792 1208.500000 39333 0 1 98580 1420 [],[1591]
7.277655 1208.800000 46408 0 1 98579 1421 [],[24]
7.277951 1209.100000 11706 0 1 98578 1422 [],[4549]
7.278014 1209.200000 15967 0 1 98577 1423 [],[61]
7.279440 1210.000000 35843 0 1 98576 1424 [],[20775]
7.280691 1210.200000 45805 0 1 98575 1425 [],[3430]
7.281362 1210.300000 84683 0 1 98574 1426 [],[30]
7.281725 1210.300000 6301 0 1 98573 1427 [],[995]
7.281795 1210.600000 51924 0 1 98572 1428 [],[4549]
7.282228 1210.600000 82634 0 1 98571 1429 [],[58]
7.286199 1210.600000 44687 0 1 98570 1430 [],[15]
7.286335 1210.700000 89070 0 1 98569 1431 [],[16309]
7.286509 1210.700000 36949 0 1 98568 1432 [],[24]
7.287521 1210.900000 1191 0 1 98567 1433 [],[24,614]
7.288343 1211.600000 392 0 1 98566 1434 [],[444,11494,71004]
7.289952 1223.800000 54101 0 1 98565 1435 [],[2]
7.291190 1223.800000 87759 0 1 98564 1436 [],[4549]
7.292627 1223.800000 3710 0 1 98563 1437 [],[10]
7.292656 1224.600000 72854 0 1 98562 1438 [],[1960]
7.293472 1224.700000 75379 0 1 98561 1439 [],[3272]
7.293552 1224.700000 1732 0 1 98560 1440 [],[502]
7.293891 1225.800000 1696 0 1 98559 1441 [],[619]
7.295554 1226.500000 22769 0 1 98558 1442 [],[1144]
7.296477 1226.800000 62349 0 1 98557 1443 [],[24866]
7.297505 1227.100000 16414 0 1 98556 1444 [],[17704]
7.298322 1227.800000 386 0 1 98555 1445 [],[392]
7.299773 1229.600000 35836 0 1 98554 1446 [],[31]
7.301069 1229.600000 18606 0 1 98553 1447 [],[403]
7.302061 1229.800000 93161 0 1 98552 1448 [],[10]
7.303040 1229.800000 55135 0 1 98551 1449 [],[10701]
7.303389 1229.900000 1288 0 1 98550 1450 [],[169]
7.304609 1232.600000 73630 0 1 98549 1451 [],[1247]
7.306350 1232.600000 55235 0 1 98548 1452 [],[3585]
7.306834 1232.600000 24971 0 1 98547 1453 [],[304]
7.307406 1232.700000 69194 0 1 98546 1454 [],[2]
7.308480 1232.700000 75802 0 1 98545 1455 [],[35473]
7.309824 1232.800000 64784 0 1 98544 1456 [],[93395]
7.310810 1233.000000 58218 0 1 98543 1457 [],[21290]
7.311000 1233.000000 67652 0 1 98542 1458 [],[6632]
7.311688 1233.100000 65 0 1 98541 1459 [],[2]
7.312250 1240.700000 3289 0 1 98540 1460 [],[49917]
7.312453 1241.300000 19792 0 1 98539 1461 [],[1]
7.313004 1241.700000 29359 0 1 98538 1462 [],[514]
7.314378 1241.800000 4624 0 1 98537 1463 [],[115]
7.314451 1242.200000 52515 0 1 98536 1464 [],[2066]
7.314463 1242.200000 98471 0 1 98535 1465 [],[39934]
7.314776 1242.200000 4499 0 1 98534 1466 [],[0]
7.314977 1242.300000 5809 0 1 98533 1467 [],[0,1960]
7.315249 1242.300000 77433 0 1 98532 1468 [],[24]
7.316724 1242.300000 43152 0 1 98531 1469 [],[5829]
7.316814 1242.400000 6616 0 1 98530 1470 [],[403,3289]
7.317772 1242.800000 73833 0 1 98529 1471 [],[6054]
7.318686 1242.800000 10206 0 1 98528 1472 [],[2957]
7.321379 1243.100000 99511 0 1 98527 1473 [],[115]
7.321469 1243.100000 143 0 1 98526 1474 [],[144,975,985,3740,12284,16989,75745]
7.321480 1254.700000 18795 0 1 98525 1475 [],[1]
7.321628 1254.800000 27260 0 1 98524 1476 [],[12]
7.323201 1254.800000 90458 0 1 98523 1477 [],[58]
7.323705 1254.900000 6858 0 1 98522 1478 [],[502,2124]
7.323826 1256.600000 25223 0 1 98521 1479 [],[1,156]
7.323840 1256.400000 79447 0 1 98520 1480 [],[26801]
7.324285 1256.400000 91365 0 1 98519 1481 [],[619]
7.325237 1256.400000 43260 0 1 98518 1482 [],[1040]
7.325479 1256.400000 50014 0 1 98517 1483 [],[5]
7.326116 1256.400000 11420 0 1 98516 1484 [],[667]
7.328397 1257.700000 28637 0 1 98515 1485 [],[53]
7.329298 1257.700000 37944 0 1 98514 1486 [],[15666]
7.330714 1257.800000 15214 0 1 98513 1487 [],[28349,2317]
7.330938 1258.000000 95014 0 1 98512 1488 [],[24]
7.331332 1258.000000 40290 0 1 98511 1489 [],[560]
7.331707 1258.000000 86289 0 1 98510 1490 [],[14549]
7.332708 1258.000000 3435 0 1 98509 1491 [],[6]
7.337746 1259.400000 40587 0 1 98508 1492 [],[619]
7.338236 1259.700000 61722 0 1 98507 1493 [],[2340]
7.339077 1260.000000 1214 0 1 98506 1494 [],[3174,2]
7.340007 1262.700000 15776 0 1 98505 1495 [],[48504]
7.340617 1263.300000 75070 0 1 98504 1496 [],[26801]
7.342076 1263.300000 6272 0 1 98503 1497 [],[1380]
7.342613 1263.600000 84774 0 1 98502 1498 [],[65888]
7.344157 1263.600000 92694 0 1 98501 1499 [],[0]
7.346702 1263.600000 92107 0 1 98500 1500 [],[55]
7.347291 1263.700000 33030 0 1 98499 1501 [],[10]
7.348977 1263.900000 86299 0 1 98498 1502 [],[137]
7.351259 1264.000000 91718 0 1 98497 1503 [],[1176]
7.353320 1264.000000 24954 0 1 98496 1504 [],[4423]
7.354351 1264.100000 46163 0 1 98495 1505 [],[1]
7.354598 1264.200000 9876 0 1 98494 1506 [],[75070]
7.356174 1265.100000 65178 0 1 98493 1507 [],[65]
7.356585 1265.300000 167 0 1 98492 1508 [],[98]
7.356702 1271.600000 1933 0 1 98491 1509 [],[12]
7.356814 1272.600000 20509 0 1 98490 1510 [],[0]
7.357896 1272.800000 29265 0 1 98489 1511 [],[5]
7.359738 1272.800000 15719 0 1 98488 1512 [],[304]
7.362474 1273.200000 16678 0 1 98487 1513 [],[7846]
7.362547 1273.200000 96935 0 1 98486 1514 [],[344]
7.363340 1273.200000 94363 0 1 98485 1515 [],[61]
7.363416 1273.200000 25163 0 1 98484 1516 [],[1246]
7.364248 1273.700000 39840 0 1 98483 1517 [],[264]
7.364580 1274.300000 779 0 1 98482 1518 [],[2124]
7.365363 1276.500000 31683 0 1 98481 1519 [],[1214]
7.367945 1276.800000 88861 0 1 98480 1520 [],[18702]
7.369068 1276.800000 70506 0 1 98479 1521 [],[5]
7.369453 1276.800000 3553 0 1 98478 1522 [],[75805]
7.369490 1277.500000 20513 0 1 98477 1523 [],[169]
7.369751 1277.600000 17288 0 1 98476 1524 [],[386,2627]
7.370013 1278.100000 1203 0 1 98475 1525 [],[297]
7.370093 1278.400000 5733 0 1 98474 1526 [],[2]
7.371193 1278.700000 45361 0 1 98473 1527 [],[341]
7.371378 1278.800000 13991 0 1 98472 1528 [],[12]
7.371497 1278.800000 35204 0 1 98471 1529 [],[2]
7.371762 1278.800000 37814 0 1 98470 1530 [],[1890]
7.372682 1278.800000 6377 0 1 98469 1531 [],[2317]
7.372797 1279.000000 11374 0 1 98468 1532 [],[5,74]
7.373039 1279.100000 48398 0 1 98467 1533 [],[36256]
7.376607 1279.200000 88999 0 1 98466 1534 [],[19815]
7.376686 1279.200000 88324 0 1 98465 1535 [],[10701]
7.379246 1279.200000 86534 0 1 98464 1536 [],[5]
7.379716 1279.200000 51859 0 1 98463 1537 [],[4609]
7.380172 1279.200000 31254 0 1 98462 1538 [],[7934]
7.380194 1279.400000 21884 0 1 98461 1539 [],[12]
7.380250 1279.700000 7527 0 1 98460 1540 [],[563,4767]
7.381328 1280.100000 28107 0 1 98459 1541 [],[12]
7.383094 1280.100000 5343 0 1 98458 1542 [],[6377,143]
7.384848 1281.400000 5997 0 1 98457 1543 [],[578]
7.384897 1282.000000 3113 0 1 98456 1544 [],[24]
7.385905 1283.000000 43038 0 1 98455 1545 [],[5]
7.387270 1283.000000 64360 0 1 98454 1546 [],[4767]
7.387334 1283.000000 406 0 1 98453 1547 [],[7]
7.389365 1283.700000 7793 0 1 98452 1548 [],[6]
7.389628 1284.800000 2440 0 1 98451 1549 [],[27]
7.389887 1285.600000 603 0 1 98450 1550 [],[514]
7.390515 1289.200000 47876 0 1 98449 1551 [],[11333]
7.390580 1289.200000 27796 0 1 98448 1552 [],[16]
7.390659 1289.200000 33472 0 1 98447 1553 [],[57407]
7.392483 1289.300000 92729 0 1 98446 1554 [],[5]
7.395473 1289.400000 17781 0 1 98445 1555 [],[1247]
7.397594 1289.600000 10234 0 1 98444 1556 [],[17792]
7.397921 1289.800000 10046 0 1 98443 1557 [],[17200]
7.399073 1290.100000 85088 0 1 98442 1558 [],[594]
7.399831 1290.100000 3571 0 1 98441 1559 [],[1719]
7.400597 1290.700000 6310 0 1 98440 1560 [],[2343]
7.400985 1291.100000 37304 0 1 98439 1561 [],[15]
7.401881 1291.200000 96854 0 1 98438 1562 [],[30970]
7.404368 1291.200000 29274 0 1 98437 1563 [],[318]
7.405345 1291.300000 36524 0 1 98436 1564 [],[1139,1162]
7.406224 1291.100000 3681 0 1 98435 1565 [],[1]
7.406227 1291.400000 75408 0 1 98434 1566 [],[6]
7.407164 1291.400000 2253 0 1 98433 1567 [],[6]
7.408075 1292.000000 2137 0 1 98432 1568 [],[5]
7.409990 1292.700000 43972 0 1 98431 1569 [],[32534]
7.410275 1292.800000 77410 0 1 98430 1570 [],[12733]
7.410287 1292.800000 69505 0 1 98429 1571 [],[90]
7.410475 1292.900000 75862 0 1 98428 1572 [],[341]
7.410693 1292.900000 255 0 1 98427 1573 [],[2577,44449,2]
7.410838 1296.100000 57973 0 1 98426 1574 [],[26010]
7.410951 1296.200000 15309 0 1 98425 1575 [],[115]
7.411174 1296.300000 7023 0 1 98424 1576 [],[63884]
7.413278 1297.500000 31818 0 1 98423 1577 [],[393]
7.413921 1297.500000 33585 0 1 98422 1578 [],[12533]
7.414474 1297.800000 9078 0 1 98421 1579 [],[5]
7.415289 1298.100000 47536 0 1 98420 1580 [],[2106]
7.415483 1298.100000 52804 0 1 98419 1581 [],[11333]
7.415876 1298.100000 27031 0 1 98418 1582 [],[137]
7.417205 1298.500000 9798 0 1 98417 1583 [],[5]
7.417847 1298.500000 66144 0 1 98416 1584 [],[578,1896]
7.419208 1298.500000 69099 0 1 98415 1585 [],[5198]
7.420301 1298.500000 20066 0 1 98414 1586 [],[10074]
7.421139 1298.600000 23638 0 1 98413 1587 [],[403]
7.421830 1298.600000 15134 0 1 98412 1588 [],[5]
7.422171 1299.300000 73002 0 1 98411 1589 [],[4371]
7.422988 1299.400000 57006 0 1 98410 1590 [],[2156]
7.423857 1299.500000 2718 0 1 98409 1591 [],[58]
7.424103 1300.500000 17215 0 1 98408 1592 [],[2]
7.424149 1300.800000 6186 0 1 98407 1593 [],[5]
7.424341 1301.700000 86081 0 1 98406 1594 [],[21021]
7.425515 1301.700000 3556 0 1 98405 1595 [],[438]
7.425795 1302.400000 35466 0 1 98404 1596 [],[115]
7.425856 1302.900000 3204 0 1 98403 1597 [],[736]
7.426235 1303.300000 10031 0 1 98402 1598 [],[6354]
7.427051 1303.700000 65611 0 1 98401 1599 [],[392]
7.427150 1303.800000 94166 0 1 98400 1600 [],[6]
7.427274 1303.800000 97318 0 1 98399 1601 [],[6]
7.427836 1303.800000 58114 0 1 98398 1602 [],[2]
7.428494 1303.800000 476 0 1 98397 1603 [],[24866,61]
7.428745 1306.900000 75978 0 1 98396 1604 [],[4954]
7.429334 1306.900000 19836 0 1 98395 1605 [],[6]
7.429722 1307.400000 56869 0 1 98394 1606 [],[38329]
7.430409 1307.400000 59469 0 1 98393 1607 [],[614]
7.432011 1307.400000 39957 0 1 98392 1608 [],[58]
7.433845 1307.400000 79657 0 1 98391 1609 [],[10]
7.434547 1307.400000 18928 0 1 98390 1610 [],[27858]
7.437923 1307.800000 6815 0 1 98389 1611 [],[9514]
7.439035 1309.500000 685 0 1 98388 1612 [],[432,614]
7.440072 1309.700000 99553 0 1 98387 1613 [],[0]
7.441931 1309.700000 57211 0 1 98386 1614 [],[395]
7.442106 1309.700000 11816 0 1 98385 1615 [],[5343]
7.442659 1310.300000 26326 0 1 98384 1616 [],[58218]
7.443099 1310.500000 66189 0 1 98383 1617 [],[630]
7.445299 1310.500000 1140 0 1 98382 1618 [],[5]
7.445998 1310.600000 17934 0 1 98381 1619 [],[98]
7.447452 1311.100000 70743 0 1 98380 1620 [],[432]
7.447843 1311.300000 218 0 1 98379 1621 [],[798,36949,2]
7.451140 1319.300000 48694 0 1 98378 1622 [],[6735]
7.451247 1319.400000 25270 0 1 98377 1623 [],[432]
7.451941 1319.700000 24483 0 1 98376 1624 [],[86299]
7.452681 1320.000000 66451 0 1 98375 1625 [],[5]
7.453356 1320.100000 71441 0 1 98374 1626 [],[614,11459]
7.454151 1319.900000 29264 0 1 98373 1627 [],[2440]
7.454235 1319.900000 18864 0 1 98372 1628 [],[5040]
7.454777 1320.000000 4154 0 1 98371 1629 [],[255,502]
7.455019 1320.600000 997 0 1 98370 1630 [],[5]
7.456651 1321.900000 86500 0 1 98369 1631 [],[29359]
7.457269 1321.900000 22246 0 1 98368 1632 [],[528]
7.457631 1322.000000 58100 0 1 98367 1633 [],[3272]
7.459007 1322.000000 53863 0 1 98366 1634 [],[15]
7.459820 1322.100000 38980 0 1 98365 1635 [],[53]
7.460366 1322.300000 89270 0 1 98364 1636 [],[55]
7.460726 1322.300000 65330 0 1 98363 1637 [],[27]
7.461512 1322.400000 57870 0 1 98362 1638 [],[4]
7.461787 1322.500000 79577 0 1 98361 1639 [],[15]
7.462814 1322.500000 208 0 1 98360 1640 [],[479]
7.462822 1327.800000 53043 0 1 98359 1641 [],[43293]
7.463464 1327.800000 85752 0 1 98358 1642 [],[31657]
7.463873 1327.900000 50111 0 1 98357 1643 [],[19815]
7.465209 1327.900000 86765 0 1 98356 1644 [],[619,13145]
7.465236 1327.700000 95 0 1 98355 1645 [],[479,2]
7.467046 1335.400000 15034 0 1 98354 1646 [],[94081]
7.467095 1335.800000 24037 0 1 98353 1647 [],[9006]
7.467356 1335.900000 3485 0 1 98352 1648 [],[90]
7.467424 1336.900000 521 0 1 98351 1649 [],[2317,432]
7.468436 1338.800000 48978 0 1 98350 1650 [],[0]
7.469410 1338.900000 58542 0 1 98349 1651 [],[12]
7.469566 1339.100000 90494 0 1 98348 1652 [],[2]
7.470737 1339.100000 26154 0 1 98347 1653 [],[1,167]
7.471373 1339.100000 23031 0 1 98346 1654 [],[2035]
7.471621 1339.200000 63722 0 1 98345 1655 [],[395]
7.471649 1339.300000 66055 0 1 98344 1656 [],[6133]
7.471810 1339.300000 22520 0 1 98343 1657 [],[7908]
7.473968 1339.300000 6901 0 1 98342 1658 [],[3700]
7.474129 1340.700000 29150 0 1 98341 1659 [],[73999]
7.475234 1341.100000 21983 0 1 98340 1660 [],[61]
7.475552 1341.200000 33286 0 1 98339 1661 [],[5]
7.477169 1341.300000 22051 0 1 98338 1662 [],[89]
7.478317 1341.700000 1212 0 1 98337 1663 [],[1119]
7.478376 1342.500000 86626 0 1 98336 1664 [],[89236]
7.479521 1342.600000 75418 0 1 98335 1665 [],[514]
7.479542 1342.600000 16296 0 1 98334 1666 [],[0]
7.482303 1343.000000 19989 0 1 98333 1667 [],[4998]
7.482427 1343.400000 44607 0 1 98332 1668 [],[44]
7.483862 1343.400000 56441 0 1 98331 1669 [],[4437]
7.484114 1343.400000 4934 0 1 98330 1670 [],[12]
7.484345 1344.200000 61964 0 1 98329 1671 [],[644]
7.485216 1344.200000 76105 0 1 98328 1672 [],[90]
7.485689 1344.300000 81943 0 1 98327 1673 [],[1156]
7.486787 1344.300000 90316 0 1 98326 1674 [],[17792]
7.486944 1344.300000 59032 0 1 98325 1675 [],[152]
7.487524 1344.400000 35287 0 1 98324 1676 [],[528]
7.487605 1344.400000 96470 0 1 98323 1677 [],[12325]
7.489527 1344.400000 3322 0 1 98322 1678 [],[90]
7.489813 1345.800000 31436 0 1 98321 1679 [],[341]
7.490184 1346.200000 64643 0 1 98320 1680 [],[341]
7.490691 1346.200000 3011 0 1 98319 1681 [],[58,144]
7.490867 1346.200000 61827 0 1 98318 1682 [],[6901]
7.491778 1346.300000 25701 0 1 98317 1683 [],[4]
7.492396 1346.800000 88724 0 1 98316 1684 [],[2577]
7.492645 1346.800000 40835 0 1 98315 1685 [],[89]
7.493827 1346.800000 5850 0 1 98314 1686 [],[1896]
7.494126 1347.500000 3024 0 1 98313 1687 [],[2526]
7.494646 1348.300000 14794 0 1 98312 1688 [],[8130]
7.495720 1348.400000 18936 0 1 98311 1689 [],[0,95]
7.496041 1348.300000 25344 0 1 98310 1690 [],[6858]
7.496725 1348.400000 35991 0 1 98309 1691 [],[1]
7.497219 1348.400000 201 0 1 98308 1692 [],[403,1139,1933,90,95]
7.498986 1357.600000 18072 0 1 98307 1693 [],[24]
7.500715 1358.000000 11633 0 1 98306 1694 [],[40]
7.500944 1358.400000 49254 0 1 98305 1695 [],[444]
7.500968 1358.400000 89758 0 1 98304 1696 [],[2]
7.501052 1358.400000 8147 0 1 98303 1697 [],[6632]
7.501256 1358.600000 82163 0 1 98302 1698 [],[250]
7.503441 1358.600000 5584 0 1 98301 1699 [],[392,939]
7.503643 1359.100000 44628 0 1 98300 1700 [],[89635,6688]
7.504438 1359.200000 92736 0 1 98299 1701 [],[514]
7.504481 1359.200000 96228 0 1 98298 1702 [],[736]
7.504618 1359.200000 42934 0 1 98297 1703 [],[2]
7.505105 1359.300000 2855 0 1 98296 1704 [],[65]
7.505134 1361.000000 94422 0 1 98295 1705 [],[75805]
7.508305 1361.000000 97759 0 1 98294 1706 [],[2]
7.508631 1361.000000 7813 0 1 98293 1707 [],[255]
7.509290 1361.100000 18065 0 1 98292 1708 [],[40397]
7.510115 1361.600000 4045 0 1 98291 1709 [],[51896]
7.511202 1363.500000 24288 0 1 98290 1710 [],[58]
7.511829 1363.500000 4282 0 1 98289 1711 [],[4617,0]
7.516215 1363.800000 73422 0 1 98288 1712 [],[10]
7.518675 1363.900000 16036 0 1 98287 1713 [],[5902]
7.518981 1363.900000 17735 0 1 98286 1714 [],[4371]
7.519803 1364.700000 6293 0 1 98285 1715 [],[0]
7.521580 1365.000000 92828 0 1 98284 1716 [],[1]
7.521624 1365.000000 42068 0 1 98283 1717 [],[2]
7.525123 1365.100000 21482 0 1 98282 1718 [],[24]
7.525307 1365.100000 35179 0 1 98281 1719 [],[0,1]
7.528224 1365.000000 49164 0 1 98280 1720 [],[2]
7.530851 1365.000000 89768 0 1 98279 1721 [],[39739]
7.531434 1365.000000 83833 0 1 98278 1722 [],[341]
7.531522 1365.000000 64311 0 1 98277 1723 [],[43972]
7.531752 1365.100000 10825 0 1 98276 1724 [],[1006]
7.531867 1365.500000 93045 0 1 98275 1725 [],[1996]
7.532057 1365.500000 33177 0 1 98274 1726 [],[1176]
7.534971 1365.700000 37596 0 1 98273 1727 [],[78624]
7.534972 1366.300000 94379 0 1 98272 1728 [],[50068]
7.536073 1366.300000 24129 0 1 98271 1729 [],[1376]
7.536141 1366.300000 1754 0 1 98270 1730 [],[12]
7.537473 1368.500000 92881 0 1 98269 1731 [],[19836]
7.538128 1368.500000 3856 0 1 98268 1732 [],[1]
7.538734 1368.600000 32877 0 1 98267 1733 [],[6]
7.538909 1368.800000 28180 0 1 98266 1734 [],[8983]
7.539177 1368.800000 41059 0 1 98265 1735 [],[5]
7.539325 1369.100000 26702 0 1 98264 1736 [],[395]
7.539620 1369.100000 154 0 1 98263 1737 [],[24,87]
7.540942 1370.200000 9558 0 1 98262 1738 [],[78347]
7.541920 1370.400000 73762 0 1 98261 1739 [],[822]
7.543113 1370.400000 84545 0 1 98260 1740 [],[46408]
7.543165 1370.400000 38146 0 1 98259 1741 [],[15531]
7.543408 1370.400000 42513 0 1 98258 1742 [],[0,5]
7.543646 1370.400000 83989 0 1 98257 1743 [],[5952]
7.543720 1370.400000 56728 0 1 98256 1744 [],[7]
7.544796 1370.500000 2150 0 1 98255 1745 [],[201]
7.545254 1370.800000 35248 0 1 98254 1746 [],[10]
7.545295 1370.900000 57329 0 1 98253 1747 [],[7]
7.546100 1371.300000 64438 0 1 98252 1748 [],[19731]
7.546517 1371.300000 26032 0 1 98251 1749 [],[3435]
7.547235 1371.600000 637 0 1 98250 1750 [],[10318]
7.547686 1376.800000 287 0 1 98249 1751 [],[12]
7.550108 1377.900000 22936 0 1 98248 1752 [],[27]
7.550327 1377.900000 62123 0 1 98247 1753 [],[61]
7.550735 1377.900000 78 0 1 98246 1754 [],[55]
7.551004 1379.800000 18750 0 1 98245 1755 [],[61]
7.552319 1379.900000 95100 0 1 98244 1756 [],[12]
7.552682 1379.900000 59152 0 1 98243 1757 [],[3289]
7.552863 1379.900000 20290 0 1 98242 1758 [],[27]
7.553340 1379.900000 99898 0 1 98241 1759 [],[919]
7.554191 1379.900000 90149 0 1 98240 1760 [],[3082]
7.554629 1379.900000 8720 0 1 98239 1761 [],[3700]
7.555560 1380.500000 1196 0 1 98238 1762 [],[12304,15719,0]
7.555823 1380.800000 4543 0 1 98237 1763 [],[10944,2]
7.557610 1382.000000 704 0 1 98236 1764 [],[5026,5,432]
7.557745 1384.300000 18913 0 1 98235 1765 [],[10]
7.557802 1384.300000 2738 0 1 98234 1766 [],[9006]
7.558032 1385.300000 179 0 1 98233 1767 [],[2552,3435,4]
7.558434 1388.100000 32535 0 1 98232 1768 [],[201,1896]
7.559038 1388.000000 43500 0 1 98231 1769 [],[10058]
7.560261 1388.200000 76719 0 1 98230 1770 [],[26260]
7.560585 1388.200000 28483 0 1 98229 1771 [],[17603]
7.561975 1388.300000 70177 0 1 98228 1772 [],[4669]
7.562786 1388.500000 4688 0 1 98227 1773 [],[458]
7.565507 1388.800000 70110 0 1 98226 1774 [],[15869,28548]
7.565626 1388.600000 18657 0 1 98225 1775 [],[10]
7.565879 1388.800000 30533 0 1 98224 1776 [],[68205]
7.566580 1389.000000 7832 0 1 98223 1777 [],[1720]
7.566622 1390.300000 24991 0 1 98222 1778 [],[637]
7.566792 1390.600000 84500 0 1 98221 1779 [],[31585]
7.567280 1390.600000 20918 0 1 98220 1780 [],[5745]
7.567759 1390.700000 20801 0 1 98219 1781 [],[5]
7.568553 1391.100000 80645 0 1 98218 1782 [],[3661]
7.569001 1391.100000 26312 0 1 98217 1783 [],[169]
7.570103 1391.200000 17761 0 1 98216 1784 [],[444]
7.570777 1391.600000 64399 0 1 98215 1785 [],[95]
7.572595 1391.600000 70419 0 1 98214 1786 [],[304,1732]
7.576365 1391.400000 29362 0 1 98213 1787 [],[12]
7.577318 1391.400000 54587 0 1 98212 1788 [],[12]
7.577469 1391.400000 44677 0 1 98211 1789 [],[7903]
7.577487 1391.400000 737 0 1 98210 1790 [],[201]
7.577761 1394.200000 7355 0 1 98209 1791 [],[31]
7.579399 1394.400000 2373 0 1 98208 1792 [],[77086,88324]
7.579838 1396.200000 1244 0 1 98207 1793 [],[528]
7.580030 1397.500000 36525 0 1 98206 1794 [],[58542]
7.581758 1397.900000 19936 0 1 98205 1795 [],[6]
7.582311 1398.000000 82273 0 1 98204 1796 [],[7067]
7.584434 1398.100000 35837 0 1 98203 1797 [],[3179]
7.586870 1398.100000 91892 0 1 98202 1798 [],[6]
7.587732 1398.100000 2085 0 1 98201 1799 [],[1]
7.587745 1398.700000 97917 0 1 98200 1800 [],[10]
7.588101 1398.700000 69491 0 1 98199 1801 [],[1]
7.589167 1398.800000 9620 0 1 98198 1802 [],[24]
7.589793 1399.000000 6360 0 1 98197 1803 [],[27]
7.590938 1399.300000 82171 0 1 98196 1804 [],[115]
7.591330 1399.400000 94017 0 1 98195 1805 [],[1375]
7.591847 1399.400000 81898 0 1 98194 1806 [],[55]
7.591992 1399.400000 31680 0 1 98193 1807 [],[0]
7.592141 1399.600000 49234 0 1 98192 1808 [],[38836]
7.592753 1399.600000 7543 0 1 98191 1809 [],[5]
7.592864 1400.800000 8487 0 1 98190 1810 [],[0]
7.594050 1401.200000 664 0 1 98189 1811 [],[45695,614]
7.594556 1403.900000 23491 0 1 98188 1812 [],[393]
7.596505 1404.100000 70393 0 1 98187 1813 [],[2718]
7.597158 1404.100000 2512 0 1 98186 1814 [],[90]
7.597973 1406.200000 85433 0 1 98185 1815 [],[700]
7.598714 1406.200000 391 0 1 98184 1816 [],[1719]
7.598779 1414.300000 45835 0 1 98183 1817 [],[43930]
7.599176 1414.300000 28400 0 1 98182 1818 [],[5]
7.599512 1414.500000 74422 0 1 98181 1819 [],[11866,17396]
7.599606 1414.400000 36205 0 1 98180 1820 [],[3174]
7.600295 1414.700000 13819 0 1 98179 1821 [],[614]
7.600314 1415.100000 33985 0 1 98178 1822 [],[664]
7.600363 1415.100000 29416 0 1 98177 1823 [],[7]
7.600722 1415.400000 94136 0 1 98176 1824 [],[16]
7.601582 1415.400000 59803 0 1 98175 1825 [],[1]
7.601674 1415.600000 71783 0 1 98174 1826 [],[6901]
7.602245 1415.600000 87039 0 1 98173 1827 [],[3756]
7.602344 1415.600000 2806 0 1 98172 1828 [],[137]
7.602475 1417.200000 33916 0 1 98171 1829 [],[201,21246]
7.602555 1417.400000 19933 0 1 98170 1830 [],[17761]
7.603654 1417.600000 54229 0 1 98169 1831 [],[94376]
7.604194 1417.800000 54881 0 1 98168 1832 [],[46408]
7.604901 1417.900000 72231 0 1 98167 1833 [],[37026]
7.605433 1418.100000 19713 0 1 98166 1834 [],[5]
7.606245 1418.100000 43511 0 1 98165 1835 [],[391]
7.606537 1418.700000 14365 0 1 98164 1836 [],[53,1667]
7.606573 1418.500000 63128 0 1 98163 1837 [],[6]
7.606961 1418.500000 951 0 1 98162 1838 [],[304]
7.607800 1418.500000 86883 0 1 98161 1839 [],[2300]
7.608804 1418.500000 21480 0 1 98160 1840 [],[392]
7.609171 1418.500000 30415 0 1 98159 1841 [],[89]
7.609765 1418.700000 37829 0 1 98158 1842 [],[12033]
7.610264 1418.800000 70467 0 1 98157 1843 [],[596]
7.610296 1418.800000 13872 0 1 98156 1844 [],[1960]
7.610869 1419.000000 26948 0 1 98155 1845 [],[6735]
7.613333 1419.100000 53404 0 1 98154 1846 [],[5745]
7.614052 1419.100000 20317 0 1 98153 1847 [],[730]
7.615031 1419.400000 73668 0 1 98152 1848 [],[2796]
7.615660 1419.400000 48916 0 1 98151 1849 [],[1380]
7.616437 1419.700000 59378 0 1 98150 1850 [],[98]
7.616622 1419.800000 75142 0 1 98149 1851 [],[61]
7.617008 1419.800000 76459 0 1 98148 1852 [],[43511]
7.617895 1420.000000 37846 0 1 98147 1853 [],[61]
7.617981 1420.200000 11057 0 1 98146 1854 [],[1162]
7.618037 1420.500000 20035 0 1 98145 1855 [],[65582]
7.618049 1420.700000 14509 0 1 98144 1856 [],[4045]
7.618353 1421.100000 7451 0 1 98143 1857 [],[98624,1960]
7.618932 1421.400000 73229 0 1 98142 1858 [],[20509]
7.619576 1421.400000 6143 0 1 98141 1859 [],[6]
7.621059 1421.700000 27768 0 1 98140 1860 [],[395,10825]
7.621347 1421.800000 979 0 1 98139 1861 [],[28721]
7.621793 1426.500000 15881 0 1 98138 1862 [],[0,29]
7.621831 1426.300000 1650 0 1 98137 1863 [],[37487]
7.622095 1427.700000 29723 0 1 98136 1864 [],[90]
7.623625 1427.800000 3411 0 1 98135 1865 [],[1]
7.624452 1428.200000 2264 0 1 98134 1866 [],[95]
7.624516 1428.700000 106 0 1 98133 1867 [],[2085,28558,70612,75862,1]
7.624904 1436.300000 41445 0 1 98132 1868 [],[2300]
7.624950 1436.400000 2366 0 1 98131 1869 [],[58,208]
7.627790 1437.000000 47 0 1 98130 1870 [],[53,58,74,136,183,391,403,23269,5]
7.628370 1463.000000 45319 0 1 98129 1871 [],[47]
7.629661 1463.400000 38730 0 1 98128 1872 [],[3166]
7.629766 1463.500000 81701 0 1 98127 1873 [],[115]
7.629909 1463.500000 47487 0 1 98126 1874 [],[672]
7.630623 1463.600000 93027 0 1 98125 1875 [],[167]
7.631421 1463.600000 95335 0 1 98124 1876 [],[63884]
7.631765 1463.600000 10278 0 1 98123 1877 [],[154]
7.632040 1463.900000 82095 0 1 98122 1878 [],[6148]
7.632576 1463.900000 493 0 1 98121 1879 [],[532,13891,21021,476]
7.632792 1472.000000 661 0 1 98120 1880 [],[55749]
7.633029 1475.300000 36 0 1 98119 1881 [],[528,0,6]
7.633082 1487.900000 46255 0 1 98118 1882 [],[167]
7.633096 1487.900000 2677 0 1 98117 1883 [],[392]
7.633760 1491.400000 13746 0 1 98116 1884 [],[31254]
7.633763 1492.400000 95576 0 1 98115 1885 [],[156]
7.633841 1492.400000 16093 0 1 98114 1886 [],[619,11017]
7.634043 1492.800000 20016 0 1 98113 1887 [],[0]
7.634280 1493.100000 463 0 1 98112 1888 [],[6010,2]
7.634742 1496.200000 8312 0 1 98111 1889 [],[2677]
7.636353 1496.300000 35971 0 1 98110 1890 [],[7451]
7.637106 1496.300000 63983 0 1 98109 1891 [],[137]
7.638432 1496.300000 135 0 1 98108 1892 [],[318,1720,7023,27]
7.639176 1513.300000 9882 0 1 98107 1893 [],[6]
7.639919 1513.500000 48113 0 1 98106 1894 [],[2957]
7.640215 1513.600000 77771 0 1 98105 1895 [],[135]
7.640665 1513.700000 35521 0 1 98104 1896 [],[403]
7.641461 1513.900000 64605 0 1 98103 1897 [],[24]
7.641532 1514.000000 1614 0 1 98102 1898 [],[27]
7.643314 1514.700000 17224 0 1 98101 1899 [],[12533]
7.644145 1515.400000 4675 0 1 98100 1900 [],[19989]
7.645018 1515.700000 13013 0 1 98099 1901 [],[1212]
7.645503 1516.300000 46268 0 1 98098 1902 [],[18367]
7.645698 1516.300000 32084 0 1 98097 1903 [],[6]
7.646629 1516.500000 1360 0 1 98096 1904 [],[55]
7.646663 1518.300000 20533 0 1 98095 1905 [],[5]
7.648626 1518.500000 67624 0 1 98094 1906 [],[995]
7.650474 1518.500000 24083 0 1 98093 1907 [],[822]
7.652410 1519.300000 99181 0 1 98092 1908 [],[5026]
7.652805 1519.300000 61244 0 1 98091 1909 [],[0]
7.653308 1519.300000 226 0 1 98090 1910 [],[1,98]
7.655339 1521.600000 40242 0 1 98089 1911 [],[11593]
7.655923 1521.600000 38881 0 1 98088 1912 [],[12677]
7.656720 1521.600000 86169 0 1 98087 1913 [],[15]
7.659384 1521.600000 19485 0 1 98086 1914 [],[1]
7.659711 1521.800000 95220 0 1 98085 1915 [],[4992]
7.661102 1521.800000 1555 0 1 98084 1916 [],[10]
7.661605 1523.300000 15866 0 1 98083 1917 [],[2309]
7.661651 1523.400000 92892 0 1 98082 1918 [],[70000]
7.661729 1523.400000 86286 0 1 98081 1919 [],[95]
7.661833 1523.400000 90172 0 1 98080 1920 [],[135,17224]
7.661885 1523.200000 98457 0 1 98079 1921 [],[42571]
7.663199 1523.200000 45870 0 1 98078 1922 [],[465]
7.663358 1523.300000 24139 0 1 98077 1923 [],[737]
7.663372 1523.300000 78134 0 1 98076 1924 [],[47]
7.664654 1523.300000 66426 0 1 98075 1925 [],[36]
7.665202 1523.300000 13058 0 1 98074 1926 [],[64585,135]
7.665594 1523.700000 49130 0 1 98073 1927 [],[61]
7.666282 1523.700000 45965 0 1 98072 1928 [],[667]
7.667179 1523.700000 27497 0 1 98071 1929 [],[65]
7.667391 1523.700000 62550 0 1 98070 1930 [],[106]
7.668353 1523.700000 5349 0 1 98069 1931 [],[90]
7.668620 1524.700000 494 0 1 98068 1932 [],[10278,87768]
7.669027 1530.200000 29538 0 1 98067 1933 [],[13134]
7.669187 1530.200000 29587 0 1 98066 1934 [],[33177]
7.669285 1530.900000 89059 0 1 98065 1935 [],[304]
7.669523 1530.900000 34032 0 1 98064 1936 [],[1896]
7.669969 1530.900000 51919 0 1 98063 1937 [],[1380]
7.670920 1530.900000 13090 0 1 98062 1938 [],[36]
7.670934 1532.800000 53953 0 1 98061 1939 [],[13679]
7.671560 1532.900000 77397 0 1 98060 1940 [],[1006]
7.671755 1532.900000 2929 0 1 98059 1941 [],[44607,637]
7.672834 1533.100000 1332 0 1 98058 1942 [],[438]
7.672844 1534.900000 984 0 1 98057 1943 [],[2309,6]
7.674674 1537.300000 73286 0 1 98056 1944 [],[4767]
7.676906 1537.600000 9356 0 1 98055 1945 [],[458]
7.677875 1537.600000 24062 0 1 98054 1946 [],[0]
7.678124 1538.000000 86836 0 1 98053 1947 [],[1767]
7.679072 1538.000000 26002 0 1 98052 1948 [],[3603]
7.680209 1538.200000 36948 0 1 98051 1949 [],[1199]
7.680755 1538.500000 37168 0 1 98050 1950 [],[6671]
7.681750 1538.600000 91075 0 1 98049 1951 [],[0]
7.681810 1538.600000 32166 0 1 98048 1952 [],[14771]
7.683586 1538.600000 47161 0 1 98047 1953 [],[22331]
7.685333 1538.600000 46231 0 1 98046 1954 [],[58]
7.687813 1538.600000 92067 0 1 98045 1955 [],[167]
7.689283 1538.600000 35175 0 1 98044 1956 [],[0]
7.691356 1538.900000 483 0 1 98043 1957 [],[563,3675,6]
7.691765 1546.400000 24198 0 1 98042 1958 [],[5]
7.692780 1546.400000 4947 0 1 98041 1959 [],[391]
7.692786 1546.800000 5050 0 1 98040 1960 [],[2320]
7.693345 1547.000000 93442 0 1 98039 1961 [],[44]
7.693564 1547.000000 30993 0 1 98038 1962 [],[84031,0]
7.693944 1547.000000 10353 0 1 98037 1963 [],[3700]
7.695863 1547.800000 17832 0 1 98036 1964 [],[7]
7.696090 1548.100000 39743 0 1 98035 1965 [],[737]
7.696942 1548.100000 40435 0 1 98034 1966 [],[27768]
7.697134 1548.200000 44207 0 1 98033 1967 [],[822]
7.697219 1548.200000 8738 0 1 98032 1968 [],[135]
7.697671 1548.200000 55434 0 1 98031 1969 [],[18067]
7.698136 1548.200000 29119 0 1 98030 1970 [],[0]
7.698381 1548.200000 17294 0 1 98029 1971 [],[779]
7.698752 1548.600000 96355 0 1 98028 1972 [],[614]
7.700114 1548.600000 50233 0 1 98027 1973 [],[27965]
7.701221 1548.700000 89852 0 1 98026 1974 [],[20529]
7.702402 1548.700000 27590 0 1 98025 1975 [],[15]
7.702817 1549.100000 38533 0 1 98024 1976 [],[483]
7.703342 1549.100000 47397 0 1 98023 1977 [],[1389]
7.703462 1549.200000 13247 0 1 98022 1978 [],[53]
7.703486 1549.200000 30847 0 1 98021 1979 [],[6]
7.704498 1549.200000 34238 0 1 98020 1980 [],[35585]
7.704550 1549.300000 33912 0 1 98019 1981 [],[6632]
7.704640 1549.500000 24196 0 1 98018 1982 [],[1719]
7.705147 1549.600000 71761 0 1 98017 1983 [],[391]
7.706157 1549.600000 6565 0 1 98016 1984 [],[318,392]
7.706216 1549.500000 28763 0 1 98015 1985 [],[2552]
7.706559 1549.600000 68045 0 1 98014 1986 [],[10]
7.707127 1549.700000 67728 0 1 98013 1987 [],[514]
7.707188 1549.700000 6918 0 1 98012 1988 [],[1896]
7.707723 1550.000000 93816 0 1 98011 1989 [],[11866]
7.707959 1550.000000 41616 0 1 98010 1990 [],[563]
7.710237 1550.000000 91916 0 1 98009 1991 [],[1380]
7.710671 1550.000000 16478 0 1 98008 1992 [],[43]
7.713039 1550.200000 48104 0 1 98007 1993 [],[2263]
7.713058 1550.200000 5056 0 1 98006 1994 [],[47]
7.714689 1550.400000 32726 0 1 98005 1995 [],[0]
7.714821 1550.900000 14346 0 1 98004 1996 [],[61762]
7.714932 1551.400000 37631 0 1 98003 1997 [],[88999]
7.715014 1551.700000 5762 0 1 98002 1998 [],[6]
7.716312 1552.500000 79113 0 1 98001 1999 [],[86626]
7.716438 1552.700000 16331 0 1 98000 2000 [],[1,614]
