5.846253 0.200000 79727 0 1 99998 2 [],[99999]
6.943186 0.300000 3201 0 1 99997 3 [],[99999]
7.391349 1.600000 4977 0 1 99996 4 [],[3201]
7.470362 2.300000 32720 0 1 99995 5 [],[79727]
7.725055 2.600000 58082 0 1 99994 6 [],[4977]
8.288109 2.700000 133 0 1 99993 7 [],[3201]
8.464926 6.700000 2724 0 1 99992 8 [],[32720]
8.657124 7.400000 42476 0 1 99991 9 [],[133]
8.959721 7.400000 2508 0 1 99990 10 [],[2724]
8.986345 9.600000 108 0 1 99989 11 [],[133,3201]
8.992150 11.200000 1832 0 1 99988 12 [],[108]
9.031598 11.600000 2385 0 1 99987 13 [],[133]
9.101534 12.600000 6856 0 1 99986 14 [],[3201]
9.121295 12.800000 7997 0 1 99985 15 [],[108]
9.213633 13.100000 17892 0 1 99984 16 [],[2385]
9.219544 13.300000 42146 0 1 99983 17 [],[2385]
9.258216 13.400000 10783 0 1 99982 18 [],[2508]
9.294584 13.600000 1431 0 1 99981 19 [],[2724]
9.308177 15.000000 63556 0 1 99980 20 [],[2724]
9.309364 15.000000 95025 0 1 99979 21 [],[4977]
9.328528 15.000000 378 0 1 99978 22 [],[1832]
9.357072 22.200000 66242 0 1 99977 23 [],[2385]
9.431041 22.200000 90 0 1 99976 24 [],[79727]
9.443213 27.800000 51687 0 1 99975 25 [],[32720]
9.490148 27.900000 12502 0 1 99974 26 [],[378]
9.577333 28.200000 28987 0 1 99973 27 [],[378]
9.609588 28.200000 5752 0 1 99972 28 [],[2508]
9.663830 29.000000 47216 0 1 99971 29 [],[90]
9.679207 29.100000 597 0 1 99970 30 [],[2508]
9.736553 32.300000 91111 0 1 99969 31 [],[2724]
9.753010 32.300000 27438 0 1 99968 32 [],[378]
9.760989 32.400000 4644 0 1 99967 33 [],[90]
9.762604 35.200000 55300 0 1 99966 34 [],[597]
9.772813 35.200000 36878 0 1 99965 35 [],[17892]
9.849216 35.200000 343 0 1 99964 36 [],[55300]
9.869679 36.400000 37624 0 1 99963 37 [],[90]
9.911518 36.400000 68201 0 1 99962 38 [],[133]
9.925953 36.400000 7901 0 1 99961 39 [],[597]
9.929519 36.900000 50239 0 1 99960 40 [],[1832]
9.969044 36.900000 32561 0 1 99959 41 [],[2508]
9.973225 36.900000 31098 0 1 99958 42 [],[2724]
10.001680 37.200000 51312 0 1 99957 43 [],[90]
10.084581 37.300000 27065 0 1 99956 44 [],[4644]
10.098846 37.400000 4849 0 1 99955 45 [],[51312]
10.105687 39.100000 10134 0 1 99954 46 [],[32720]
10.178771 39.400000 71926 0 1 99953 47 [],[47216]
10.179458 39.400000 81009 0 1 99952 48 [],[7997]
10.198688 39.400000 14629 0 1 99951 49 [],[5752]
10.199434 39.700000 98748 0 1 99950 50 [],[378]
10.210155 39.700000 15266 0 1 99949 51 [],[597]
10.213359 40.100000 17764 0 1 99948 52 [],[4644]
10.232515 40.400000 42218 0 1 99947 53 [],[597]
10.238538 40.400000 955 0 1 99946 54 [],[108]
10.238730 40.900000 12308 0 1 99945 55 [],[2508]
10.250675 41.300000 18617 0 1 99944 56 [],[133]
10.266014 41.500000 45 0 1 99943 57 [],[108,343]
10.274009 67.900000 8443 0 1 99942 58 [],[108]
10.279827 68.100000 22813 0 1 99941 59 [],[90]
10.281715 68.300000 17050 0 1 99940 60 [],[90]
10.282296 69.100000 17031 0 1 99939 61 [],[90]
10.300631 69.300000 25965 0 1 99938 62 [],[4644]
10.300726 69.800000 43771 0 1 99937 63 [],[378]
10.301691 69.800000 2564 0 1 99936 64 [],[597]
10.304791 72.900000 16927 0 1 99935 65 [],[4849]
10.305204 73.200000 53542 0 1 99934 66 [],[2564]
10.315571 73.200000 234 0 1 99933 67 [],[45]
10.323248 74.200000 11516 0 1 99932 68 [],[45]
10.347252 74.300000 5279 0 1 99931 69 [],[45]
10.349817 76.300000 263 0 1 99930 70 [],[45]
10.381139 79.500000 78939 0 1 99929 71 [],[16927]
10.389169 79.500000 85295 0 1 99928 72 [],[45]
10.390387 79.500000 16747 0 1 99927 73 [],[8443]
10.399497 80.000000 67678 0 1 99926 74 [],[45]
10.404902 80.100000 30745 0 1 99925 75 [],[45]
10.408598 80.300000 34091 0 1 99924 76 [],[45]
10.413293 80.400000 1654 0 1 99923 77 [],[81009,45]
10.442917 84.600000 56722 0 1 99922 78 [],[234]
10.476658 84.700000 757 0 1 99921 79 [],[45]
10.485324 84.900000 44184 0 1 99920 80 [],[1654]
10.488251 85.200000 12268 0 1 99919 81 [],[133]
10.492662 85.700000 5082 0 1 99918 82 [],[45]
10.502194 86.200000 33922 0 1 99917 83 [],[343]
10.535472 86.300000 99732 0 1 99916 84 [],[22813]
10.538072 86.300000 40246 0 1 99915 85 [],[27438]
10.543827 86.300000 63224 0 1 99914 86 [],[16747]
10.571343 86.300000 71726 0 1 99913 87 [],[45]
10.590960 86.300000 29233 0 1 99912 88 [],[3201]
10.603250 86.600000 5745 0 1 99911 89 [],[3201]
10.615226 86.800000 15472 0 1 99910 90 [],[45]
10.636789 87.400000 773 0 1 99909 91 [],[15472]
10.693395 90.900000 77426 0 1 99908 92 [],[90]
10.697624 90.900000 71428 0 1 99907 93 [],[45]
10.703554 90.900000 23488 0 1 99906 94 [],[42146]
10.718103 91.600000 3173 0 1 99905 95 [],[773]
10.721761 91.900000 5554 0 1 99904 96 [],[378]
10.731632 92.300000 11537 0 1 99903 97 [],[378]
10.735115 92.500000 37137 0 1 99902 98 [],[34091]
10.749572 92.700000 82294 0 1 99901 99 [],[45]
10.809423 92.700000 35309 0 1 99900 100 [],[2508]
