0.727082 0.200000 17609 0 1 99998 2 [],[99999]
1.464301 0.700000 33644 0 1 99997 3 [],[17609]
1.653746 0.900000 95058 0 1 99996 4 [],[17609]
3.503224 1.000000 56871 0 1 99995 5 [],[99999]
4.741441 1.200000 135 0 1 99994 6 [],[17609]
4.790423 5.100000 2242 0 1 99993 7 [],[135]
4.834289 6.000000 37957 0 1 99992 8 [],[135]
5.073027 6.000000 50395 0 1 99991 9 [],[135]
5.241639 6.000000 63265 0 1 99990 10 [],[135]
5.515167 6.100000 3854 0 1 99989 11 [],[135]
5.531399 6.400000 3447 0 1 99988 12 [],[135]
5.689476 6.900000 98666 0 1 99987 13 [],[95058]
5.741230 6.900000 21493 0 1 99986 14 [],[135]
5.880394 7.500000 57258 0 1 99985 15 [],[3854]
5.957233 7.500000 39693 0 1 99984 16 [],[21493]
6.128932 7.700000 79361 0 1 99983 17 [],[135]
6.333337 7.700000 1374 0 1 99982 18 [],[2242]
6.392708 9.400000 86539 0 1 99981 19 [],[33644]
6.539574 9.500000 4 0 1 99980 20 [],[135]
6.540929 104.200000 75613 0 1 99979 21 [],[4]
6.551446 104.200000 47484 0 1 99978 22 [],[4]
6.555968 104.300000 17072 0 1 99977 23 [],[135]
6.556478 104.500000 59131 0 1 99976 24 [],[4]
6.606796 104.500000 84273 0 1 99975 25 [],[4]
6.624525 104.500000 50 0 1 99974 26 [],[4]
6.638635 109.100000 10169 0 1 99973 27 [],[4]
6.646522 109.600000 70839 0 1 99972 28 [],[4]
6.668311 109.700000 9442 0 1 99971 29 [],[4]
6.671220 110.300000 32152 0 1 99970 30 [],[3447]
6.672407 110.500000 50358 0 1 99969 31 [],[4]
6.691509 110.600000 2320 0 1 99968 32 [],[4]
6.699567 111.500000 60109 0 1 99967 33 [],[4]
6.713116 111.500000 767 0 1 99966 34 [],[4]
6.727244 116.100000 9720 0 1 99965 35 [],[4]
6.758761 116.100000 30650 0 1 99964 36 [],[4]
6.772897 116.200000 1022 0 1 99963 37 [],[4]
6.789473 117.000000 2933 0 1 99962 38 [],[4]
6.791088 117.800000 72446 0 1 99961 39 [],[4]
6.805719 117.900000 6242 0 1 99960 40 [],[4]
6.806563 118.000000 214 0 1 99959 41 [],[4]
6.808715 123.400000 13742 0 1 99958 42 [],[4]
6.808834 124.100000 8450 0 1 99957 43 [],[4]
6.820581 124.900000 7454 0 1 99956 44 [],[4]
6.825456 126.400000 5 0 1 99955 45 [],[4]
6.827560 168.900000 54989 0 1 99954 46 [],[21493]
6.828145 169.000000 88414 0 1 99953 47 [],[5]
6.840795 169.000000 2176 0 1 99952 48 [],[4]
6.843979 169.600000 10215 0 1 99951 49 [],[50395]
6.862123 169.900000 86286 0 1 99950 50 [],[4]
6.868455 169.900000 3733 0 1 99949 51 [],[5]
6.871466 171.700000 28977 0 1 99948 52 [],[5]
6.875315 172.000000 19432 0 1 99947 53 [],[70839]
6.875704 172.600000 51845 0 1 99946 54 [],[4]
6.883236 172.600000 97728 0 1 99945 55 [],[4]
6.898370 172.600000 10496 0 1 99944 56 [],[5]
6.913878 173.000000 2883 0 1 99943 57 [],[63265]
6.921858 173.900000 26257 0 1 99942 58 [],[4]
6.926227 173.900000 46159 0 1 99941 59 [],[4,7454]
6.927868 173.900000 39879 0 1 99940 60 [],[5]
6.932058 174.000000 28190 0 1 99939 61 [],[9442]
6.932106 174.000000 11440 0 1 99938 62 [],[2320]
6.933794 174.200000 66941 0 1 99937 63 [],[4]
6.944510 174.300000 58064 0 1 99936 64 [],[4]
6.954894 174.300000 9256 0 1 99935 65 [],[2320]
6.970083 174.500000 11211 0 1 99934 66 [],[4]
6.978521 174.500000 8484 0 1 99933 67 [],[4]
6.987986 175.200000 272 0 1 99932 68 [],[1022]
6.990441 184.300000 8273 0 1 99931 69 [],[17072]
6.996965 185.900000 53732 0 1 99930 70 [],[4]
7.001287 185.900000 19558 0 1 99929 71 [],[3733]
7.001850 185.900000 6045 0 1 99928 72 [],[5]
7.022892 186.800000 6089 0 1 99927 73 [],[4]
7.026039 187.400000 79387 0 1 99926 74 [],[10215]
7.030847 187.400000 28194 0 1 99925 75 [],[5]
7.034329 187.400000 17140 0 1 99924 76 [],[1374]
7.036319 187.500000 9368 0 1 99923 77 [],[4]
7.038622 187.700000 48186 0 1 99922 78 [],[5]
7.041248 187.900000 3451 0 1 99921 79 [],[4]
7.041357 188.800000 10534 0 1 99920 80 [],[4]
7.054225 188.900000 9083 0 1 99919 81 [],[4]
7.054871 188.900000 4164 0 1 99918 82 [],[4]
7.064459 190.400000 22181 0 1 99917 83 [],[4]
7.067703 190.500000 95852 0 1 99916 84 [],[5]
7.075589 190.500000 43897 0 1 99915 85 [],[5]
7.081558 190.800000 26581 0 1 99914 86 [],[4]
7.082124 191.100000 4435 0 1 99913 87 [],[5]
7.082603 191.500000 34607 0 1 99912 88 [],[5]
7.089606 191.900000 77448 0 1 99911 89 [],[214]
7.094416 191.900000 7777 0 1 99910 90 [],[4]
7.096079 192.100000 13693 0 1 99909 91 [],[4]
7.097701 192.200000 449 0 1 99908 92 [],[4]
7.099366 195.900000 43 0 1 99907 93 [],[4]
7.108784 210.900000 8547 0 1 99906 94 [],[11211]
7.112248 211.300000 53626 0 1 99905 95 [],[4]
7.116605 211.300000 43736 0 1 99904 96 [],[4]
7.121537 211.500000 17347 0 1 99903 97 [],[4]
7.125180 211.600000 70348 0 1 99902 98 [],[7454]
7.126756 211.600000 89932 0 1 99901 99 [],[4164,70839]
7.129733 211.400000 21608 0 1 99900 100 [],[5]
7.130150 211.700000 59625 0 1 99899 101 [],[4]
7.132726 211.700000 15630 0 1 99898 102 [],[7454]
7.138657 211.800000 86382 0 1 99897 103 [],[4164]
7.144668 211.800000 1821 0 1 99896 104 [],[4]
7.145743 213.500000 79629 0 1 99895 105 [],[4]
7.152865 213.600000 67629 0 1 99894 106 [],[272]
7.155459 213.600000 52576 0 1 99893 107 [],[4]
7.160321 213.600000 47205 0 1 99892 108 [],[214]
7.166101 213.700000 134 0 1 99891 109 [],[5,50]
7.173986 220.200000 87164 0 1 99890 110 [],[7454]
7.178139 220.200000 2422 0 1 99889 111 [],[43]
7.178935 220.200000 46009 0 1 99888 112 [],[4]
7.180989 220.200000 17966 0 1 99887 113 [],[4]
7.184635 220.200000 68826 0 1 99886 114 [],[4]
7.184820 220.200000 80793 0 1 99885 115 [],[4]
7.187698 220.300000 40105 0 1 99884 116 [],[5]
7.194719 220.400000 73804 0 1 99883 117 [],[5]
7.204773 220.400000 75790 0 1 99882 118 [],[39693]
7.208448 220.400000 91547 0 1 99881 119 [],[5]
7.211670 220.400000 29176 0 1 99880 120 [],[4]
7.220962 220.400000 1514 0 1 99879 121 [],[4]
7.220981 225.000000 30245 0 1 99878 122 [],[1821]
7.223248 225.100000 22734 0 1 99877 123 [],[5]
7.228335 225.200000 88854 0 1 99876 124 [],[4]
7.230759 225.300000 28264 0 1 99875 125 [],[449]
7.233282 225.600000 65159 0 1 99874 126 [],[4]
7.246570 225.700000 32041 0 1 99873 127 [],[26581]
7.250472 225.700000 97345 0 1 99872 128 [],[4]
7.256737 225.700000 27677 0 1 99871 129 [],[4]
7.260888 225.800000 6391 0 1 99870 130 [],[4]
7.263291 226.500000 16676 0 1 99869 131 [],[272]
7.264149 227.400000 15197 0 1 99868 132 [],[4]
7.266699 227.600000 37 0 1 99867 133 [],[5]
7.267988 249.100000 435 0 1 99866 134 [],[4]
7.268628 254.800000 53288 0 1 99865 135 [],[15197]
7.269180 254.800000 13806 0 1 99864 136 [],[134]
7.271294 254.800000 4157 0 1 99863 137 [],[48186]
7.272437 258.000000 73702 0 1 99862 138 [],[21608]
7.272502 258.000000 12960 0 1 99861 139 [],[4]
7.287102 258.200000 48006 0 1 99860 140 [],[272]
7.288707 258.200000 45480 0 1 99859 141 [],[4]
7.289255 258.200000 42492 0 1 99858 142 [],[1514]
7.294087 258.300000 22 0 1 99857 143 [],[1514,4]
7.294343 273.500000 1052 0 1 99856 144 [],[37]
7.297994 274.900000 23331 0 1 99855 145 [],[28977]
7.302836 275.700000 12 0 1 99854 146 [],[4157,4,5]
7.304509 311.900000 25740 0 1 99853 147 [],[43]
7.305210 311.900000 69469 0 1 99852 148 [],[22]
7.305568 311.900000 16726 0 1 99851 149 [],[1514]
7.307941 312.200000 2016 0 1 99850 150 [],[449]
7.313118 314.800000 6702 0 1 99849 151 [],[4157]
7.314331 315.500000 66603 0 1 99848 152 [],[4]
7.320563 315.500000 2800 0 1 99847 153 [],[4]
7.321765 315.900000 78784 0 1 99846 154 [],[43]
7.321828 315.900000 8763 0 1 99845 155 [],[12]
7.325020 316.300000 46698 0 1 99844 156 [],[12]
7.326478 316.300000 44190 0 1 99843 157 [],[435]
7.326743 316.300000 19227 0 1 99842 158 [],[4]
7.329305 316.700000 35011 0 1 99841 159 [],[4]
7.330293 316.800000 15509 0 1 99840 160 [],[4]
7.333428 316.900000 2763 0 1 99839 161 [],[22]
7.342588 317.300000 80275 0 1 99838 162 [],[5]
7.343473 317.300000 52367 0 1 99837 163 [],[4]
7.345179 317.300000 5682 0 1 99836 164 [],[214]
7.345322 319.300000 9558 0 1 99835 165 [],[435]
7.347558 320.000000 71823 0 1 99834 166 [],[37]
7.351420 320.000000 2806 0 1 99833 167 [],[4]
7.353463 320.600000 84783 0 1 99832 168 [],[5]
7.354584 320.600000 39458 0 1 99831 169 [],[4157]
7.357347 320.800000 90587 0 1 99830 170 [],[4157]
7.364244 320.800000 10465 0 1 99829 171 [],[435]
7.370367 321.500000 46232 0 1 99828 172 [],[22]
7.372746 321.500000 860 0 1 99827 173 [],[50]
7.372971 322.800000 16707 0 1 99826 174 [],[4,37]
7.373680 322.800000 10297 0 1 99825 175 [],[37]
7.374366 322.800000 7074 0 1 99824 176 [],[4]
7.375089 323.900000 34001 0 1 99823 177 [],[4]
7.387929 323.900000 80612 0 1 99822 178 [],[43]
7.393186 323.900000 4465 0 1 99821 179 [],[134]
7.393871 324.500000 1864 0 1 99820 180 [],[2176]
7.396467 326.800000 49109 0 1 99819 181 [],[8273]
7.396808 326.900000 2783 0 1 99818 182 [],[12]
7.399000 327.100000 16388 0 1 99817 183 [],[4]
7.403277 327.100000 67255 0 1 99816 184 [],[5]
7.405669 327.100000 37705 0 1 99815 185 [],[4]
7.405809 327.100000 19572 0 1 99814 186 [],[37]
7.407661 327.100000 80208 0 1 99813 187 [],[32152]
7.412838 327.100000 16610 0 1 99812 188 [],[272]
7.412851 327.400000 70330 0 1 99811 189 [],[5]
7.413557 327.400000 1342 0 1 99810 190 [],[22]
7.415266 327.700000 46398 0 1 99809 191 [],[1374]
7.417990 328.100000 71506 0 1 99808 192 [],[272]
7.419710 328.200000 1454 0 1 99807 193 [],[135]
7.425292 330.000000 2560 0 1 99806 194 [],[50]
7.427924 330.100000 8175 0 1 99805 195 [],[4]
7.428003 330.200000 57908 0 1 99804 196 [],[5]
7.428518 330.200000 13643 0 1 99803 197 [],[5]
7.439432 330.500000 671 0 1 99802 198 [],[4]
7.442928 333.400000 98014 0 1 99801 199 [],[43]
7.442962 333.400000 7545 0 1 99800 200 [],[272]
7.444630 333.600000 21719 0 1 99799 201 [],[22]
7.444758 333.600000 84132 0 1 99798 202 [],[22]
7.451492 333.600000 11791 0 1 99797 203 [],[134]
7.453195 333.800000 8499 0 1 99796 204 [],[449]
7.453393 334.300000 9879 0 1 99795 205 [],[4]
7.456181 334.400000 86049 0 1 99794 206 [],[72446]
7.457254 334.400000 8580 0 1 99793 207 [],[4]
7.461601 334.500000 6554 0 1 99792 208 [],[12]
7.469796 334.700000 48544 0 1 99791 209 [],[4]
7.471269 334.800000 567 0 1 99790 210 [],[4]
7.471885 336.100000 6631 0 1 99789 211 [],[22181]
7.480826 338.200000 30897 0 1 99788 212 [],[8273]
7.481413 338.200000 4059 0 1 99787 213 [],[37]
7.481503 339.400000 28006 0 1 99786 214 [],[12]
7.482735 339.500000 11323 0 1 99785 215 [],[37]
7.483245 339.600000 76872 0 1 99784 216 [],[9368]
7.484931 339.800000 2019 0 1 99783 217 [],[567]
7.487792 342.900000 45012 0 1 99782 218 [],[5]
7.490736 343.200000 7775 0 1 99781 219 [],[21608]
7.491293 344.800000 1314 0 1 99780 220 [],[88854]
7.492884 347.200000 88361 0 1 99779 221 [],[39879]
7.493847 347.200000 14428 0 1 99778 222 [],[43]
7.494734 347.600000 3472 0 1 99777 223 [],[4]
7.495009 347.700000 44569 0 1 99776 224 [],[4]
7.497019 348.100000 3783 0 1 99775 225 [],[43]
7.501346 349.700000 585 0 1 99774 226 [],[4]
7.506651 351.700000 97061 0 1 99773 227 [],[12]
7.522071 351.700000 51848 0 1 99772 228 [],[22]
7.523755 351.800000 79349 0 1 99771 229 [],[6631]
7.527271 351.800000 30291 0 1 99770 230 [],[3783]
7.530281 352.000000 7529 0 1 99769 231 [],[5]
7.531948 352.600000 28892 0 1 99768 232 [],[449]
7.539643 352.600000 7730 0 1 99767 233 [],[671]
7.543804 352.700000 14475 0 1 99766 234 [],[28264]
7.545689 353.700000 31469 0 1 99765 235 [],[4]
7.549974 353.900000 6512 0 1 99764 236 [],[43]
7.551271 354.400000 11465 0 1 99763 237 [],[4]
7.551662 355.000000 21410 0 1 99762 238 [],[50]
7.557152 355.000000 20687 0 1 99761 239 [],[4]
7.558940 355.000000 40560 0 1 99760 240 [],[5682]
7.561553 355.200000 37459 0 1 99759 241 [],[22]
7.562072 355.500000 80406 0 1 99758 242 [],[37]
7.562275 355.500000 16932 0 1 99757 243 [],[5]
7.564344 355.800000 10805 0 1 99756 244 [],[4]
7.565560 355.800000 10791 0 1 99755 245 [],[8450]
7.566527 357.100000 57356 0 1 99754 246 [],[272]
7.566602 357.100000 114 0 1 99753 247 [],[37]
7.571370 361.000000 45899 0 1 99752 248 [],[4]
7.573069 361.000000 96501 0 1 99751 249 [],[4]
7.575896 361.000000 31354 0 1 99750 250 [],[1514]
7.576899 361.100000 23472 0 1 99749 251 [],[19432]
7.586680 361.200000 58715 0 1 99748 252 [],[4]
7.589840 361.400000 8893 0 1 99747 253 [],[4]
7.590728 361.600000 11352 0 1 99746 254 [],[37]
7.596088 362.000000 56256 0 1 99745 255 [],[4]
7.597508 362.000000 45953 0 1 99744 256 [],[4]
7.600587 362.000000 31282 0 1 99743 257 [],[12]
7.607445 362.300000 242 0 1 99742 258 [],[4,43]
7.610086 367.400000 88758 0 1 99741 259 [],[6391]
7.612662 367.500000 86843 0 1 99740 260 [],[63265]
7.615033 367.500000 30292 0 1 99739 261 [],[214]
7.616228 367.700000 27663 0 1 99738 262 [],[12]
7.623324 368.600000 24468 0 1 99737 263 [],[5]
7.627237 368.800000 57580 0 1 99736 264 [],[4]
7.630710 368.800000 7090 0 1 99735 265 [],[16388]
7.635944 371.100000 59768 0 1 99734 266 [],[43]
7.636261 371.200000 42864 0 1 99733 267 [],[4]
7.637876 371.200000 44692 0 1 99732 268 [],[7529]
7.641948 371.200000 46012 0 1 99731 269 [],[12]
7.645664 371.200000 17513 0 1 99730 270 [],[11352]
7.648431 371.700000 76822 0 1 99729 271 [],[21493]
7.657472 371.700000 46141 0 1 99728 272 [],[9442]
7.658219 371.700000 52046 0 1 99727 273 [],[37]
7.660179 371.800000 42591 0 1 99726 274 [],[4]
7.664444 372.000000 9917 0 1 99725 275 [],[4]
7.664624 372.000000 1547 0 1 99724 276 [],[22]
7.667469 372.100000 1044 0 1 99723 277 [],[37]
7.669278 372.700000 31272 0 1 99722 278 [],[2016]
7.674130 372.800000 85458 0 1 99721 279 [],[4]
7.677742 372.800000 43938 0 1 99720 280 [],[37]
7.680026 372.800000 10923 0 1 99719 281 [],[4]
7.680160 373.600000 32194 0 1 99718 282 [],[12]
7.680716 374.000000 11324 0 1 99717 283 [],[12]
7.683427 374.200000 51153 0 1 99716 284 [],[3451]
7.684182 374.400000 54718 0 1 99715 285 [],[4]
7.685136 374.400000 5042 0 1 99714 286 [],[4]
7.687906 376.100000 39292 0 1 99713 287 [],[12]
7.694282 376.200000 32806 0 1 99712 288 [],[12]
7.697340 376.400000 91271 0 1 99711 289 [],[80793]
7.699161 376.400000 29134 0 1 99710 290 [],[242]
7.702645 376.600000 53217 0 1 99709 291 [],[10791]
7.702656 376.700000 73815 0 1 99708 292 [],[59768]
7.705687 376.700000 69043 0 1 99707 293 [],[4]
7.705795 376.700000 5153 0 1 99706 294 [],[4]
7.707321 376.700000 71183 0 1 99705 295 [],[5]
7.713912 376.800000 17678 0 1 99704 296 [],[12]
7.714919 377.200000 49898 0 1 99703 297 [],[4]
7.719731 377.400000 2170 0 1 99702 298 [],[12]
7.719774 378.300000 11913 0 1 99701 299 [],[5]
7.719847 378.700000 66928 0 1 99700 300 [],[272]
7.721159 378.800000 2070 0 1 99699 301 [],[214]
7.721490 379.700000 55788 0 1 99698 302 [],[22]
7.725135 379.800000 87403 0 1 99697 303 [],[4]
7.725213 379.800000 65258 0 1 99696 304 [],[5]
7.727907 379.800000 11648 0 1 99695 305 [],[37]
7.731333 380.100000 66327 0 1 99694 306 [],[55788]
7.731643 380.100000 16861 0 1 99693 307 [],[37,50]
7.731776 380.000000 87814 0 1 99692 308 [],[4]
7.737136 380.000000 45839 0 1 99691 309 [],[4]
7.740450 380.000000 56004 0 1 99690 310 [],[4]
7.740624 380.100000 10941 0 1 99689 311 [],[43938]
7.746323 380.600000 93584 0 1 99688 312 [],[5]
7.749035 380.600000 91968 0 1 99687 313 [],[76872]
7.749345 380.600000 3381 0 1 99686 314 [],[4]
7.753420 381.700000 94461 0 1 99685 315 [],[2016]
7.757102 381.700000 13100 0 1 99684 316 [],[2016]
7.758481 381.800000 53082 0 1 99683 317 [],[43]
7.758865 382.000000 64146 0 1 99682 318 [],[4157]
7.759130 382.100000 11906 0 1 99681 319 [],[4]
7.759577 382.900000 82425 0 1 99680 320 [],[5682]
7.760092 382.900000 64558 0 1 99679 321 [],[5]
7.760512 382.900000 29901 0 1 99678 322 [],[134]
7.764658 383.100000 68500 0 1 99677 323 [],[12]
7.765030 383.100000 12506 0 1 99676 324 [],[4]
7.766324 383.400000 95049 0 1 99675 325 [],[4]
7.768189 383.400000 10731 0 1 99674 326 [],[29134]
7.771335 383.600000 26476 0 1 99673 327 [],[4]
7.776905 384.100000 36601 0 1 99672 328 [],[5]
7.777337 384.100000 77641 0 1 99671 329 [],[22]
7.777985 384.100000 38319 0 1 99670 330 [],[2019]
7.778212 384.300000 24154 0 1 99669 331 [],[214]
7.779981 384.500000 99566 0 1 99668 332 [],[4]
7.780874 384.500000 79015 0 1 99667 333 [],[134]
7.781569 384.500000 5387 0 1 99666 334 [],[12]
7.781606 385.100000 69571 0 1 99665 335 [],[5]
7.785149 385.200000 19285 0 1 99664 336 [],[449]
7.790138 385.300000 36465 0 1 99663 337 [],[12]
7.792024 385.400000 16768 0 1 99662 338 [],[12]
7.793469 386.100000 15425 0 1 99661 339 [],[5042]
7.794579 386.600000 96702 0 1 99660 340 [],[17678]
7.795678 386.600000 44714 0 1 99659 341 [],[4]
7.800691 386.800000 39261 0 1 99658 342 [],[4]
7.803011 387.000000 28251 0 1 99657 343 [],[1454]
7.805532 387.100000 16656 0 1 99656 344 [],[4]
7.813430 387.100000 47761 0 1 99655 345 [],[12]
7.814396 387.100000 91662 0 1 99654 346 [],[671]
7.815229 387.100000 6599 0 1 99653 347 [],[5]
7.815651 387.800000 32164 0 1 99652 348 [],[2016]
7.817762 387.800000 7218 0 1 99651 349 [],[16676]
7.824428 388.100000 11058 0 1 99650 350 [],[4]
7.824687 388.900000 22238 0 1 99649 351 [],[12506]
7.828421 388.900000 10940 0 1 99648 352 [],[4465]
7.828557 389.400000 22725 0 1 99647 353 [],[4]
7.828905 389.600000 27228 0 1 99646 354 [],[5042]
7.829739 389.800000 8399 0 1 99645 355 [],[242]
7.832188 390.000000 84392 0 1 99644 356 [],[7775]
7.833114 390.000000 88714 0 1 99643 357 [],[2016]
7.834413 390.100000 20420 0 1 99642 358 [],[14428]
7.834552 390.300000 53135 0 1 99641 359 [],[39292]
7.835840 390.500000 7221 0 1 99640 360 [],[7090]
7.839266 390.600000 54299 0 1 99639 361 [],[5]
7.842366 390.700000 60780 0 1 99638 362 [],[4]
7.845787 390.700000 93361 0 1 99637 363 [],[585]
7.847621 390.700000 24329 0 1 99636 364 [],[5]
7.851544 390.700000 31559 0 1 99635 365 [],[1514]
7.856517 391.000000 98089 0 1 99634 366 [],[15630]
7.859775 391.000000 8518 0 1 99633 367 [],[48006]
7.861167 392.000000 41930 0 1 99632 368 [],[4]
7.862285 392.000000 28278 0 1 99631 369 [],[449]
7.862513 392.200000 82036 0 1 99630 370 [],[22]
7.862744 392.200000 22737 0 1 99629 371 [],[4]
7.865167 392.500000 30539 0 1 99628 372 [],[10923]
7.873857 392.600000 3411 0 1 99627 373 [],[1864]
7.880874 393.000000 7490 0 1 99626 374 [],[134]
7.881552 393.500000 78611 0 1 99625 375 [],[272,2883]
7.884105 393.300000 80573 0 1 99624 376 [],[7775]
7.886633 393.300000 47616 0 1 99623 377 [],[43]
7.886695 393.300000 47031 0 1 99622 378 [],[134]
7.887833 393.300000 23176 0 1 99621 379 [],[10169]
7.900455 393.900000 16687 0 1 99620 380 [],[767]
7.901139 394.000000 9429 0 1 99619 381 [],[4]
7.902894 394.200000 3408 0 1 99618 382 [],[1514]
7.904084 394.700000 86432 0 1 99617 383 [],[4]
7.907096 394.700000 8082 0 1 99616 384 [],[6512]
7.907836 395.800000 15897 0 1 99615 385 [],[43]
7.913481 395.900000 1646 0 1 99614 386 [],[6045]
7.915351 396.600000 24058 0 1 99613 387 [],[4]
7.920442 396.600000 42937 0 1 99612 388 [],[4]
7.924517 396.800000 3153 0 1 99611 389 [],[37]
7.926467 398.300000 53179 0 1 99610 390 [],[1044]
7.927755 398.300000 95 0 1 99609 391 [],[5]
7.928419 402.700000 18834 0 1 99608 392 [],[30245,1514]
7.936730 403.200000 67319 0 1 99607 393 [],[4]
7.937045 403.200000 23531 0 1 99606 394 [],[4059]
7.941583 404.000000 51263 0 1 99605 395 [],[4]
7.943756 404.000000 98116 0 1 99604 396 [],[18834]
7.949601 404.000000 443 0 1 99603 397 [],[45480]
7.949696 406.200000 30003 0 1 99602 398 [],[14428]
7.949935 406.400000 38243 0 1 99601 399 [],[4]
7.952011 406.400000 97984 0 1 99600 400 [],[214]
7.952030 406.400000 81226 0 1 99599 401 [],[5]
7.955202 406.400000 136 0 1 99598 402 [],[43]
7.957092 416.700000 2928 0 1 99597 403 [],[214]
7.958634 417.500000 65577 0 1 99596 404 [],[860]
7.958695 417.500000 5242 0 1 99595 405 [],[12]
7.958728 419.400000 88642 0 1 99594 406 [],[7490]
7.961552 419.400000 1628 0 1 99593 407 [],[5]
7.962403 419.700000 144 0 1 99592 408 [],[22]
7.963313 425.300000 18655 0 1 99591 409 [],[22]
7.966500 425.400000 91530 0 1 99590 410 [],[135]
7.969434 425.600000 184 0 1 99589 411 [],[443,136]
7.970380 436.200000 18604 0 1 99588 412 [],[2016]
7.970677 436.300000 34139 0 1 99587 413 [],[12]
7.973935 436.700000 40763 0 1 99586 414 [],[4]
7.977301 436.700000 19999 0 1 99585 415 [],[5]
7.979863 437.000000 28411 0 1 99584 416 [],[4]
7.980954 437.100000 35766 0 1 99583 417 [],[6391]
7.984486 437.400000 94374 0 1 99582 418 [],[17678]
7.985663 437.400000 6067 0 1 99581 419 [],[21410]
7.987041 440.200000 1207 0 1 99580 420 [],[22]
7.998960 441.900000 62728 0 1 99579 421 [],[5]
7.999610 442.200000 47566 0 1 99578 422 [],[31282]
7.999818 442.400000 11954 0 1 99577 423 [],[4]
8.000038 442.800000 4137 0 1 99576 424 [],[37]
8.000593 443.700000 63516 0 1 99575 425 [],[144]
8.006046 443.800000 43359 0 1 99574 426 [],[5242]
8.007817 443.800000 29537 0 1 99573 427 [],[22]
8.010840 443.800000 23724 0 1 99572 428 [],[134]
8.012893 444.000000 27615 0 1 99571 429 [],[10169]
8.019614 444.200000 31400 0 1 99570 430 [],[4]
8.020002 444.400000 5843 0 1 99569 431 [],[12]
8.036669 444.800000 29395 0 1 99568 432 [],[22]
8.040369 444.800000 89148 0 1 99567 433 [],[17513]
8.042836 444.800000 68473 0 1 99566 434 [],[5]
8.043635 444.800000 5033 0 1 99565 435 [],[449]
8.045493 445.600000 19474 0 1 99564 436 [],[4]
8.046593 445.900000 25499 0 1 99563 437 [],[242]
8.051373 445.900000 14042 0 1 99562 438 [],[67319]
8.053586 446.100000 3233 0 1 99561 439 [],[37]
8.054431 447.300000 472 0 1 99560 440 [],[22]
8.057722 448.200000 79165 0 1 99559 441 [],[43]
8.059068 448.200000 5526 0 1 99558 442 [],[12]
8.064826 448.900000 34391 0 1 99557 443 [],[4]
8.064995 449.200000 54573 0 1 99556 444 [],[443]
8.065256 449.300000 1883 0 1 99555 445 [],[95]
8.066867 450.300000 92704 0 1 99554 446 [],[4]
8.067010 450.300000 87927 0 1 99553 447 [],[43]
8.068182 450.400000 16779 0 1 99552 448 [],[5682]
8.068419 450.400000 6919 0 1 99551 449 [],[3233]
8.069739 450.400000 67020 0 1 99550 450 [],[12]
8.069915 450.400000 445 0 1 99549 451 [],[33644]
8.074212 453.300000 67874 0 1 99548 452 [],[11913]
8.078536 453.300000 70023 0 1 99547 453 [],[5]
8.079341 453.400000 14005 0 1 99546 454 [],[65159]
8.079459 453.700000 4065 0 1 99545 455 [],[5,43]
8.081959 455.400000 57181 0 1 99544 456 [],[449]
8.087836 455.400000 76065 0 1 99543 457 [],[3451]
8.089347 455.500000 41332 0 1 99542 458 [],[8273]
8.092896 455.500000 61171 0 1 99541 459 [],[18834]
8.105438 455.500000 20342 0 1 99540 460 [],[4]
8.107950 455.800000 34349 0 1 99539 461 [],[4]
8.112180 456.000000 7013 0 1 99538 462 [],[5]
8.114767 457.000000 75066 0 1 99537 463 [],[14005]
8.117597 457.100000 3070 0 1 99536 464 [],[43]
8.125807 458.100000 4482 0 1 99535 465 [],[4]
8.127469 458.100000 80598 0 1 99534 466 [],[43]
8.129254 458.200000 334 0 1 99533 467 [],[50]
8.131055 461.300000 38 0 1 99532 468 [],[4]
8.131634 471.600000 8017 0 1 99531 469 [],[445]
8.137470 472.100000 40421 0 1 99530 470 [],[3472]
8.138422 472.200000 23521 0 1 99529 471 [],[5]
8.142154 472.500000 93046 0 1 99528 472 [],[71183]
8.144065 472.500000 54904 0 1 99527 473 [],[5]
8.145485 472.500000 18450 0 1 99526 474 [],[43]
8.147018 472.700000 19094 0 1 99525 475 [],[443]
8.147801 473.000000 53381 0 1 99524 476 [],[4]
8.147825 473.000000 4659 0 1 99523 477 [],[6512]
8.148100 473.600000 5014 0 1 99522 478 [],[472]
8.154601 474.400000 81865 0 1 99521 479 [],[136]
8.159843 474.500000 60287 0 1 99520 480 [],[8273]
8.161865 474.600000 72226 0 1 99519 481 [],[4,5]
8.161994 474.400000 83501 0 1 99518 482 [],[43897]
8.163865 474.400000 6178 0 1 99517 483 [],[37]
8.165827 475.200000 6 0 1 99516 484 [],[22,43,334,1314,4]
8.168050 507.500000 238 0 1 99515 485 [],[567]
8.169307 510.200000 252 0 1 99514 486 [],[5]
8.171799 512.200000 21865 0 1 99513 487 [],[767]
8.187221 512.800000 46758 0 1 99512 488 [],[4]
8.187433 513.000000 48216 0 1 99511 489 [],[11323]
8.189388 513.000000 31330 0 1 99510 490 [],[114]
8.193209 513.000000 74710 0 1 99509 491 [],[144]
8.202852 513.000000 2334 0 1 99508 492 [],[5]
8.208044 514.700000 3689 0 1 99507 493 [],[3451]
8.210746 515.500000 46028 0 1 99506 494 [],[37]
8.210898 515.500000 19287 0 1 99505 495 [],[6]
8.213691 515.700000 99020 0 1 99504 496 [],[445]
8.215083 515.700000 35679 0 1 99503 497 [],[585]
8.215361 515.700000 38698 0 1 99502 498 [],[144]
8.218813 515.800000 45692 0 1 99501 499 [],[449]
8.221483 515.800000 12850 0 1 99500 500 [],[45953]
8.223004 516.500000 25240 0 1 99499 501 [],[671]
8.224497 516.700000 14003 0 1 99498 502 [],[136]
8.224823 517.000000 55046 0 1 99497 503 [],[9256]
8.230120 517.000000 10513 0 1 99496 504 [],[65577]
8.231374 517.800000 3633 0 1 99495 505 [],[37]
8.231811 518.400000 53031 0 1 99494 506 [],[1454]
8.232520 518.400000 48580 0 1 99493 507 [],[6]
8.232705 518.400000 12224 0 1 99492 508 [],[37]
8.237140 518.600000 26222 0 1 99491 509 [],[2334]
8.237820 518.600000 4221 0 1 99490 510 [],[242]
8.237913 518.900000 95868 0 1 99489 511 [],[6178]
8.242050 518.900000 2665 0 1 99488 512 [],[37]
8.243597 518.900000 19148 0 1 99487 513 [],[12]
8.244828 519.200000 62577 0 1 99486 514 [],[5]
8.245142 519.200000 3441 0 1 99485 515 [],[37]
8.247787 519.600000 32049 0 1 99484 516 [],[71183,21608]
8.247851 519.600000 2971 0 1 99483 517 [],[242]
8.250534 520.300000 72480 0 1 99482 518 [],[11954]
8.250685 520.300000 2480 0 1 99481 519 [],[860]
8.251209 521.000000 95399 0 1 99480 520 [],[6067]
8.253868 521.000000 11057 0 1 99479 521 [],[43]
8.254950 521.600000 65338 0 1 99478 522 [],[37]
8.255839 521.700000 15477 0 1 99477 523 [],[4]
8.255914 521.800000 7537 0 1 99476 524 [],[1514]
8.258442 523.000000 98095 0 1 99475 525 [],[12]
8.259799 523.000000 34970 0 1 99474 526 [],[10791]
8.259939 523.600000 19291 0 1 99473 527 [],[4]
8.263299 523.700000 3277 0 1 99472 528 [],[4]
8.264185 524.300000 630 0 1 99471 529 [],[5]
8.266369 525.600000 3337 0 1 99470 530 [],[3233]
8.269802 525.700000 70684 0 1 99469 531 [],[5682]
8.269981 525.700000 12529 0 1 99468 532 [],[4065]
8.270358 525.700000 38902 0 1 99467 533 [],[10940]
8.273271 525.700000 33595 0 1 99466 534 [],[31354]
8.273645 526.000000 29309 0 1 99465 535 [],[134]
8.276136 526.300000 68830 0 1 99464 536 [],[19094]
8.279104 526.300000 25452 0 1 99463 537 [],[11465]
8.279375 526.500000 17932 0 1 99462 538 [],[9429]
8.279611 527.600000 68195 0 1 99461 539 [],[1044]
8.280379 527.700000 2577 0 1 99460 540 [],[2928]
8.280775 528.900000 14219 0 1 99459 541 [],[38]
8.284099 529.500000 8525 0 1 99458 542 [],[4]
8.284379 530.100000 23756 0 1 99457 543 [],[2883]
8.284463 530.300000 29482 0 1 99456 544 [],[14475]
8.286799 530.300000 11701 0 1 99455 545 [],[2334]
8.288931 531.000000 949 0 1 99454 546 [],[1052]
8.292568 534.500000 51316 0 1 99453 547 [],[6]
8.293974 534.800000 5502 0 1 99452 548 [],[4]
8.296730 535.900000 35944 0 1 99451 549 [],[4]
8.299888 536.300000 24900 0 1 99450 550 [],[8450]
8.301616 536.300000 10158 0 1 99449 551 [],[445]
8.302849 536.700000 81891 0 1 99448 552 [],[4]
8.306132 536.700000 26164 0 1 99447 553 [],[12]
8.306979 537.000000 36307 0 1 99446 554 [],[5]
8.306999 537.000000 61666 0 1 99445 555 [],[15509]
8.308189 537.000000 7193 0 1 99444 556 [],[14219]
8.309424 538.100000 212 0 1 99443 557 [],[37]
8.316436 541.200000 2922 0 1 99442 558 [],[135]
8.316729 542.600000 24998 0 1 99441 559 [],[7454]
8.317418 542.700000 52321 0 1 99440 560 [],[5]
8.318747 542.700000 8452 0 1 99439 561 [],[214]
8.320819 543.400000 20014 0 1 99438 562 [],[97984]
8.322797 544.000000 76045 0 1 99437 563 [],[6]
8.326260 544.100000 19828 0 1 99436 564 [],[97728]
8.328004 545.100000 18223 0 1 99435 565 [],[767]
8.328123 545.500000 89381 0 1 99434 566 [],[95399]
8.328261 545.600000 4014 0 1 99433 567 [],[12]
8.330071 546.200000 93077 0 1 99432 568 [],[19999]
8.330306 546.200000 97492 0 1 99431 569 [],[4157]
8.330421 546.200000 53460 0 1 99430 570 [],[4]
8.332197 546.200000 42127 0 1 99429 571 [],[4]
8.332326 546.500000 11863 0 1 99428 572 [],[7775]
8.333639 547.600000 46612 0 1 99427 573 [],[12]
8.334843 547.700000 37985 0 1 99426 574 [],[5]
8.335861 547.700000 50531 0 1 99425 575 [],[4]
8.336565 548.000000 74063 0 1 99424 576 [],[12]
8.342303 548.000000 78263 0 1 99423 577 [],[2320]
8.343424 548.000000 7226 0 1 99422 578 [],[435]
8.344773 548.200000 89807 0 1 99421 579 [],[13742]
8.345662 548.200000 46729 0 1 99420 580 [],[242]
8.346738 548.400000 509 0 1 99419 581 [],[54989,134]
8.347299 552.400000 7234 0 1 99418 582 [],[14005]
8.348996 553.700000 28231 0 1 99417 583 [],[6]
8.351435 553.800000 12098 0 1 99416 584 [],[144]
8.352460 554.000000 32545 0 1 99415 585 [],[8518]
8.353522 554.400000 24605 0 1 99414 586 [],[767]
8.355174 554.400000 12249 0 1 99413 587 [],[4]
8.355332 554.900000 647 0 1 99412 588 [],[242]
8.355781 557.400000 48647 0 1 99411 589 [],[136]
8.356091 557.700000 88385 0 1 99410 590 [],[1454]
8.357366 557.700000 78595 0 1 99409 591 [],[5042]
8.360357 557.700000 36752 0 1 99408 592 [],[5]
8.360890 557.700000 86791 0 1 99407 593 [],[6]
8.361516 557.700000 3918 0 1 99406 594 [],[5]
8.368691 558.700000 16502 0 1 99405 595 [],[6]
8.373080 559.300000 52856 0 1 99404 596 [],[1052]
8.373101 559.400000 27049 0 1 99403 597 [],[435]
8.378147 559.400000 4146 0 1 99402 598 [],[11352,37]
8.379289 559.900000 2514 0 1 99401 599 [],[114]
8.379419 562.500000 88052 0 1 99400 600 [],[5]
8.382475 562.500000 15410 0 1 99399 601 [],[37]
8.383437 563.100000 86621 0 1 99398 602 [],[242]
8.385508 563.100000 4038 0 1 99397 603 [],[435]
8.386265 563.200000 33797 0 1 99396 604 [],[5]
8.387106 563.300000 57968 0 1 99395 605 [],[5,144]
8.387170 563.200000 82923 0 1 99394 606 [],[1022]
8.388883 563.200000 40863 0 1 99393 607 [],[435]
8.390813 563.400000 91919 0 1 99392 608 [],[12]
8.392475 563.400000 61415 0 1 99391 609 [],[19828]
8.394517 563.400000 20262 0 1 99390 610 [],[37]
8.395702 563.500000 78634 0 1 99389 611 [],[45012]
8.396113 563.500000 27771 0 1 99388 612 [],[12]
8.396475 563.600000 80014 0 1 99387 613 [],[6067]
8.396524 563.700000 95621 0 1 99386 614 [],[4]
8.397183 563.700000 41285 0 1 99385 615 [],[1514]
8.397415 563.700000 51248 0 1 99384 616 [],[6]
8.400451 563.700000 14370 0 1 99383 617 [],[7775]
8.400477 563.900000 47278 0 1 99382 618 [],[134]
8.401908 564.500000 60383 0 1 99381 619 [],[6]
8.402023 564.600000 38430 0 1 99380 620 [],[1628]
8.402461 564.700000 29772 0 1 99379 621 [],[1514]
8.404850 564.800000 35507 0 1 99378 622 [],[37]
8.407501 565.200000 54290 0 1 99377 623 [],[2514]
8.408578 565.300000 51900 0 1 99376 624 [],[435]
8.411300 565.300000 72171 0 1 99375 625 [],[445]
8.412043 565.400000 5523 0 1 99374 626 [],[5387]
8.414949 566.000000 186 0 1 99373 627 [],[6]
8.415171 571.900000 74135 0 1 99372 628 [],[5]
8.416204 571.900000 80683 0 1 99371 629 [],[334]
8.416572 571.900000 53658 0 1 99370 630 [],[37]
8.417015 571.900000 38951 0 1 99369 631 [],[6]
8.418209 572.000000 13654 0 1 99368 632 [],[88052]
8.419277 573.100000 71896 0 1 99367 633 [],[949]
8.422636 573.300000 28131 0 1 99366 634 [],[22]
8.424499 573.400000 98198 0 1 99365 635 [],[4]
8.425972 573.400000 29831 0 1 99364 636 [],[252]
8.426252 573.700000 5602 0 1 99363 637 [],[242]
8.430640 573.700000 18591 0 1 99362 638 [],[24154]
8.430721 574.000000 38308 0 1 99361 639 [],[3381]
8.433258 574.000000 21055 0 1 99360 640 [],[37]
8.433442 574.000000 40852 0 1 99359 641 [],[4]
8.435687 574.400000 65610 0 1 99358 642 [],[767]
8.436480 574.400000 66287 0 1 99357 643 [],[6067]
8.439138 574.400000 50590 0 1 99356 644 [],[5]
8.439672 574.400000 683 0 1 99355 645 [],[37,272]
8.444877 575.900000 16339 0 1 99354 646 [],[860]
8.445790 576.300000 4518 0 1 99353 647 [],[1022]
8.448829 576.300000 71676 0 1 99352 648 [],[62728]
8.449031 576.300000 36956 0 1 99351 649 [],[20014]
8.453305 576.300000 25615 0 1 99350 650 [],[186]
8.454459 576.300000 30868 0 1 99349 651 [],[43]
8.455110 576.600000 87417 0 1 99348 652 [],[4]
8.455848 576.600000 38057 0 1 99347 653 [],[40763]
8.456332 576.700000 50972 0 1 99346 654 [],[272]
8.457220 576.700000 1773 0 1 99345 655 [],[5]
8.459141 579.100000 35685 0 1 99344 656 [],[23331]
8.462817 579.100000 20043 0 1 99343 657 [],[3918]
8.463597 579.100000 44201 0 1 99342 658 [],[38]
8.465214 579.200000 46397 0 1 99341 659 [],[8082]
8.465397 579.200000 57894 0 1 99340 660 [],[238]
8.467583 579.300000 83705 0 1 99339 661 [],[5]
8.469355 579.300000 4087 0 1 99338 662 [],[1773]
8.469888 579.400000 71648 0 1 99337 663 [],[47484]
8.470785 579.400000 42908 0 1 99336 664 [],[12]
8.475640 579.400000 152 0 1 99335 665 [],[3733,22]
8.477188 593.300000 63340 0 1 99334 666 [],[7221]
8.477189 593.300000 23 0 1 99333 667 [],[4]
8.477867 600.700000 51730 0 1 99332 668 [],[12]
8.480614 601.000000 24245 0 1 99331 669 [],[38]
8.481999 601.000000 8659 0 1 99330 670 [],[435]
8.482128 601.300000 10251 0 1 99329 671 [],[12850]
8.482878 601.900000 90224 0 1 99328 672 [],[435]
8.484865 601.900000 11398 0 1 99327 673 [],[22]
8.484972 603.200000 88729 0 1 99326 674 [],[6]
8.485916 603.200000 16328 0 1 99325 675 [],[671]
8.486829 603.200000 7772 0 1 99324 676 [],[9256]
8.488883 604.000000 1376 0 1 99323 677 [],[134]
8.489317 604.500000 45782 0 1 99322 678 [],[152]
8.489722 604.800000 2009 0 1 99321 679 [],[4]
8.492610 605.600000 1202 0 1 99320 680 [],[2422,4]
8.492645 606.300000 15073 0 1 99319 681 [],[134]
8.495561 606.400000 12796 0 1 99318 682 [],[5]
8.497286 606.800000 52337 0 1 99317 683 [],[47566]
8.497650 607.000000 6689 0 1 99316 684 [],[4]
8.497990 607.100000 4702 0 1 99315 685 [],[5]
8.498540 608.600000 50856 0 1 99314 686 [],[5]
8.502918 608.600000 61990 0 1 99313 687 [],[272]
8.503894 608.700000 54872 0 1 99312 688 [],[12]
8.504954 608.700000 757 0 1 99311 689 [],[4,43]
8.505209 611.700000 86 0 1 99310 690 [],[212,2665,8580,22,37]
8.506754 625.400000 18208 0 1 99309 691 [],[22]
8.508358 625.600000 9057 0 1 99308 692 [],[86]
8.508677 625.600000 9777 0 1 99307 693 [],[6]
8.509542 626.000000 4648 0 1 99306 694 [],[6,4146]
8.510134 626.000000 14240 0 1 99305 695 [],[12,7234]
8.514905 626.100000 31959 0 1 99304 696 [],[5242]
8.515969 626.200000 92715 0 1 99303 697 [],[68195]
8.517371 626.200000 52371 0 1 99302 698 [],[46612]
8.518709 626.500000 22098 0 1 99301 699 [],[2480]
8.521090 626.700000 83420 0 1 99300 700 [],[9777]
8.523448 626.700000 49587 0 1 99299 701 [],[4]
8.524018 626.900000 10790 0 1 99298 702 [],[4]
8.524380 628.000000 13416 0 1 99297 703 [],[46758]
8.527161 628.100000 544 0 1 99296 704 [],[5]
8.527786 628.900000 58613 0 1 99295 705 [],[4]
8.534399 628.900000 221 0 1 99294 706 [],[22,50]
8.534917 633.200000 13946 0 1 99293 707 [],[19572]
8.537745 633.800000 15240 0 1 99292 708 [],[13654]
8.538086 633.800000 1090 0 1 99291 709 [],[43]
8.538182 633.900000 38456 0 1 99290 710 [],[949]
8.540780 634.000000 3024 0 1 99289 711 [],[37]
8.541574 634.000000 83781 0 1 99288 712 [],[4]
8.543677 634.000000 40381 0 1 99287 713 [],[1052]
8.543748 634.000000 9217 0 1 99286 714 [],[5]
8.545686 634.400000 5267 0 1 99285 715 [],[4]
8.545805 635.000000 57601 0 1 99284 716 [],[86]
8.549175 635.000000 37396 0 1 99283 717 [],[43]
8.555708 635.000000 52858 0 1 99282 718 [],[5]
8.557733 635.000000 1330 0 1 99281 719 [],[6]
8.557964 635.900000 13513 0 1 99280 720 [],[4]
8.559376 636.100000 96513 0 1 99279 721 [],[27677]
8.561710 636.100000 59706 0 1 99278 722 [],[242]
8.564240 636.100000 64055 0 1 99277 723 [],[8484]
8.564659 636.100000 36366 0 1 99276 724 [],[29831]
8.564834 636.300000 44132 0 1 99275 725 [],[2019]
8.569746 636.600000 77718 0 1 99274 726 [],[184]
8.570334 636.600000 35149 0 1 99273 727 [],[7454]
8.575264 636.700000 105 0 1 99272 728 [],[12]
8.575722 644.100000 68048 0 1 99271 729 [],[647]
8.577230 644.100000 50769 0 1 99270 730 [],[86]
8.579225 644.300000 37795 0 1 99269 731 [],[9558]
8.579278 644.300000 98360 0 1 99268 732 [],[40560]
8.579999 644.300000 9113 0 1 99267 733 [],[647]
8.581616 645.500000 8369 0 1 99266 734 [],[4]
8.581938 645.600000 88686 0 1 99265 735 [],[9113]
8.583989 645.600000 34999 0 1 99264 736 [],[4]
8.585320 645.700000 11435 0 1 99263 737 [],[5]
8.585534 646.300000 39486 0 1 99262 738 [],[43]
8.587616 646.800000 71200 0 1 99261 739 [],[6]
8.591508 646.800000 88154 0 1 99260 740 [],[144]
8.593665 646.800000 84902 0 1 99259 741 [],[6]
8.594047 646.800000 65092 0 1 99258 742 [],[22]
8.595144 646.800000 93769 0 1 99257 743 [],[152]
8.597777 646.800000 98684 0 1 99256 744 [],[15410]
8.598448 646.800000 109 0 1 99255 745 [],[5,12]
8.600731 650.700000 3133 0 1 99254 746 [],[4]
8.602050 651.900000 3 0 1 99253 747 [],[4,37,66928]
8.602953 680.600000 21067 0 1 99252 748 [],[92715]
8.606800 680.900000 23527 0 1 99251 749 [],[10791]
8.607334 680.900000 10103 0 1 99250 750 [],[184]
8.607627 681.200000 18515 0 1 99249 751 [],[1044]
8.608225 681.600000 7859 0 1 99248 752 [],[4]
8.609537 681.900000 15372 0 1 99247 753 [],[3,7090]
8.610144 681.900000 49833 0 1 99246 754 [],[544]
8.610438 681.900000 46267 0 1 99245 755 [],[12]
8.612771 681.900000 29935 0 1 99244 756 [],[4164]
8.614776 682.000000 87993 0 1 99243 757 [],[12]
8.615048 682.000000 7814 0 1 99242 758 [],[4]
8.616645 682.600000 27253 0 1 99241 759 [],[38]
8.616758 683.000000 968 0 1 99240 760 [],[5]
8.616796 685.500000 35192 0 1 99239 761 [],[23]
8.618203 685.600000 1722 0 1 99238 762 [],[6]
8.619889 687.500000 61819 0 1 99237 763 [],[12]
8.620566 687.800000 33413 0 1 99236 764 [],[6]
8.622564 687.800000 10778 0 1 99235 765 [],[5,6067]
8.623526 687.900000 69285 0 1 99234 766 [],[238]
8.624397 688.000000 3789 0 1 99233 767 [],[4]
8.627208 688.800000 3105 0 1 99232 768 [],[10513]
8.627595 689.900000 58013 0 1 99231 769 [],[767]
8.629175 690.000000 3748 0 1 99230 770 [],[3]
8.629293 690.700000 14143 0 1 99229 771 [],[4]
8.630702 690.700000 40552 0 1 99228 772 [],[23]
8.634926 690.800000 1435 0 1 99227 773 [],[60780]
8.636143 692.100000 25220 0 1 99226 774 [],[272]
8.640022 692.100000 30661 0 1 99225 775 [],[10941]
8.641467 692.100000 6362 0 1 99224 776 [],[6]
8.646958 692.100000 75738 0 1 99223 777 [],[43]
8.648398 692.100000 34161 0 1 99222 778 [],[3]
8.648708 692.100000 4279 0 1 99221 779 [],[30292]
8.648768 693.900000 93781 0 1 99220 780 [],[214]
8.649854 694.000000 74668 0 1 99219 781 [],[3070]
8.650903 694.000000 16919 0 1 99218 782 [],[3]
8.651129 694.200000 57993 0 1 99217 783 [],[6631]
8.651232 694.200000 13840 0 1 99216 784 [],[12]
8.655904 694.200000 22689 0 1 99215 785 [],[4]
8.656361 694.500000 33779 0 1 99214 786 [],[17513]
8.659590 694.700000 9712 0 1 99213 787 [],[11954]
8.660274 695.100000 4380 0 1 99212 788 [],[109]
8.662878 695.400000 6293 0 1 99211 789 [],[7074]
8.663182 698.000000 480 0 1 99210 790 [],[2763]
8.667818 699.300000 94607 0 1 99209 791 [],[136]
8.670541 699.300000 3147 0 1 99208 792 [],[1314]
8.671177 699.300000 99941 0 1 99207 793 [],[46159]
8.672128 699.300000 37116 0 1 99206 794 [],[272]
8.672328 699.500000 62595 0 1 99205 795 [],[43]
8.678922 699.500000 84031 0 1 99204 796 [],[630]
8.679078 699.500000 13233 0 1 99203 797 [],[21067]
8.683564 699.700000 9150 0 1 99202 798 [],[5682]
8.684310 700.200000 6358 0 1 99201 799 [],[6]
8.685965 700.200000 14191 0 1 99200 800 [],[3]
8.686714 700.300000 65 0 1 99199 801 [],[13654,37]
8.689030 715.200000 16621 0 1 99198 802 [],[49587]
8.689370 715.500000 34653 0 1 99197 803 [],[152]
8.690136 715.500000 51842 0 1 99196 804 [],[4]
8.690178 715.500000 60824 0 1 99195 805 [],[6]
8.691327 715.600000 425 0 1 99194 806 [],[7730]
8.697754 723.400000 598 0 1 99193 807 [],[37]
8.700118 725.600000 35600 0 1 99192 808 [],[78595]
8.700813 725.800000 14504 0 1 99191 809 [],[12,43]
8.703758 725.800000 58623 0 1 99190 810 [],[105]
8.704280 725.900000 57254 0 1 99189 811 [],[184]
8.705521 726.300000 9105 0 1 99188 812 [],[968]
8.707749 727.000000 71673 0 1 99187 813 [],[95]
8.708108 727.200000 47097 0 1 99186 814 [],[1864]
8.709736 727.300000 51351 0 1 99185 815 [],[2070]
8.711674 727.300000 3857 0 1 99184 816 [],[1376]
8.711716 727.700000 31525 0 1 99183 817 [],[8450]
8.713735 727.800000 59178 0 1 99182 818 [],[8484]
8.714402 727.900000 27048 0 1 99181 819 [],[52337]
8.717953 728.100000 73529 0 1 99180 820 [],[4]
8.718902 728.100000 68310 0 1 99179 821 [],[4]
8.720680 728.100000 36838 0 1 99178 822 [],[4]
8.723211 728.300000 954 0 1 99177 823 [],[50358,214]
8.723237 728.300000 62933 0 1 99176 824 [],[4164]
8.723609 728.400000 89522 0 1 99175 825 [],[88714]
8.727572 728.400000 1603 0 1 99174 826 [],[4]
8.727840 728.700000 25414 0 1 99173 827 [],[480]
8.727867 728.700000 35466 0 1 99172 828 [],[4146]
8.728192 728.700000 2018 0 1 99171 829 [],[221]
8.729427 729.600000 26034 0 1 99170 830 [],[2922]
8.729847 729.800000 66937 0 1 99169 831 [],[4]
8.732174 729.900000 40585 0 1 99168 832 [],[22]
8.732391 730.000000 2125 0 1 99167 833 [],[3]
8.732742 731.400000 47331 0 1 99166 834 [],[12]
8.733114 731.700000 26873 0 1 99165 835 [],[152]
8.733137 731.800000 42684 0 1 99164 836 [],[5]
8.733268 732.000000 1002 0 1 99163 837 [],[12]
8.734160 737.300000 85413 0 1 99162 838 [],[37]
8.734637 737.300000 60407 0 1 99161 839 [],[4]
8.735256 737.300000 43046 0 1 99160 840 [],[23]
8.735669 737.400000 35678 0 1 99159 841 [],[59768]
8.736688 737.600000 28003 0 1 99158 842 [],[6067]
8.736765 737.600000 31375 0 1 99157 843 [],[65]
8.741585 737.600000 60675 0 1 99156 844 [],[144]
8.741872 737.700000 582 0 1 99155 845 [],[767,135]
8.742206 739.500000 74401 0 1 99154 846 [],[4059]
8.744617 739.500000 27424 0 1 99153 847 [],[95]
8.744737 739.600000 34335 0 1 99152 848 [],[2019]
8.746386 739.800000 25472 0 1 99151 849 [],[23]
8.747414 740.100000 2458 0 1 99150 850 [],[19999]
8.748016 742.900000 15946 0 1 99149 851 [],[1514]
8.748864 742.900000 71445 0 1 99148 852 [],[13742]
8.750751 742.900000 16825 0 1 99147 853 [],[3783]
8.752576 743.200000 52712 0 1 99146 854 [],[43736]
8.752854 743.300000 6664 0 1 99145 855 [],[8082]
8.752932 743.900000 16403 0 1 99144 856 [],[28892]
8.753735 744.000000 75033 0 1 99143 857 [],[51730]
8.754404 744.100000 59765 0 1 99142 858 [],[12]
8.755874 744.100000 40827 0 1 99141 859 [],[757]
8.756240 744.100000 438 0 1 99140 860 [],[3,184]
8.757904 748.300000 27328 0 1 99139 861 [],[35766]
8.758102 748.700000 8305 0 1 99138 862 [],[5]
8.758657 749.100000 5829 0 1 99137 863 [],[37]
8.760626 750.800000 84903 0 1 99136 864 [],[186]
8.762287 750.800000 4803 0 1 99135 865 [],[2458]
8.763118 751.600000 13883 0 1 99134 866 [],[4659]
8.763470 752.500000 97806 0 1 99133 867 [],[37]
8.764198 752.500000 23042 0 1 99132 868 [],[6]
8.765556 752.700000 31788 0 1 99131 869 [],[1821]
8.767129 752.800000 52112 0 1 99130 870 [],[443]
8.767356 752.800000 9421 0 1 99129 871 [],[6067]
8.769265 753.200000 3247 0 1 99128 872 [],[3105]
8.769587 753.500000 50843 0 1 99127 873 [],[2016]
8.771308 754.000000 96690 0 1 99126 874 [],[4]
8.772339 754.000000 97195 0 1 99125 875 [],[7013]
8.772451 754.000000 15350 0 1 99124 876 [],[37]
8.772661 754.500000 16200 0 1 99123 877 [],[62933]
8.774881 755.100000 44262 0 1 99122 878 [],[43]
8.776097 755.100000 68772 0 1 99121 879 [],[949]
8.776770 755.400000 684 0 1 99120 880 [],[89381]
8.776958 759.300000 8826 0 1 99119 881 [],[5829]
8.779562 759.400000 1037 0 1 99118 882 [],[3408]
8.781097 763.400000 12813 0 1 99117 883 [],[2170]
8.783496 763.600000 97166 0 1 99116 884 [],[4]
8.784664 763.600000 66269 0 1 99115 885 [],[3]
8.784942 763.600000 42862 0 1 99114 886 [],[598]
8.786491 763.600000 31225 0 1 99113 887 [],[5502]
8.787304 763.700000 91719 0 1 99112 888 [],[4]
8.787650 763.700000 3120 0 1 99111 889 [],[12]
8.787884 764.400000 95648 0 1 99110 890 [],[184]
8.792149 764.400000 33758 0 1 99109 891 [],[96501]
8.792241 764.900000 78188 0 1 99108 892 [],[1037]
8.793842 765.000000 396 0 1 99107 893 [],[5]
8.794136 765.700000 67891 0 1 99106 894 [],[671]
8.795148 765.800000 45146 0 1 99105 895 [],[16768]
8.795169 765.900000 13275 0 1 99104 896 [],[14370]
8.797164 766.900000 63122 0 1 99103 897 [],[4]
8.797783 766.900000 4397 0 1 99102 898 [],[221]
8.798282 767.100000 35793 0 1 99101 899 [],[6]
8.799020 767.200000 5314 0 1 99100 900 [],[4]
8.800535 768.400000 93213 0 1 99099 901 [],[4157]
8.800604 768.500000 746 0 1 99098 902 [],[42127]
8.800758 771.300000 8702 0 1 99097 903 [],[6,43]
8.801453 771.900000 3646 0 1 99096 904 [],[746]
8.801844 772.600000 153 0 1 99095 905 [],[51248]
8.804539 781.300000 36964 0 1 99094 906 [],[3689]
8.810064 781.300000 24219 0 1 99093 907 [],[968]
8.811052 781.600000 19383 0 1 99092 908 [],[4]
8.811077 782.100000 17463 0 1 99091 909 [],[4]
8.811130 782.100000 75694 0 1 99090 910 [],[46729]
8.811253 782.100000 37630 0 1 99089 911 [],[435]
8.811527 782.600000 668 0 1 99088 912 [],[16621,109]
8.811798 790.400000 37055 0 1 99087 913 [],[3070]
8.813388 790.400000 45280 0 1 99086 914 [],[6]
8.814373 790.400000 17509 0 1 99085 915 [],[20014]
8.816859 791.000000 1874 0 1 99084 916 [],[6,252]
8.817077 791.300000 21628 0 1 99083 917 [],[3]
8.817281 791.500000 24730 0 1 99082 918 [],[43]
8.817623 791.700000 10728 0 1 99081 919 [],[22]
8.819126 792.100000 54488 0 1 99080 920 [],[12]
8.819369 792.100000 1087 0 1 99079 921 [],[43,684]
8.819714 793.500000 29169 0 1 99078 922 [],[8499]
8.820063 793.600000 78764 0 1 99077 923 [],[136]
8.823288 793.600000 29380 0 1 99076 924 [],[12]
8.825138 794.000000 72108 0 1 99075 925 [],[1087]
8.826053 794.000000 66066 0 1 99074 926 [],[1514]
8.826959 794.000000 97675 0 1 99073 927 [],[34391]
8.828280 794.000000 57758 0 1 99072 928 [],[24730]
8.829062 794.300000 1080 0 1 99071 929 [],[435]
8.829079 798.900000 25833 0 1 99070 930 [],[11058]
8.829385 798.900000 62 0 1 99069 931 [],[3]
8.831051 806.900000 61145 0 1 99068 932 [],[152]
8.831364 806.900000 39903 0 1 99067 933 [],[78263,4]
8.832632 806.900000 65674 0 1 99066 934 [],[152]
8.833311 806.900000 33067 0 1 99065 935 [],[5]
8.833916 807.100000 57940 0 1 99064 936 [],[43]
8.834318 807.100000 83868 0 1 99063 937 [],[184]
8.835611 807.100000 1070 0 1 99062 938 [],[26476,153]
8.835941 807.900000 90136 0 1 99061 939 [],[1330]
8.837893 807.900000 51417 0 1 99060 940 [],[8017]
8.838677 808.000000 79756 0 1 99059 941 [],[4]
8.839295 808.000000 38477 0 1 99058 942 [],[425]
8.842868 808.000000 97052 0 1 99057 943 [],[48647]
8.842930 808.000000 86224 0 1 99056 944 [],[7090]
8.843105 808.000000 34960 0 1 99055 945 [],[4]
8.847195 808.100000 15027 0 1 99054 946 [],[11906]
8.847840 808.500000 6853 0 1 99053 947 [],[684]
8.848286 808.700000 78830 0 1 99052 948 [],[65]
8.848527 808.900000 9583 0 1 99051 949 [],[6]
8.850260 809.600000 13111 0 1 99050 950 [],[7772]
8.851323 810.000000 46334 0 1 99049 951 [],[4]
8.853801 810.200000 53731 0 1 99048 952 [],[5]
8.854215 810.500000 92734 0 1 99047 953 [],[18223]
8.856475 810.500000 58 0 1 99046 954 [],[1002,38]
8.857791 814.300000 41135 0 1 99045 955 [],[1773]
8.859514 814.400000 49616 0 1 99044 956 [],[2577]
8.861638 814.700000 38768 0 1 99043 957 [],[425]
8.862180 814.700000 88825 0 1 99042 958 [],[2458]
8.862617 814.700000 53189 0 1 99041 959 [],[544]
8.862728 814.800000 27830 0 1 99040 960 [],[438]
8.863104 814.900000 25834 0 1 99039 961 [],[23]
8.863158 815.100000 71115 0 1 99038 962 [],[4]
8.864421 815.100000 42867 0 1 99037 963 [],[2070]
8.866401 815.100000 29231 0 1 99036 964 [],[2806]
8.866903 815.100000 26384 0 1 99035 965 [],[6]
8.867464 815.300000 83120 0 1 99034 966 [],[20014]
8.867707 815.300000 23293 0 1 99033 967 [],[105]
8.868050 815.600000 2859 0 1 99032 968 [],[4,949]
8.870089 816.600000 62985 0 1 99031 969 [],[4]
8.872488 816.600000 17305 0 1 99030 970 [],[334]
8.873831 816.900000 10490 0 1 99029 971 [],[91547]
8.874847 818.100000 69648 0 1 99028 972 [],[98116]
8.875154 818.200000 86994 0 1 99027 973 [],[1070]
8.875640 818.200000 28343 0 1 99026 974 [],[65]
8.879556 818.700000 90080 0 1 99025 975 [],[152]
8.880087 818.800000 98190 0 1 99024 976 [],[6]
8.884945 818.800000 89930 0 1 99023 977 [],[767]
8.885625 818.800000 90166 0 1 99022 978 [],[105]
8.886736 818.800000 1901 0 1 99021 979 [],[6]
8.886997 821.800000 9585 0 1 99020 980 [],[38]
8.888637 822.000000 68405 0 1 99019 981 [],[3646]
8.890835 822.000000 67787 0 1 99018 982 [],[4]
8.891126 822.000000 45152 0 1 99017 983 [],[5]
8.891692 822.100000 61338 0 1 99016 984 [],[1773]
8.892317 822.200000 352 0 1 99015 985 [],[425,184]
8.892347 827.900000 61948 0 1 99014 986 [],[12]
8.894881 828.000000 71959 0 1 99013 987 [],[1070]
8.895512 828.000000 12081 0 1 99012 988 [],[6]
8.897468 828.500000 77271 0 1 99011 989 [],[2016]
8.900470 828.500000 88412 0 1 99010 990 [],[242]
8.901329 828.600000 98 0 1 99009 991 [],[38319]
8.902345 836.500000 58222 0 1 99008 992 [],[22]
8.903188 836.500000 52078 0 1 99007 993 [],[50843]
8.911447 836.500000 41905 0 1 99006 994 [],[37]
8.911561 836.600000 21970 0 1 99005 995 [],[2016]
8.911811 836.600000 44419 0 1 99004 996 [],[12]
8.911964 836.600000 558 0 1 99003 997 [],[37]
8.912006 839.000000 52820 0 1 99002 998 [],[12]
8.912337 839.000000 38357 0 1 99001 999 [],[443]
8.914472 839.500000 18736 0 1 99000 1000 [],[52112]
