2.310235 0.200000 90006 0 1 99998 2 [],[99999]
5.609437 0.300000 36539 0 1 99997 3 [],[99999]
6.222468 0.800000 45934 0 1 99996 4 [],[36539]
6.903778 0.800000 15507 0 1 99995 5 [],[36539]
7.387093 1.000000 45602 0 1 99994 6 [],[15507]
9.029894 1.200000 19714 0 1 99993 7 [],[45602]
9.293219 1.400000 280 0 1 99992 8 [],[90006]
9.392660 16.700000 34043 0 1 99991 9 [],[280]
9.451037 16.900000 31917 0 1 99990 10 [],[280]
9.504169 16.900000 46506 0 1 99989 11 [],[280]
9.543212 16.900000 9718 0 1 99988 12 [],[280]
9.591372 17.000000 52628 0 1 99987 13 [],[280]
9.609192 17.000000 8050 0 1 99986 14 [],[46506]
9.657925 18.400000 42665 0 1 99985 15 [],[280]
9.666801 18.500000 36813 0 1 99984 16 [],[280]
9.685105 18.800000 9723 0 1 99983 17 [],[280]
9.764889 19.000000 24012 0 1 99982 18 [],[280]
9.773807 19.600000 52158 0 1 99981 19 [],[280]
9.848781 19.700000 24653 0 1 99980 20 [],[280]
9.995768 20.000000 63604 0 1 99979 21 [],[280]
10.063524 20.000000 9878 0 1 99978 22 [],[280]
10.072627 20.800000 16291 0 1 99977 23 [],[280]
10.249232 21.300000 82924 0 1 99976 24 [],[280]
10.289333 21.300000 88131 0 1 99975 25 [],[42665]
10.299148 21.300000 3402 0 1 99974 26 [],[280]
10.427692 22.600000 6720 0 1 99973 27 [],[280]
10.555591 23.100000 823 0 1 99972 28 [],[280]
10.612353 24.800000 3587 0 1 99971 29 [],[280]
10.615600 25.400000 97047 0 1 99970 30 [],[24653]
10.649001 25.400000 16909 0 1 99969 31 [],[280]
10.664937 25.700000 25888 0 1 99968 32 [],[280]
10.667627 26.200000 32299 0 1 99967 33 [],[16291]
10.679744 26.300000 71001 0 1 99966 34 [],[8050]
10.727870 26.300000 81835 0 1 99965 35 [],[280]
10.757112 26.300000 26050 0 1 99964 36 [],[280]
10.791226 26.500000 85303 0 1 99963 37 [],[8050]
10.827474 26.500000 34910 0 1 99962 38 [],[9878]
10.829943 26.800000 32822 0 1 99961 39 [],[280]
10.840865 26.800000 52845 0 1 99960 40 [],[34910]
10.871885 26.800000 98381 0 1 99959 41 [],[3402]
10.892420 26.800000 29409 0 1 99958 42 [],[32299]
10.934843 27.100000 28307 0 1 99957 43 [],[8050]
10.946781 27.500000 97165 0 1 99956 44 [],[280]
10.971763 27.500000 82995 0 1 99955 45 [],[280]
10.979878 27.500000 29472 0 1 99954 46 [],[9878]
10.990024 27.600000 87453 0 1 99953 47 [],[3402]
11.017802 27.700000 30 0 1 99952 48 [],[97047]
11.064078 45.400000 90848 0 1 99951 49 [],[8050]
11.090762 45.500000 16937 0 1 99950 50 [],[30]
11.129507 45.700000 76 0 1 99949 51 [],[9718]
11.144256 58.100000 16328 0 1 99948 52 [],[30]
11.146962 59.000000 48756 0 1 99947 53 [],[24012]
11.163294 59.000000 2910 0 1 99946 54 [],[30]
11.164010 60.300000 21844 0 1 99945 55 [],[76]
11.180546 60.700000 47789 0 1 99944 56 [],[280]
11.226265 60.800000 88852 0 1 99943 57 [],[76]
11.250607 60.800000 84588 0 1 99942 58 [],[30]
11.276510 60.800000 9704 0 1 99941 59 [],[19714]
11.294322 61.500000 8374 0 1 99940 60 [],[16937]
11.314805 62.000000 11105 0 1 99939 61 [],[3402]
11.358489 62.400000 99061 0 1 99938 62 [],[280]
11.383376 62.400000 63118 0 1 99937 63 [],[26050]
11.453029 62.400000 46837 0 1 99936 64 [],[30]
11.493520 62.500000 10412 0 1 99935 65 [],[76]
11.501955 62.500000 658 0 1 99934 66 [],[30]
11.528389 64.900000 48393 0 1 99933 67 [],[658]
11.551782 64.900000 17857 0 1 99932 68 [],[76]
11.575909 65.000000 64505 0 1 99931 69 [],[28307]
11.632058 65.000000 26145 0 1 99930 70 [],[280]
11.642528 65.100000 667 0 1 99929 71 [],[280]
11.644929 68.700000 65513 0 1 99928 72 [],[30]
11.666140 68.700000 19831 0 1 99927 73 [],[16291]
11.666571 68.700000 2311 0 1 99926 74 [],[47789]
11.671645 76.000000 81799 0 1 99925 75 [],[16328]
11.696949 76.000000 30941 0 1 99924 76 [],[280]
11.711709 76.100000 40268 0 1 99923 77 [],[32299]
11.751837 76.200000 1925 0 1 99922 78 [],[280]
11.763234 76.400000 448 0 1 99921 79 [],[280]
11.803077 79.500000 67144 0 1 99920 80 [],[40268]
11.804578 79.600000 1401 0 1 99919 81 [],[3587]
11.807607 81.300000 23823 0 1 99918 82 [],[30]
11.813383 81.300000 41932 0 1 99917 83 [],[30]
11.818456 81.500000 5225 0 1 99916 84 [],[3402]
11.820286 83.000000 59069 0 1 99915 85 [],[30]
11.835812 83.200000 24711 0 1 99914 86 [],[9704]
11.854868 83.200000 59955 0 1 99913 87 [],[76]
11.868695 83.200000 25210 0 1 99912 88 [],[81799]
11.874712 83.600000 95175 0 1 99911 89 [],[658]
11.875208 83.600000 44260 0 1 99910 90 [],[658]
11.876325 83.700000 53199 0 1 99909 91 [],[16328]
11.879574 84.100000 7965 0 1 99908 92 [],[2311]
11.892648 84.200000 23334 0 1 99907 93 [],[21844]
11.901880 84.300000 54731 0 1 99906 94 [],[25888]
11.931287 84.300000 33659 0 1 99905 95 [],[280]
12.026265 84.500000 43247 0 1 99904 96 [],[2311]
12.032787 84.600000 13634 0 1 99903 97 [],[16291]
12.036882 85.200000 40728 0 1 99902 98 [],[2311]
12.050154 85.400000 72294 0 1 99901 99 [],[280]
12.068946 85.400000 94717 0 1 99900 100 [],[30]
12.070307 85.400000 94986 0 1 99899 101 [],[280]
12.070422 85.400000 62711 0 1 99898 102 [],[21844]
12.072987 85.500000 79151 0 1 99897 103 [],[76]
12.082421 85.500000 51700 0 1 99896 104 [],[76]
12.100750 85.600000 87153 0 1 99895 105 [],[8050]
12.108988 85.600000 67235 0 1 99894 106 [],[30]
12.126308 85.600000 736 0 1 99893 107 [],[7965]
12.128551 89.500000 438 0 1 99892 108 [],[76]
12.146145 97.900000 41222 0 1 99891 109 [],[76]
12.155963 98.000000 40570 0 1 99890 110 [],[9723]
12.197503 98.000000 9700 0 1 99889 111 [],[280]
12.200931 98.600000 25351 0 1 99888 112 [],[667]
12.204002 98.600000 29308 0 1 99887 113 [],[2910]
12.236965 98.700000 3521 0 1 99886 114 [],[2311]
12.237249 99.300000 82565 0 1 99885 115 [],[16328]
12.242443 99.400000 6637 0 1 99884 116 [],[76]
12.244182 100.100000 63373 0 1 99883 117 [],[30]
12.272499 100.100000 60099 0 1 99882 118 [],[280]
12.294379 100.200000 24576 0 1 99881 119 [],[280]
12.299072 100.300000 41889 0 1 99880 120 [],[76]
12.312216 100.900000 54082 0 1 99879 121 [],[280]
12.336277 100.900000 32298 0 1 99878 122 [],[2311]
12.343790 101.200000 19986 0 1 99877 123 [],[54082]
12.352881 101.400000 13113 0 1 99876 124 [],[76]
12.402552 102.100000 71434 0 1 99875 125 [],[5225]
12.409747 102.100000 77891 0 1 99874 126 [],[9878]
12.418793 102.100000 80334 0 1 99873 127 [],[30]
12.432902 102.100000 1275 0 1 99872 128 [],[736]
12.443404 103.000000 18897 0 1 99871 129 [],[76]
12.444184 103.200000 19168 0 1 99870 130 [],[658]
12.447995 104.100000 4485 0 1 99869 131 [],[2311]
12.454519 104.400000 17526 0 1 99868 132 [],[76]
12.458298 104.500000 1764 0 1 99867 133 [],[30]
12.467623 108.000000 27033 0 1 99866 134 [],[2311]
12.487271 108.200000 2237 0 1 99865 135 [],[280]
12.492360 109.000000 52202 0 1 99864 136 [],[2910]
12.496075 109.000000 80602 0 1 99863 137 [],[823]
12.499045 109.100000 43346 0 1 99862 138 [],[63118]
12.503206 109.200000 8395 0 1 99861 139 [],[30]
12.510305 109.700000 33495 0 1 99860 140 [],[736]
12.524754 109.800000 264 0 1 99859 141 [],[30]
12.526253 112.400000 57701 0 1 99858 142 [],[280]
12.526783 112.400000 53663 0 1 99857 143 [],[24012]
12.540485 112.700000 4111 0 1 99856 144 [],[448]
12.558203 113.200000 29972 0 1 99855 145 [],[438]
12.562987 114.000000 36812 0 1 99854 146 [],[19168]
12.574028 114.000000 57597 0 1 99853 147 [],[76]
12.585922 114.100000 84934 0 1 99852 148 [],[98381]
12.587124 114.200000 75780 0 1 99851 149 [],[62711]
12.591023 114.300000 8401 0 1 99850 150 [],[1401]
12.602332 115.100000 22449 0 1 99849 151 [],[280]
12.602876 115.700000 31955 0 1 99848 152 [],[1401]
12.633372 116.400000 24941 0 1 99847 153 [],[280]
12.635220 116.500000 21376 0 1 99846 154 [],[30]
12.641342 116.900000 8158 0 1 99845 155 [],[438]
12.642621 117.300000 35807 0 1 99844 156 [],[2311]
12.642925 117.400000 86393 0 1 99843 157 [],[736]
12.652677 117.500000 71900 0 1 99842 158 [],[438]
12.653505 117.500000 12788 0 1 99841 159 [],[30]
12.654143 118.000000 59738 0 1 99840 160 [],[2311]
12.657841 118.000000 2935 0 1 99839 161 [],[280,658]
12.672738 118.500000 73883 0 1 99838 162 [],[3402]
12.682290 118.600000 76570 0 1 99837 163 [],[21844]
12.683156 118.600000 1503 0 1 99836 164 [],[76]
12.684949 120.200000 86020 0 1 99835 165 [],[24012]
12.685299 120.200000 61699 0 1 99834 166 [],[30]
12.686379 120.200000 94121 0 1 99833 167 [],[667]
12.691690 120.200000 11378 0 1 99832 168 [],[667]
12.699259 120.600000 79153 0 1 99831 169 [],[76]
12.722566 120.700000 9046 0 1 99830 170 [],[40570]
12.759040 121.400000 7345 0 1 99829 171 [],[2910]
12.759364 122.700000 55776 0 1 99828 172 [],[448]
12.792356 122.800000 92481 0 1 99827 173 [],[76]
12.797226 122.800000 89400 0 1 99826 174 [],[1401]
12.822923 122.800000 71060 0 1 99825 175 [],[448]
12.835585 122.800000 17178 0 1 99824 176 [],[438]
12.836590 122.900000 38923 0 1 99823 177 [],[76]
12.841412 123.200000 36374 0 1 99822 178 [],[76]
12.846655 123.500000 15313 0 1 99821 179 [],[3521]
12.858420 123.800000 76946 0 1 99820 180 [],[30]
12.875101 123.800000 63258 0 1 99819 181 [],[76]
12.879910 123.800000 89737 0 1 99818 182 [],[438]
12.888548 123.800000 92019 0 1 99817 183 [],[22449]
12.897462 123.800000 63177 0 1 99816 184 [],[76]
12.901540 123.800000 24228 0 1 99815 185 [],[76]
12.904062 124.100000 2800 0 1 99814 186 [],[280,736]
12.904636 125.800000 45891 0 1 99813 187 [],[280]
12.905090 126.100000 1794 0 1 99812 188 [],[2910]
12.907622 128.800000 8765 0 1 99811 189 [],[2311]
12.939048 129.000000 21607 0 1 99810 190 [],[438]
12.939811 129.200000 80955 0 1 99809 191 [],[9704]
12.942082 129.200000 7747 0 1 99808 192 [],[438]
12.948768 129.600000 19374 0 1 99807 193 [],[1764]
12.955878 130.100000 51891 0 1 99806 194 [],[2311]
12.963577 130.200000 49552 0 1 99805 195 [],[438]
12.964032 130.300000 31784 0 1 99804 196 [],[3521]
12.968649 130.800000 36304 0 1 99803 197 [],[31784]
12.986553 130.800000 61351 0 1 99802 198 [],[25888]
12.998448 131.000000 617 0 1 99801 199 [],[438]
13.007827 132.300000 88005 0 1 99800 200 [],[30]
13.011122 132.300000 44222 0 1 99799 201 [],[9878]
13.023678 132.300000 12277 0 1 99798 202 [],[30]
13.045237 133.100000 22562 0 1 99797 203 [],[51700]
13.049568 133.600000 29458 0 1 99796 204 [],[30]
13.063286 133.700000 30129 0 1 99795 205 [],[280]
13.063974 134.200000 17952 0 1 99794 206 [],[30]
13.067116 134.400000 8850 0 1 99793 207 [],[30]
13.071796 134.600000 58055 0 1 99792 208 [],[30]
13.094307 134.600000 10653 0 1 99791 209 [],[448]
13.106385 135.400000 20896 0 1 99790 210 [],[1764]
13.109186 135.700000 36876 0 1 99789 211 [],[22449]
13.109552 135.900000 9503 0 1 99788 212 [],[667]
13.115164 136.300000 1762 0 1 99787 213 [],[30]
13.122203 137.800000 6559 0 1 99786 214 [],[438]
13.138358 138.000000 18055 0 1 99785 215 [],[30]
13.140663 138.000000 86443 0 1 99784 216 [],[24653]
13.144577 138.000000 55732 0 1 99783 217 [],[76]
13.145773 138.100000 54779 0 1 99782 218 [],[21376]
13.160087 138.100000 67118 0 1 99781 219 [],[71900]
13.170063 138.200000 58897 0 1 99780 220 [],[30]
13.170953 138.300000 97477 0 1 99779 221 [],[30]
13.178096 138.300000 34718 0 1 99778 222 [],[30]
13.179340 138.300000 4862 0 1 99777 223 [],[280]
13.191950 139.200000 11351 0 1 99776 224 [],[823]
13.207715 139.900000 61023 0 1 99775 225 [],[2935]
13.207986 140.000000 49 0 1 99774 226 [],[30]
13.209895 144.800000 9120 0 1 99773 227 [],[30]
13.214681 146.000000 56522 0 1 99772 228 [],[76]
13.217318 146.000000 25174 0 1 99771 229 [],[13113]
13.220633 146.300000 4787 0 1 99770 230 [],[280]
13.229217 146.700000 7451 0 1 99769 231 [],[1764]
13.237779 146.900000 47220 0 1 99768 232 [],[3587]
13.240194 146.900000 50767 0 1 99767 233 [],[1503]
13.241122 147.000000 94305 0 1 99766 234 [],[80602]
13.246391 147.000000 49806 0 1 99765 235 [],[4862]
13.247375 147.100000 1453 0 1 99764 236 [],[30]
13.249008 149.900000 13238 0 1 99763 237 [],[280]
13.250910 150.000000 95102 0 1 99762 238 [],[2800]
13.259335 150.000000 95629 0 1 99761 239 [],[736]
13.268678 150.000000 68996 0 1 99760 240 [],[26145]
13.270143 150.100000 75606 0 1 99759 241 [],[30]
13.274140 150.100000 33649 0 1 99758 242 [],[30]
13.284083 150.300000 54048 0 1 99757 243 [],[1503]
13.301732 150.400000 78542 0 1 99756 244 [],[7965]
13.307745 150.600000 78215 0 1 99755 245 [],[1453]
13.313961 150.600000 68860 0 1 99754 246 [],[2311]
13.314606 150.900000 19028 0 1 99753 247 [],[8050]
13.316681 151.100000 38944 0 1 99752 248 [],[12788]
13.319923 151.200000 9548 0 1 99751 249 [],[1401]
13.323371 151.500000 266 0 1 99750 250 [],[30]
13.324971 152.800000 3662 0 1 99749 251 [],[58055]
13.333212 154.000000 5943 0 1 99748 252 [],[30]
13.335285 155.000000 37932 0 1 99747 253 [],[30]
13.336086 155.000000 21068 0 1 99746 254 [],[438]
13.340025 155.400000 27321 0 1 99745 255 [],[1503]
13.341452 155.500000 1306 0 1 99744 256 [],[73883]
13.363766 158.700000 65815 0 1 99743 257 [],[59069]
13.367056 158.700000 6388 0 1 99742 258 [],[823]
13.367485 158.700000 50859 0 1 99741 259 [],[438]
13.402958 158.700000 30043 0 1 99740 260 [],[7451]
13.405952 158.800000 69184 0 1 99739 261 [],[22449]
13.406519 158.800000 54577 0 1 99738 262 [],[30]
13.409178 158.800000 34929 0 1 99737 263 [],[8050]
13.410565 158.800000 19959 0 1 99736 264 [],[1306]
13.410726 158.800000 69 0 1 99735 265 [],[76,35807]
13.410793 168.000000 47257 0 1 99734 266 [],[736]
13.412440 168.100000 52011 0 1 99733 267 [],[49]
13.419240 168.100000 22921 0 1 99732 268 [],[1762]
13.429779 168.300000 52801 0 1 99731 269 [],[49]
13.449814 168.400000 23098 0 1 99730 270 [],[76]
13.468510 168.600000 47175 0 1 99729 271 [],[2935]
13.469292 168.600000 87031 0 1 99728 272 [],[36374]
13.471011 168.600000 10676 0 1 99727 273 [],[30]
13.475800 168.600000 1246 0 1 99726 274 [],[617]
13.477760 169.700000 37972 0 1 99725 275 [],[69]
13.481536 169.800000 41361 0 1 99724 276 [],[1764]
13.485632 169.900000 58220 0 1 99723 277 [],[53199]
13.492984 169.900000 67200 0 1 99722 278 [],[30]
13.497515 170.000000 7135 0 1 99721 279 [],[2311]
13.504489 171.500000 31697 0 1 99720 280 [],[69]
13.505279 171.500000 4429 0 1 99719 281 [],[9700]
13.512765 174.800000 48207 0 1 99718 282 [],[736]
13.515575 174.800000 28427 0 1 99717 283 [],[5943]
13.521343 174.800000 24003 0 1 99716 284 [],[1453]
13.527827 175.100000 55141 0 1 99715 285 [],[3662]
13.531766 175.100000 44785 0 1 99714 286 [],[438]
13.538865 175.400000 36989 0 1 99713 287 [],[69]
13.551996 175.400000 29931 0 1 99712 288 [],[54577]
13.557336 175.600000 57186 0 1 99711 289 [],[658]
13.565820 175.600000 16507 0 1 99710 290 [],[9120]
13.568845 175.600000 13249 0 1 99709 291 [],[22562]
13.580999 176.700000 68482 0 1 99708 292 [],[11378]
13.599858 176.800000 15998 0 1 99707 293 [],[617]
13.603193 177.000000 8385 0 1 99706 294 [],[41932]
13.604895 177.800000 35646 0 1 99705 295 [],[1764]
13.612900 177.800000 72588 0 1 99704 296 [],[30]
13.616854 178.100000 70904 0 1 99703 297 [],[667]
13.624345 178.200000 37345 0 1 99702 298 [],[2311]
13.627227 178.200000 3134 0 1 99701 299 [],[280]
13.628771 179.300000 57834 0 1 99700 300 [],[97477]
13.632388 179.400000 30965 0 1 99699 301 [],[9120]
13.645151 179.800000 1035 0 1 99698 302 [],[6388]
13.646108 181.000000 68194 0 1 99697 303 [],[69]
13.655199 181.000000 13640 0 1 99696 304 [],[438]
13.658870 181.100000 56473 0 1 99695 305 [],[9503]
13.676451 181.400000 836 0 1 99694 306 [],[3662,4111]
13.681165 190.400000 92101 0 1 99693 307 [],[1401]
13.681751 190.400000 31076 0 1 99692 308 [],[69]
13.682347 190.400000 42449 0 1 99691 309 [],[5225]
13.693692 190.500000 77817 0 1 99690 310 [],[72588]
13.703879 190.500000 33889 0 1 99689 311 [],[22921]
13.708289 190.600000 88002 0 1 99688 312 [],[44785]
13.717910 190.700000 4417 0 1 99687 313 [],[13640]
13.720815 192.000000 1326 0 1 99686 314 [],[836]
13.722244 192.400000 42483 0 1 99685 315 [],[11351]
13.723019 192.600000 20698 0 1 99684 316 [],[76]
13.723399 193.100000 46223 0 1 99683 317 [],[9878]
13.730926 193.200000 78222 0 1 99682 318 [],[736]
13.731576 193.200000 35516 0 1 99681 319 [],[30129]
13.748046 193.200000 9616 0 1 99680 320 [],[280]
13.749006 193.400000 86800 0 1 99679 321 [],[438]
13.760373 193.400000 92122 0 1 99678 322 [],[41889]
13.765216 193.400000 1359 0 1 99677 323 [],[89400]
13.767601 195.600000 24278 0 1 99676 324 [],[57701]
13.768110 196.200000 24934 0 1 99675 325 [],[13113]
13.769867 196.200000 32951 0 1 99674 326 [],[2800]
13.785932 196.500000 62586 0 1 99673 327 [],[1359]
13.794938 196.500000 80 0 1 99672 328 [],[30]
13.797980 207.000000 4314 0 1 99671 329 [],[80]
13.800210 207.300000 55457 0 1 99670 330 [],[438]
13.802395 207.300000 764 0 1 99669 331 [],[31917]
13.807281 208.300000 31409 0 1 99668 332 [],[266]
13.810643 208.600000 5810 0 1 99667 333 [],[438]
13.811587 210.000000 10729 0 1 99666 334 [],[62586]
13.812510 211.200000 75251 0 1 99665 335 [],[22449]
13.818897 211.200000 60187 0 1 99664 336 [],[8385]
13.819262 211.200000 98872 0 1 99663 337 [],[280]
13.829541 211.200000 27028 0 1 99662 338 [],[31076]
13.829645 211.600000 7898 0 1 99661 339 [],[1764]
13.831500 211.900000 18412 0 1 99660 340 [],[1453]
13.832787 212.000000 29462 0 1 99659 341 [],[1794]
13.833661 212.500000 27267 0 1 99658 342 [],[9704]
13.841362 212.900000 86 0 1 99657 343 [],[80]
13.844482 224.500000 66072 0 1 99656 344 [],[280]
13.844651 224.700000 946 0 1 99655 345 [],[36989]
13.845474 227.300000 19489 0 1 99654 346 [],[76]
13.859595 227.300000 776 0 1 99653 347 [],[280]
13.860459 228.000000 107 0 1 99652 348 [],[80]
13.861179 233.300000 579 0 1 99651 349 [],[69]
13.863885 233.800000 66449 0 1 99650 350 [],[21068]
13.865307 233.800000 36545 0 1 99649 351 [],[76]
13.866450 234.000000 91100 0 1 99648 352 [],[69]
13.867892 234.000000 20890 0 1 99647 353 [],[37932]
13.880333 234.900000 91486 0 1 99646 354 [],[86,1794]
13.882213 234.700000 4 0 1 99645 355 [],[76,1401]
13.884015 282.100000 39908 0 1 99644 356 [],[2311]
13.894399 282.200000 32779 0 1 99643 357 [],[10653]
13.894819 282.300000 17964 0 1 99642 358 [],[836]
13.897647 282.800000 3772 0 1 99641 359 [],[1326]
13.899884 283.400000 44675 0 1 99640 360 [],[4]
13.902794 283.400000 42931 0 1 99639 361 [],[4]
13.903267 283.400000 98042 0 1 99638 362 [],[1401]
13.906721 283.400000 10921 0 1 99637 363 [],[438]
13.907437 284.000000 8596 0 1 99636 364 [],[86]
13.910950 284.700000 24879 0 1 99635 365 [],[49]
13.912112 284.900000 13080 0 1 99634 366 [],[1503]
13.915641 285.700000 36981 0 1 99633 367 [],[32779]
13.917139 285.700000 34321 0 1 99632 368 [],[4]
13.920954 285.800000 84186 0 1 99631 369 [],[617]
13.923261 285.800000 10470 0 1 99630 370 [],[8374]
13.929516 285.900000 73819 0 1 99629 371 [],[438]
13.930387 286.000000 14179 0 1 99628 372 [],[78222]
13.934861 286.800000 2166 0 1 99627 373 [],[69]
13.939612 287.500000 844 0 1 99626 374 [],[836]
13.940496 291.000000 2859 0 1 99625 375 [],[80]
13.940755 291.900000 13741 0 1 99624 376 [],[52158]
13.942294 292.500000 10352 0 1 99623 377 [],[836]
13.949797 292.700000 59638 0 1 99622 378 [],[4]
13.954033 292.700000 8823 0 1 99621 379 [],[1764]
13.955581 292.900000 7411 0 1 99620 380 [],[51891]
13.956986 293.900000 75318 0 1 99619 381 [],[76]
13.958952 293.900000 55296 0 1 99618 382 [],[2935]
13.970411 293.900000 13295 0 1 99617 383 [],[280]
13.971054 294.700000 80259 0 1 99616 384 [],[49]
13.974356 294.700000 529 0 1 99615 385 [],[32951]
13.974603 296.700000 48613 0 1 99614 386 [],[4429]
13.980192 296.800000 20420 0 1 99613 387 [],[36545]
13.983785 297.000000 7993 0 1 99612 388 [],[4]
13.983960 297.500000 1730 0 1 99611 389 [],[88852]
13.984588 298.800000 59971 0 1 99610 390 [],[107]
13.987512 298.800000 94074 0 1 99609 391 [],[76]
13.988701 298.800000 11403 0 1 99608 392 [],[4]
13.995375 298.900000 13270 0 1 99607 393 [],[4]
14.006703 299.200000 78 0 1 99606 394 [],[29308,4]
14.010585 307.100000 12765 0 1 99605 395 [],[4417]
14.012733 307.300000 25178 0 1 99604 396 [],[823]
14.014868 307.400000 24783 0 1 99603 397 [],[13238]
14.015904 307.500000 40388 0 1 99602 398 [],[4]
14.017534 307.500000 23216 0 1 99601 399 [],[667]
14.018162 307.700000 57191 0 1 99600 400 [],[2800]
14.023766 307.800000 3430 0 1 99599 401 [],[30]
14.029439 308.300000 3137 0 1 99598 402 [],[24653]
14.033463 309.200000 21302 0 1 99597 403 [],[24278]
14.036869 309.700000 67792 0 1 99596 404 [],[69]
14.037606 309.700000 33593 0 1 99595 405 [],[4]
14.038385 309.800000 139 0 1 99594 406 [],[1453,86]
14.041796 317.300000 78195 0 1 99593 407 [],[139]
14.044372 317.300000 95213 0 1 99592 408 [],[86]
14.049031 317.300000 5599 0 1 99591 409 [],[13295]
14.054502 318.800000 59207 0 1 99590 410 [],[280]
14.055961 318.800000 86987 0 1 99589 411 [],[21302]
14.057860 318.800000 32677 0 1 99588 412 [],[3772]
14.058253 318.800000 68806 0 1 99587 413 [],[57191]
14.059998 318.800000 98243 0 1 99586 414 [],[11105]
14.060749 318.800000 30311 0 1 99585 415 [],[139]
14.061002 319.400000 46055 0 1 99584 416 [],[30]
14.061988 319.400000 36032 0 1 99583 417 [],[2859]
14.075221 319.500000 4298 0 1 99582 418 [],[4]
14.076369 321.000000 84473 0 1 99581 419 [],[4862]
14.080916 321.000000 51146 0 1 99580 420 [],[836]
14.082185 321.000000 10474 0 1 99579 421 [],[4]
14.083832 321.000000 18778 0 1 99578 422 [],[139]
14.089544 321.100000 72715 0 1 99577 423 [],[4429]
14.091858 321.300000 90654 0 1 99576 424 [],[736]
14.094260 321.300000 44288 0 1 99575 425 [],[4]
14.095426 321.400000 85786 0 1 99574 426 [],[7135]
14.097680 321.500000 974 0 1 99573 427 [],[33495]
14.098725 326.400000 42622 0 1 99572 428 [],[974]
14.103609 326.500000 22667 0 1 99571 429 [],[80]
14.103754 326.500000 236 0 1 99570 430 [],[30]
14.106222 329.500000 71868 0 1 99569 431 [],[30]
14.106908 329.500000 73822 0 1 99568 432 [],[91100]
14.109276 329.800000 3451 0 1 99567 433 [],[4]
14.110069 330.100000 93898 0 1 99566 434 [],[974]
14.111460 330.100000 54023 0 1 99565 435 [],[33889]
14.115842 330.100000 41096 0 1 99564 436 [],[13249]
14.119401 330.100000 58788 0 1 99563 437 [],[20890]
14.121570 330.100000 45689 0 1 99562 438 [],[42622]
14.126367 330.300000 66340 0 1 99561 439 [],[4]
14.126826 330.500000 344 0 1 99560 440 [],[76]
14.129131 335.400000 52557 0 1 99559 441 [],[1503]
14.130315 335.700000 22616 0 1 99558 442 [],[80]
14.133944 336.000000 58497 0 1 99557 443 [],[736]
14.139591 336.000000 86598 0 1 99556 444 [],[21302]
14.143857 336.000000 13333 0 1 99555 445 [],[1453]
14.152275 336.000000 1248 0 1 99554 446 [],[69]
14.159324 336.000000 58409 0 1 99553 447 [],[280]
14.160436 336.000000 86113 0 1 99552 448 [],[9700]
14.160584 336.000000 48292 0 1 99551 449 [],[76]
14.164080 336.200000 1461 0 1 99550 450 [],[57834]
14.168480 338.000000 548 0 1 99549 451 [],[35646,86]
14.171047 338.500000 87012 0 1 99548 452 [],[4]
14.171806 338.600000 2484 0 1 99547 453 [],[4]
14.172833 339.900000 68630 0 1 99546 454 [],[80]
14.173406 340.000000 41129 0 1 99545 455 [],[4]
14.176295 340.000000 41323 0 1 99544 456 [],[4]
14.179139 340.200000 98742 0 1 99543 457 [],[529]
14.184999 340.200000 592 0 1 99542 458 [],[13080,67118]
14.185003 346.700000 25 0 1 99541 459 [],[7451]
14.185186 351.500000 74747 0 1 99540 460 [],[31409]
14.185521 351.500000 59796 0 1 99539 461 [],[25888]
14.187857 351.500000 25364 0 1 99538 462 [],[836]
14.188696 351.600000 31893 0 1 99537 463 [],[8596]
14.201300 351.700000 67098 0 1 99536 464 [],[24012]
14.201986 351.800000 17687 0 1 99535 465 [],[6637]
14.204474 352.500000 8085 0 1 99534 466 [],[24783]
14.209367 352.800000 41302 0 1 99533 467 [],[4]
14.209891 353.000000 13878 0 1 99532 468 [],[4417]
14.211075 353.300000 66048 0 1 99531 469 [],[86]
14.212528 353.400000 54463 0 1 99530 470 [],[4111]
14.214143 353.500000 2738 0 1 99529 471 [],[86]
14.218885 354.400000 79195 0 1 99528 472 [],[2484]
14.227733 354.400000 55330 0 1 99527 473 [],[579]
14.231525 354.500000 13718 0 1 99526 474 [],[4]
14.238682 355.100000 23894 0 1 99525 475 [],[4]
14.240894 355.100000 6490 0 1 99524 476 [],[1359]
14.244465 355.800000 3975 0 1 99523 477 [],[78]
14.247867 356.700000 553 0 1 99522 478 [],[80]
14.250974 357.300000 4144 0 1 99521 479 [],[1326]
14.260308 357.300000 34562 0 1 99520 480 [],[38944]
14.269501 357.400000 6912 0 1 99519 481 [],[10729]
14.270907 358.300000 85 0 1 99518 482 [],[25]
14.272439 359.100000 20519 0 1 99517 483 [],[836]
14.275782 359.800000 9 0 1 99516 484 [],[69,86,4]
14.276169 371.800000 58238 0 1 99515 485 [],[9120]
14.278597 371.800000 9997 0 1 99514 486 [],[30]
14.283423 371.800000 5631 0 1 99513 487 [],[4]
14.290657 372.700000 28713 0 1 99512 488 [],[31409]
14.294067 373.400000 89923 0 1 99511 489 [],[3430]
14.295668 373.400000 153 0 1 99510 490 [],[20519]
14.296881 385.400000 66718 0 1 99509 491 [],[7345,36374]
14.297162 385.200000 194 0 1 99508 492 [],[4]
14.297695 387.400000 5881 0 1 99507 493 [],[78]
14.306452 387.500000 29570 0 1 99506 494 [],[69]
14.317594 387.900000 8741 0 1 99505 495 [],[4]
14.319535 388.000000 22881 0 1 99504 496 [],[836]
14.321039 388.000000 38239 0 1 99503 497 [],[438]
14.325446 388.100000 2440 0 1 99502 498 [],[69]
14.327953 389.300000 27422 0 1 99501 499 [],[30]
14.329701 389.900000 96405 0 1 99500 500 [],[56473]
14.334242 389.900000 37701 0 1 99499 501 [],[32298]
14.337686 390.000000 51348 0 1 99498 502 [],[139]
14.341977 390.100000 36857 0 1 99497 503 [],[4298]
14.343984 390.500000 41741 0 1 99496 504 [],[78]
14.348910 390.600000 35167 0 1 99495 505 [],[45891]
14.348915 391.100000 54060 0 1 99494 506 [],[17687]
14.351226 391.200000 39189 0 1 99493 507 [],[592]
14.351320 391.300000 9526 0 1 99492 508 [],[3451]
14.351329 391.500000 16919 0 1 99491 509 [],[280]
14.353952 391.800000 5338 0 1 99490 510 [],[764]
14.356481 393.100000 93397 0 1 99489 511 [],[4]
14.357421 393.100000 46922 0 1 99488 512 [],[4]
14.358448 393.200000 65659 0 1 99487 513 [],[3134]
14.364352 393.200000 59554 0 1 99486 514 [],[78]
14.369134 393.400000 10616 0 1 99485 515 [],[30]
14.369274 393.500000 2128 0 1 99484 516 [],[69]
14.370908 393.600000 66773 0 1 99483 517 [],[35167]
14.374565 393.600000 44437 0 1 99482 518 [],[7135]
14.378339 393.600000 80709 0 1 99481 519 [],[86]
14.379450 393.700000 8938 0 1 99480 520 [],[69]
14.379475 393.700000 71599 0 1 99479 521 [],[4429]
14.380651 393.800000 93961 0 1 99478 522 [],[8596]
14.380997 393.800000 522 0 1 99477 523 [],[49]
14.382890 395.100000 14963 0 1 99476 524 [],[2484]
14.383452 396.100000 7696 0 1 99475 525 [],[37345]
14.385294 396.300000 599 0 1 99474 526 [],[27033]
14.392531 398.700000 5094 0 1 99473 527 [],[13333]
14.393816 399.000000 69560 0 1 99472 528 [],[48292]
14.394466 399.000000 25321 0 1 99471 529 [],[80]
14.396231 399.100000 53598 0 1 99470 530 [],[1461]
14.400394 399.100000 2185 0 1 99469 531 [],[139]
14.400657 399.400000 10717 0 1 99468 532 [],[25]
14.401370 399.900000 97422 0 1 99467 533 [],[438]
14.404398 399.900000 56 0 1 99466 534 [],[69,42931,84588]
14.404869 415.400000 63508 0 1 99465 535 [],[25]
14.405780 415.400000 35018 0 1 99464 536 [],[1306]
14.407929 415.600000 31754 0 1 99463 537 [],[280]
14.409032 416.200000 30856 0 1 99462 538 [],[25]
14.411483 416.400000 90638 0 1 99461 539 [],[1306]
14.412849 416.400000 72603 0 1 99460 540 [],[1794]
14.413328 416.500000 45601 0 1 99459 541 [],[80]
14.414252 416.600000 1898 0 1 99458 542 [],[4]
14.415506 418.100000 1450 0 1 99457 543 [],[139]
14.416518 419.000000 53058 0 1 99456 544 [],[107]
14.423584 419.000000 34702 0 1 99455 545 [],[139]
14.423974 419.000000 44216 0 1 99454 546 [],[56]
14.425111 419.200000 12718 0 1 99453 547 [],[10717]
14.427061 419.900000 90301 0 1 99452 548 [],[72715]
14.427605 419.900000 71025 0 1 99451 549 [],[37701]
14.433150 419.900000 11619 0 1 99450 550 [],[236]
14.435823 420.200000 13570 0 1 99449 551 [],[4]
14.438681 420.200000 14402 0 1 99448 552 [],[4]
14.439809 420.400000 41428 0 1 99447 553 [],[49]
14.439902 420.500000 68794 0 1 99446 554 [],[280]
14.440316 420.500000 51523 0 1 99445 555 [],[194]
14.448754 420.500000 28342 0 1 99444 556 [],[1898]
14.448805 420.600000 92835 0 1 99443 557 [],[85786]
14.449424 420.600000 11069 0 1 99442 558 [],[24941,5338]
14.451256 420.900000 87649 0 1 99441 559 [],[107]
14.452415 420.900000 51500 0 1 99440 560 [],[56]
14.452446 420.900000 400 0 1 99439 561 [],[56]
14.453012 421.400000 612 0 1 99438 562 [],[20890,34910,46922,71599]
14.456322 424.800000 57244 0 1 99437 563 [],[4]
14.459108 424.900000 2649 0 1 99436 564 [],[974]
14.459673 425.200000 967 0 1 99435 565 [],[41129]
14.467134 427.700000 58618 0 1 99434 566 [],[85]
14.481409 427.700000 5999 0 1 99433 567 [],[56]
14.483705 428.700000 74671 0 1 99432 568 [],[67098]
14.489056 428.700000 5033 0 1 99431 569 [],[438]
14.493562 428.900000 525 0 1 99430 570 [],[1461]
14.494523 431.800000 24633 0 1 99429 571 [],[280]
14.496464 432.000000 12456 0 1 99428 572 [],[56]
14.500443 432.600000 165 0 1 99427 573 [],[139]
14.502154 440.800000 22909 0 1 99426 574 [],[612]
14.502841 441.300000 82756 0 1 99425 575 [],[20890]
14.503503 441.300000 17025 0 1 99424 576 [],[80955]
14.504388 441.400000 14045 0 1 99423 577 [],[30]
14.505025 442.100000 39577 0 1 99422 578 [],[1453]
14.511175 442.200000 18278 0 1 99421 579 [],[24278]
14.512122 443.000000 6283 0 1 99420 580 [],[266]
14.513582 443.400000 88853 0 1 99419 581 [],[153]
14.517797 443.500000 25848 0 1 99418 582 [],[13080]
14.518059 443.500000 11321 0 1 99417 583 [],[5599]
14.519964 443.500000 10166 0 1 99416 584 [],[974]
14.520782 444.100000 13004 0 1 99415 585 [],[280]
14.521195 444.600000 2694 0 1 99414 586 [],[15507]
14.524482 447.500000 19082 0 1 99413 587 [],[56]
14.525789 447.800000 13210 0 1 99412 588 [],[41428]
14.527315 448.100000 36528 0 1 99411 589 [],[280]
14.528493 448.200000 81518 0 1 99410 590 [],[25]
14.530821 448.200000 13959 0 1 99409 591 [],[94074]
14.531114 448.600000 65526 0 1 99408 592 [],[13878]
14.534519 448.600000 34138 0 1 99407 593 [],[19168]
14.535397 448.700000 23603 0 1 99406 594 [],[823]
14.539340 448.700000 37016 0 1 99405 595 [],[56]
14.542246 448.700000 72114 0 1 99404 596 [],[70904]
14.550441 448.800000 81534 0 1 99403 597 [],[22562]
14.553125 448.800000 68780 0 1 99402 598 [],[836]
14.554832 449.000000 7907 0 1 99401 599 [],[107,280]
14.555658 449.200000 87679 0 1 99400 600 [],[658]
14.558165 449.300000 80185 0 1 99399 601 [],[51891]
14.558194 449.300000 31958 0 1 99398 602 [],[49]
14.567623 449.300000 383 0 1 99397 603 [],[44437,4,165]
14.567812 454.200000 92847 0 1 99396 604 [],[2694]
14.569785 454.200000 14048 0 1 99395 605 [],[7451]
14.572864 454.200000 3366 0 1 99394 606 [],[4]
14.576397 454.300000 12250 0 1 99393 607 [],[4]
14.577591 455.000000 15995 0 1 99392 608 [],[280]
14.578415 455.200000 24401 0 1 99391 609 [],[9704]
14.580988 455.200000 84238 0 1 99390 610 [],[12250]
14.582521 455.200000 31206 0 1 99389 611 [],[836]
14.584328 455.300000 41150 0 1 99388 612 [],[76]
14.591724 455.300000 26779 0 1 99387 613 [],[13270]
14.593989 455.900000 5765 0 1 99386 614 [],[76]
14.595628 456.700000 56798 0 1 99385 615 [],[56]
14.596224 456.700000 92934 0 1 99384 616 [],[165]
14.599644 456.700000 13554 0 1 99383 617 [],[86]
14.602165 456.700000 69354 0 1 99382 618 [],[4429]
14.604842 456.800000 83582 0 1 99381 619 [],[383]
14.607244 456.800000 67839 0 1 99380 620 [],[1306]
14.614430 457.100000 1200 0 1 99379 621 [],[20896]
14.614738 459.400000 1402 0 1 99378 622 [],[44216]
14.623575 460.200000 66225 0 1 99377 623 [],[280]
14.626014 460.300000 42947 0 1 99376 624 [],[10729]
14.626749 460.500000 92061 0 1 99375 625 [],[88002]
14.626776 460.500000 51995 0 1 99374 626 [],[4]
14.629824 460.500000 416 0 1 99373 627 [],[49]
14.630072 463.600000 36044 0 1 99372 628 [],[139]
14.630350 463.900000 10872 0 1 99371 629 [],[43346]
14.630352 464.400000 60545 0 1 99370 630 [],[44216]
14.633692 464.400000 91706 0 1 99369 631 [],[139]
14.637218 464.400000 3669 0 1 99368 632 [],[10872]
14.640415 466.000000 77456 0 1 99367 633 [],[32298]
14.641407 466.000000 2034 0 1 99366 634 [],[416]
14.642743 466.200000 3048 0 1 99365 635 [],[4]
14.643203 467.100000 490 0 1 99364 636 [],[448]
14.645815 469.200000 52608 0 1 99363 637 [],[4]
14.647582 469.300000 3670 0 1 99362 638 [],[17178]
14.648547 470.600000 13063 0 1 99361 639 [],[139]
14.653051 470.800000 25678 0 1 99360 640 [],[764]
14.653333 471.100000 42576 0 1 99359 641 [],[27267]
14.654467 471.100000 6578 0 1 99358 642 [],[1764]
14.654740 471.500000 52559 0 1 99357 643 [],[7345]
14.655121 471.600000 74508 0 1 99356 644 [],[61023]
14.659057 471.800000 7765 0 1 99355 645 [],[658]
14.659924 471.900000 59389 0 1 99354 646 [],[592]
14.668323 471.900000 96718 0 1 99353 647 [],[416]
14.668907 471.900000 48881 0 1 99352 648 [],[4314]
14.669398 472.000000 349 0 1 99351 649 [],[280]
14.671456 476.500000 97276 0 1 99350 650 [],[68860]
14.672302 476.500000 42572 0 1 99349 651 [],[86]
14.675515 476.600000 46224 0 1 99348 652 [],[10352]
14.676133 476.600000 17467 0 1 99347 653 [],[438]
14.678033 476.900000 34745 0 1 99346 654 [],[165]
14.678321 477.200000 42062 0 1 99345 655 [],[9]
14.679663 477.800000 48315 0 1 99344 656 [],[139]
14.679692 477.900000 9032 0 1 99343 657 [],[33649]
14.681722 478.800000 38697 0 1 99342 658 [],[2311]
14.682364 478.800000 97974 0 1 99341 659 [],[1200]
14.683727 478.800000 85120 0 1 99340 660 [],[69]
14.688148 478.800000 97457 0 1 99339 661 [],[4]
14.691435 478.800000 31959 0 1 99338 662 [],[86]
14.694412 479.100000 89448 0 1 99337 663 [],[383]
14.698257 479.100000 12465 0 1 99336 664 [],[525]
14.700616 479.800000 15645 0 1 99335 665 [],[6912]
14.701758 480.000000 14421 0 1 99334 666 [],[9046]
14.705614 480.300000 8945 0 1 99333 667 [],[8050]
14.706159 481.000000 28378 0 1 99332 668 [],[86]
14.707777 481.100000 4060 0 1 99331 669 [],[5033,85]
14.712678 482.600000 10262 0 1 99330 670 [],[4298]
14.712715 482.700000 96031 0 1 99329 671 [],[28307]
14.712942 482.700000 73288 0 1 99328 672 [],[36044]
14.715363 482.700000 83721 0 1 99327 673 [],[76]
14.715534 482.700000 23433 0 1 99326 674 [],[4060]
14.717283 483.100000 26248 0 1 99325 675 [],[57186]
14.717979 483.400000 59732 0 1 99324 676 [],[280]
14.719302 483.400000 28798 0 1 99323 677 [],[4]
14.721835 483.400000 10452 0 1 99322 678 [],[438]
14.726650 484.200000 57923 0 1 99321 679 [],[1898]
14.728377 484.200000 31974 0 1 99320 680 [],[4]
14.730766 484.600000 3446 0 1 99319 681 [],[599]
14.731149 484.600000 43 0 1 99318 682 [],[9]
14.733194 489.900000 59383 0 1 99317 683 [],[56]
14.738689 490.000000 7348 0 1 99316 684 [],[1450]
14.742616 491.200000 9556 0 1 99315 685 [],[383]
14.742914 492.000000 37242 0 1 99314 686 [],[78]
14.743440 492.100000 25851 0 1 99313 687 [],[8765]
14.744949 492.700000 64213 0 1 99312 688 [],[90638]
14.745769 492.900000 50576 0 1 99311 689 [],[4]
14.747165 492.900000 387 0 1 99310 690 [],[4]
14.751066 495.100000 40547 0 1 99309 691 [],[2440]
14.751110 495.100000 5627 0 1 99308 692 [],[344]
14.754127 495.300000 2820 0 1 99307 693 [],[4]
14.758628 495.700000 79679 0 1 99306 694 [],[4]
14.760503 495.700000 3988 0 1 99305 695 [],[844]
14.761257 496.400000 16509 0 1 99304 696 [],[80]
14.764837 496.600000 3008 0 1 99303 697 [],[78]
14.766920 496.800000 91093 0 1 99302 698 [],[165]
14.772028 496.800000 22599 0 1 99301 699 [],[9]
14.774106 497.100000 61316 0 1 99300 700 [],[6912]
14.775527 497.100000 17528 0 1 99299 701 [],[153]
14.778671 497.100000 28457 0 1 99298 702 [],[4]
14.782941 497.100000 75085 0 1 99297 703 [],[56]
14.785706 497.300000 71565 0 1 99296 704 [],[76]
14.787807 497.400000 41090 0 1 99295 705 [],[29462]
14.790946 497.600000 99474 0 1 99294 706 [],[88853]
14.791982 497.600000 10366 0 1 99293 707 [],[56]
14.792271 498.300000 793 0 1 99292 708 [],[4060,4]
14.796858 501.300000 12201 0 1 99291 709 [],[19168]
14.796877 502.900000 63390 0 1 99290 710 [],[1730]
14.803734 503.000000 46610 0 1 99289 711 [],[416]
14.806836 503.000000 27915 0 1 99288 712 [],[529]
14.807596 503.000000 33920 0 1 99287 713 [],[76]
14.808151 503.100000 1309 0 1 99286 714 [],[36528]
14.809600 505.500000 5195 0 1 99285 715 [],[30941,31959]
14.812168 506.200000 16788 0 1 99284 716 [],[4]
14.813865 506.800000 16483 0 1 99283 717 [],[56]
14.814594 507.300000 22164 0 1 99282 718 [],[10729]
14.819504 507.400000 44530 0 1 99281 719 [],[5810]
14.821655 507.400000 30048 0 1 99280 720 [],[56]
14.823886 507.500000 3037 0 1 99279 721 [],[2311]
14.825433 510.800000 87195 0 1 99278 722 [],[79153]
14.828932 510.800000 57177 0 1 99277 723 [],[6559]
14.831119 510.800000 96385 0 1 99276 724 [],[349]
14.831772 510.800000 35415 0 1 99275 725 [],[43]
14.832798 511.300000 47800 0 1 99274 726 [],[92101]
14.837364 511.700000 84327 0 1 99273 727 [],[383]
14.838007 511.800000 30463 0 1 99272 728 [],[43]
14.840241 511.900000 1019 0 1 99271 729 [],[34929]
14.844236 514.700000 34472 0 1 99270 730 [],[1019,1794]
14.845383 514.600000 1102 0 1 99269 731 [],[280]
14.846911 515.900000 51659 0 1 99268 732 [],[553]
14.852345 515.900000 60302 0 1 99267 733 [],[153]
14.853775 516.100000 27125 0 1 99266 734 [],[4]
14.856141 516.300000 10059 0 1 99265 735 [],[30]
14.857227 516.700000 13418 0 1 99264 736 [],[9032]
14.858817 516.700000 46742 0 1 99263 737 [],[946]
14.858899 516.800000 12239 0 1 99262 738 [],[1200]
14.861301 517.100000 4123 0 1 99261 739 [],[2694]
14.864052 517.100000 52 0 1 99260 740 [],[8823,9704,4]
14.865146 527.100000 51124 0 1 99259 741 [],[13959]
14.865510 527.200000 2546 0 1 99258 742 [],[4144,1035]
14.868768 530.700000 7596 0 1 99257 743 [],[4]
14.871724 531.000000 53618 0 1 99256 744 [],[56]
14.872401 531.400000 15357 0 1 99255 745 [],[4]
14.872713 531.500000 96817 0 1 99254 746 [],[4]
14.873583 531.500000 78260 0 1 99253 747 [],[592]
14.875044 531.500000 13180 0 1 99252 748 [],[349]
14.877062 531.800000 46867 0 1 99251 749 [],[31974]
14.881455 532.000000 78361 0 1 99250 750 [],[35415]
14.882755 532.000000 14781 0 1 99249 751 [],[30]
14.886274 532.300000 41054 0 1 99248 752 [],[9120]
14.886834 532.400000 96993 0 1 99247 753 [],[45689]
14.889662 532.400000 63285 0 1 99246 754 [],[280]
14.891532 532.400000 38234 0 1 99245 755 [],[383]
14.894108 532.400000 17786 0 1 99244 756 [],[56]
14.897533 532.500000 31637 0 1 99243 757 [],[89448]
14.898905 533.200000 27083 0 1 99242 758 [],[52]
14.902239 533.200000 27918 0 1 99241 759 [],[7345]
14.903314 533.500000 12991 0 1 99240 760 [],[280]
14.904754 534.600000 84119 0 1 99239 761 [],[52]
14.904820 534.600000 89503 0 1 99238 762 [],[4]
14.905080 534.600000 21225 0 1 99237 763 [],[165]
14.908257 534.700000 24541 0 1 99236 764 [],[1764]
14.911678 534.700000 5506 0 1 99235 765 [],[13741]
14.911756 536.400000 72306 0 1 99234 766 [],[25851]
14.912095 536.500000 316 0 1 99233 767 [],[9556]
14.917166 541.600000 15987 0 1 99232 768 [],[107]
14.918780 541.900000 1426 0 1 99231 769 [],[14179]
14.920493 543.100000 8095 0 1 99230 770 [],[5765]
14.923536 544.500000 69126 0 1 99229 771 [],[5506]
14.930630 544.600000 17367 0 1 99228 772 [],[3988]
14.930744 544.900000 3889 0 1 99227 773 [],[45689,264]
14.932606 545.700000 39794 0 1 99226 774 [],[8395]
14.937877 545.900000 36164 0 1 99225 775 [],[52]
14.939538 545.900000 21092 0 1 99224 776 [],[56]
14.939584 546.000000 12013 0 1 99223 777 [],[736]
14.946339 546.200000 50694 0 1 99222 778 [],[80]
14.951514 546.200000 93701 0 1 99221 779 [],[974]
14.951927 546.200000 68242 0 1 99220 780 [],[4]
14.951960 546.300000 35687 0 1 99219 781 [],[9548]
14.952005 546.900000 14147 0 1 99218 782 [],[9,280]
14.952043 546.800000 4009 0 1 99217 783 [],[4]
14.953451 547.700000 773 0 1 99216 784 [],[165]
14.954913 548.900000 64822 0 1 99215 785 [],[9]
14.955979 549.100000 1120 0 1 99214 786 [],[153]
14.956358 551.100000 1272 0 1 99213 787 [],[7765]
14.956829 554.400000 29742 0 1 99212 788 [],[1461]
14.957614 554.500000 3363 0 1 99211 789 [],[52]
14.958535 555.600000 3038 0 1 99210 790 [],[525]
14.960700 557.200000 87215 0 1 99209 791 [],[68630]
14.963199 557.200000 99910 0 1 99208 792 [],[2440]
14.968736 557.200000 76002 0 1 99207 793 [],[1453]
14.969184 557.200000 25813 0 1 99206 794 [],[1503]
14.969807 557.300000 5548 0 1 99205 795 [],[438]
14.970262 557.300000 3331 0 1 99204 796 [],[1272]
14.971164 558.000000 66422 0 1 99203 797 [],[76]
14.971623 558.000000 1239 0 1 99202 798 [],[776]
14.973318 559.000000 35575 0 1 99201 799 [],[316]
14.973338 559.100000 69480 0 1 99200 800 [],[36374]
14.974974 559.200000 1572 0 1 99199 801 [],[4,76]
14.980913 561.400000 35806 0 1 99198 802 [],[316]
14.981839 561.400000 14816 0 1 99197 803 [],[14045]
14.981998 561.400000 26809 0 1 99196 804 [],[30]
14.983810 561.400000 31517 0 1 99195 805 [],[599]
14.984774 561.400000 49403 0 1 99194 806 [],[10729]
14.987244 561.500000 23998 0 1 99193 807 [],[22562]
14.989892 561.900000 820 0 1 99192 808 [],[1246,52559]
14.990063 567.800000 77732 0 1 99191 809 [],[4862]
14.993328 567.900000 71866 0 1 99190 810 [],[69]
14.995324 568.000000 89704 0 1 99189 811 [],[599]
14.997368 568.000000 19 0 1 99188 812 [],[25,107]
15.000373 589.600000 3213 0 1 99187 813 [],[27267]
15.000400 590.400000 15009 0 1 99186 814 [],[60545]
15.000572 590.600000 81205 0 1 99185 815 [],[438]
15.001034 590.600000 73866 0 1 99184 816 [],[16483]
15.001519 590.600000 90325 0 1 99183 817 [],[69]
15.007640 590.600000 50783 0 1 99182 818 [],[31893]
15.008458 590.600000 45963 0 1 99181 819 [],[7993]
15.009227 590.700000 5986 0 1 99180 820 [],[9]
15.010684 591.200000 22890 0 1 99179 821 [],[2166]
15.011093 591.600000 14645 0 1 99178 822 [],[69]
15.012040 592.200000 1532 0 1 99177 823 [],[4]
15.015164 593.800000 78651 0 1 99176 824 [],[69]
15.020947 593.800000 29879 0 1 99175 825 [],[383]
15.021740 594.200000 12653 0 1 99174 826 [],[43]
15.026280 594.600000 47313 0 1 99173 827 [],[52]
15.028590 594.600000 31049 0 1 99172 828 [],[52]
15.028814 595.000000 4484 0 1 99171 829 [],[4]
15.029227 595.100000 176 0 1 99170 830 [],[2311,93397]
15.030017 609.900000 51596 0 1 99169 831 [],[176]
15.030121 610.000000 1523 0 1 99168 832 [],[56]
15.030128 611.800000 69848 0 1 99167 833 [],[71434]
15.031600 612.000000 1425 0 1 99166 834 [],[4]
15.032736 613.100000 6017 0 1 99165 835 [],[21376,1359]
15.035871 613.600000 38383 0 1 99164 836 [],[56]
15.037539 613.800000 9799 0 1 99163 837 [],[30]
15.038140 614.200000 16241 0 1 99162 838 [],[49403]
15.038625 615.200000 48221 0 1 99161 839 [],[9]
15.044219 615.200000 22985 0 1 99160 840 [],[19]
15.052592 615.400000 33130 0 1 99159 841 [],[387]
15.053687 615.400000 70629 0 1 99158 842 [],[68780]
15.053898 615.400000 68935 0 1 99157 843 [],[316]
15.053912 615.400000 50025 0 1 99156 844 [],[29972]
15.056395 616.000000 338 0 1 99155 845 [],[69]
15.057816 618.300000 20081 0 1 99154 846 [],[86]
15.063057 618.400000 63736 0 1 99153 847 [],[12991]
15.064821 618.700000 53823 0 1 99152 848 [],[2546]
15.067373 618.800000 69719 0 1 99151 849 [],[349]
15.067650 618.800000 86326 0 1 99150 850 [],[52]
15.068064 618.800000 8130 0 1 99149 851 [],[3402]
15.068276 618.900000 1082 0 1 99148 852 [],[553]
15.068889 621.100000 28346 0 1 99147 853 [],[44530]
15.070216 621.400000 98002 0 1 99146 854 [],[165]
15.073899 621.400000 56262 0 1 99145 855 [],[139]
15.078575 621.400000 5555 0 1 99144 856 [],[266]
15.078792 622.100000 831 0 1 99143 857 [],[14645,176]
15.080741 624.500000 65493 0 1 99142 858 [],[176,1309]
15.080796 624.500000 70051 0 1 99141 859 [],[4429]
15.081376 624.600000 88781 0 1 99140 860 [],[658]
15.082588 624.700000 15696 0 1 99139 861 [],[12465]
15.083667 625.100000 21280 0 1 99138 862 [],[5195]
15.083741 625.200000 78663 0 1 99137 863 [],[946]
15.083787 625.200000 54224 0 1 99136 864 [],[4]
15.090074 625.300000 47530 0 1 99135 865 [],[1306]
15.090903 625.300000 73442 0 1 99134 866 [],[2546]
15.093445 625.300000 58482 0 1 99133 867 [],[12201]
15.093847 625.400000 73216 0 1 99132 868 [],[2311]
15.094621 625.400000 68010 0 1 99131 869 [],[86]
15.094991 625.400000 11580 0 1 99130 870 [],[139]
15.095461 625.700000 14579 0 1 99129 871 [],[525]
15.095799 625.800000 94325 0 1 99128 872 [],[11351]
15.096555 625.800000 505 0 1 99127 873 [],[612]
15.111518 630.900000 68074 0 1 99126 874 [],[1730]
15.113278 631.000000 105 0 1 99125 875 [],[84327]
15.113505 639.400000 90790 0 1 99124 876 [],[1764]
15.114317 639.400000 5948 0 1 99123 877 [],[4]
15.116942 640.900000 32387 0 1 99122 878 [],[4]
15.117160 641.000000 80863 0 1 99121 879 [],[820]
15.122386 641.000000 14855 0 1 99120 880 [],[56]
15.123584 641.100000 97411 0 1 99119 881 [],[831]
15.124317 641.100000 61786 0 1 99118 882 [],[139]
15.125808 641.100000 68397 0 1 99117 883 [],[9]
15.126436 641.100000 7035 0 1 99116 884 [],[4]
15.127809 641.600000 56278 0 1 99115 885 [],[25813]
15.127834 641.800000 23762 0 1 99114 886 [],[3587]
15.128172 642.000000 68870 0 1 99113 887 [],[7348]
15.130271 642.000000 79487 0 1 99112 888 [],[25178]
15.131670 642.100000 66100 0 1 99111 889 [],[194]
15.131838 642.100000 11345 0 1 99110 890 [],[44260]
15.132383 642.800000 33153 0 1 99109 891 [],[4]
15.134476 643.000000 37413 0 1 99108 892 [],[36857]
15.135642 643.300000 1031 0 1 99107 893 [],[548]
15.138262 644.700000 47852 0 1 99106 894 [],[17687]
15.138820 645.100000 61178 0 1 99105 895 [],[7907]
15.139957 645.100000 21587 0 1 99104 896 [],[1794]
15.140206 645.400000 11917 0 1 99103 897 [],[56]
15.141942 645.500000 38203 0 1 99102 898 [],[4]
15.143389 645.600000 4750 0 1 99101 899 [],[107]
15.147394 645.800000 10360 0 1 99100 900 [],[30]
15.148400 646.200000 7061 0 1 99099 901 [],[2694]
15.151039 647.200000 34382 0 1 99098 902 [],[107]
15.153754 647.600000 76321 0 1 99097 903 [],[52]
15.157929 647.600000 62340 0 1 99096 904 [],[4]
15.158649 647.600000 26354 0 1 99095 905 [],[344]
15.158779 647.700000 851 0 1 99094 906 [],[383]
15.159880 650.800000 3021 0 1 99093 907 [],[19]
15.161447 652.300000 86435 0 1 99092 908 [],[3037]
15.162867 652.300000 25325 0 1 99091 909 [],[280]
15.166244 652.500000 86766 0 1 99090 910 [],[165]
15.167897 652.500000 6935 0 1 99089 911 [],[31754]
15.170208 653.500000 16784 0 1 99088 912 [],[19831]
15.170273 654.200000 78612 0 1 99087 913 [],[438]
15.173552 654.200000 6157 0 1 99086 914 [],[153]
15.175096 654.300000 12495 0 1 99085 915 [],[4787]
15.176032 654.500000 5384 0 1 99084 916 [],[56]
15.177686 654.700000 36143 0 1 99083 917 [],[69848]
15.178617 655.100000 16542 0 1 99082 918 [],[349]
15.179180 655.200000 41884 0 1 99081 919 [],[20519]
15.179885 655.300000 46870 0 1 99080 920 [],[176]
15.180047 655.800000 10 0 1 99079 921 [],[19,338,599,967]
15.183669 701.600000 10041 0 1 99078 922 [],[10]
15.184264 701.800000 81284 0 1 99077 923 [],[91706]
15.184805 701.900000 14926 0 1 99076 924 [],[1794]
15.185947 701.900000 54676 0 1 99075 925 [],[4]
15.187881 701.900000 85114 0 1 99074 926 [],[2128]
15.189415 702.000000 52473 0 1 99073 927 [],[793]
15.190926 702.000000 69777 0 1 99072 928 [],[349]
15.194070 702.000000 15301 0 1 99071 929 [],[349]
15.195586 702.400000 42730 0 1 99070 930 [],[4]
15.196493 702.400000 10139 0 1 99069 931 [],[349]
15.197166 702.500000 11937 0 1 99068 932 [],[105]
15.197190 702.900000 20314 0 1 99067 933 [],[3402]
15.201751 702.900000 44458 0 1 99066 934 [],[76]
15.204601 703.100000 8915 0 1 99065 935 [],[41741]
15.205726 703.800000 9107 0 1 99064 936 [],[10]
15.207298 704.200000 3416 0 1 99063 937 [],[86]
15.208303 704.700000 92736 0 1 99062 938 [],[8095]
15.208324 704.700000 87337 0 1 99061 939 [],[21225]
15.211912 704.700000 20989 0 1 99060 940 [],[5506]
15.212067 704.800000 98456 0 1 99059 941 [],[22909]
15.212135 704.800000 6299 0 1 99058 942 [],[79679]
15.214962 705.600000 31013 0 1 99057 943 [],[3975]
15.220760 705.700000 196 0 1 99056 944 [],[416,448,7348,8385,32822]
15.220918 717.400000 8875 0 1 99055 945 [],[86]
15.222013 717.400000 24557 0 1 99054 946 [],[22449]
15.223918 717.400000 96177 0 1 99053 947 [],[16241]
15.228038 717.400000 40602 0 1 99052 948 [],[69]
15.229272 717.500000 6442 0 1 99051 949 [],[19]
15.229301 718.200000 43458 0 1 99050 950 [],[1309]
15.235229 718.400000 77631 0 1 99049 951 [],[10]
15.235590 718.500000 37006 0 1 99048 952 [],[49,5033]
15.237097 718.300000 2 0 1 99047 953 [],[4,9,10,2440,5094,10041,15696,24541,29462,36539]
15.240975 805.600000 26714 0 1 99046 954 [],[820]
15.241302 806.000000 66798 0 1 99045 955 [],[2311]
15.243064 806.100000 98493 0 1 99044 956 [],[10]
15.246228 806.100000 74266 0 1 99043 957 [],[2]
15.248323 806.100000 10285 0 1 99042 958 [],[264]
15.251812 806.400000 62137 0 1 99041 959 [],[9]
15.252036 806.600000 20599 0 1 99040 960 [],[974]
15.252563 806.700000 25205 0 1 99039 961 [],[4]
15.253566 806.900000 142 0 1 99038 962 [],[400,47220]
15.255071 815.500000 47 0 1 99037 963 [],[139,11105,4,19]
15.255186 824.300000 28642 0 1 99036 964 [],[2]
15.256115 824.400000 20578 0 1 99035 965 [],[2237]
15.256390 824.900000 335 0 1 99034 966 [],[1120,78]
15.258736 837.700000 28250 0 1 99033 967 [],[1453]
15.258809 837.700000 68762 0 1 99032 968 [],[4429]
15.262578 837.800000 9391 0 1 99031 969 [],[6720]
15.263133 838.800000 62954 0 1 99030 970 [],[47]
15.265830 838.800000 13335 0 1 99029 971 [],[9032]
15.266130 839.900000 70534 0 1 99028 972 [],[47]
15.266861 839.900000 44683 0 1 99027 973 [],[76]
15.267006 840.100000 22643 0 1 99026 974 [],[165]
15.267786 840.100000 874 0 1 99025 975 [],[9503,153]
15.268149 844.500000 66970 0 1 99024 976 [],[236]
15.270213 844.500000 48426 0 1 99023 977 [],[14179]
15.270247 844.700000 47189 0 1 99022 978 [],[2]
15.270356 845.400000 79208 0 1 99021 979 [],[19]
15.271710 845.400000 32703 0 1 99020 980 [],[4]
15.273672 845.500000 72036 0 1 99019 981 [],[2]
15.277253 845.500000 8739 0 1 99018 982 [],[22909]
15.277579 846.500000 15338 0 1 99017 983 [],[1532]
15.277884 846.900000 115 0 1 99016 984 [],[3037,2]
15.278268 851.900000 17907 0 1 99015 985 [],[56]
15.278811 851.900000 33739 0 1 99014 986 [],[76]
15.280543 852.300000 61039 0 1 99013 987 [],[78542]
15.280682 852.400000 53852 0 1 99012 988 [],[30311]
15.280903 852.500000 88857 0 1 99011 989 [],[10]
15.281197 852.500000 44634 0 1 99010 990 [],[3521]
15.282311 852.500000 44073 0 1 99009 991 [],[9]
15.282851 852.500000 8530 0 1 99008 992 [],[95175,2]
15.283188 853.300000 41926 0 1 99007 993 [],[2]
15.283256 853.500000 79653 0 1 99006 994 [],[1120,60099]
15.289940 853.400000 72804 0 1 99005 995 [],[153]
15.291174 853.400000 77548 0 1 99004 996 [],[10]
15.291514 853.400000 62913 0 1 99003 997 [],[56]
15.292748 853.400000 81348 0 1 99002 998 [],[4]
15.293976 853.400000 73211 0 1 99001 999 [],[59554]
15.299300 853.500000 262 0 1 99000 1000 [],[80]
