2.373800 0.200000 14534 0 1 99998 2 [],[99999]
2.573412 0.600000 7203 0 1 99997 3 [],[14534]
2.872749 1.600000 46259 0 1 99996 4 [],[14534]
3.542782 1.700000 9363 0 1 99995 5 [],[7203]
3.767305 2.700000 3671 0 1 99994 6 [],[7203]
4.346891 3.600000 68347 0 1 99993 7 [],[7203]
4.487772 3.600000 91146 0 1 99992 8 [],[3671]
4.674801 3.600000 17604 0 1 99991 9 [],[9363]
5.081229 3.700000 96310 0 1 99990 10 [],[7203]
5.777784 3.700000 229 0 1 99989 11 [],[9363]
5.919658 10.000000 89590 0 1 99988 12 [],[229]
5.927214 10.000000 38586 0 1 99987 13 [],[229]
6.011352 10.100000 4983 0 1 99986 14 [],[229]
6.066354 10.900000 69717 0 1 99985 15 [],[4983]
6.071425 11.100000 684 0 1 99984 16 [],[14534]
6.083913 16.000000 6737 0 1 99983 17 [],[684]
6.091104 17.300000 84829 0 1 99982 18 [],[6737]
6.131543 17.300000 2178 0 1 99981 19 [],[229]
6.143883 21.200000 83598 0 1 99980 20 [],[6737]
6.153610 21.200000 59172 0 1 99979 21 [],[4983]
6.201096 21.300000 79561 0 1 99978 22 [],[2178]
6.286396 21.300000 45480 0 1 99977 23 [],[229]
6.291474 21.300000 272 0 1 99976 24 [],[229]
6.381162 23.500000 1349 0 1 99975 25 [],[272]
6.427449 24.300000 8239 0 1 99974 26 [],[2178]
6.456279 24.500000 65732 0 1 99973 27 [],[2178]
6.480245 24.500000 1861 0 1 99972 28 [],[229]
6.488375 25.600000 699 0 1 99971 29 [],[684]
6.495111 26.000000 75905 0 1 99970 30 [],[684]
6.508139 26.000000 82313 0 1 99969 31 [],[684]
6.515536 26.000000 22642 0 1 99968 32 [],[9363]
6.565515 26.100000 15062 0 1 99967 33 [],[1349]
6.568141 26.400000 60096 0 1 99966 34 [],[2178]
6.595812 26.600000 60787 0 1 99965 35 [],[229]
6.607633 26.600000 6076 0 1 99964 36 [],[684]
6.610573 26.900000 19612 0 1 99963 37 [],[6737]
6.686878 27.200000 567 0 1 99962 38 [],[229]
6.768975 28.600000 22916 0 1 99961 39 [],[89590]
6.772865 28.900000 98080 0 1 99960 40 [],[567]
6.786749 28.900000 8431 0 1 99959 41 [],[60787]
6.811537 30.100000 67474 0 1 99958 42 [],[96310]
6.884501 30.200000 3754 0 1 99957 43 [],[4983]
7.005409 31.900000 34570 0 1 99956 44 [],[1349]
7.012507 32.200000 56732 0 1 99955 45 [],[15062]
7.060223 32.200000 85503 0 1 99954 46 [],[3754]
7.178226 32.200000 56621 0 1 99953 47 [],[6737]
7.179175 32.300000 99857 0 1 99952 48 [],[684]
7.188661 32.300000 46482 0 1 99951 49 [],[229]
7.192636 32.500000 61775 0 1 99950 50 [],[229]
7.193318 32.600000 8054 0 1 99949 51 [],[8239]
7.204260 33.100000 74357 0 1 99948 52 [],[2178]
7.257226 33.300000 5690 0 1 99947 53 [],[85503]
7.298052 34.400000 77414 0 1 99946 54 [],[272]
7.323354 34.400000 40192 0 1 99945 55 [],[2178,8239]
7.356529 34.300000 70350 0 1 99944 56 [],[2178]
7.361896 34.300000 27767 0 1 99943 57 [],[91146]
7.414679 34.900000 30773 0 1 99942 58 [],[567]
7.458102 35.100000 57455 0 1 99941 59 [],[229]
7.464086 35.100000 9838 0 1 99940 60 [],[272]
7.485672 35.300000 77303 0 1 99939 61 [],[8431]
7.503965 35.300000 95385 0 1 99938 62 [],[2178]
7.513759 35.300000 32040 0 1 99937 63 [],[229]
7.520880 35.500000 55141 0 1 99936 64 [],[684]
7.534232 35.700000 80309 0 1 99935 65 [],[2178]
7.545688 35.700000 50187 0 1 99934 66 [],[272]
7.583485 35.700000 933 0 1 99933 67 [],[1349]
7.589429 39.400000 11518 0 1 99932 68 [],[933]
7.642217 40.200000 13537 0 1 99931 69 [],[933]
7.661464 40.800000 47650 0 1 99930 70 [],[6737]
7.666018 41.100000 38366 0 1 99929 71 [],[27767]
7.694065 41.300000 15325 0 1 99928 72 [],[933]
7.701376 41.500000 93602 0 1 99927 73 [],[684]
7.708520 41.500000 14210 0 1 99926 74 [],[3754]
7.734698 41.700000 4245 0 1 99925 75 [],[2178]
7.737380 42.800000 88769 0 1 99924 76 [],[5690]
7.738094 42.800000 41894 0 1 99923 77 [],[229]
7.788424 42.800000 182 0 1 99922 78 [],[272]
7.799443 50.600000 93318 0 1 99921 79 [],[182]
7.822210 50.600000 90642 0 1 99920 80 [],[229]
7.826165 50.600000 24971 0 1 99919 81 [],[933]
7.896242 50.800000 50364 0 1 99918 82 [],[567]
7.965186 50.800000 318 0 1 99917 83 [],[22642]
7.966670 52.100000 16360 0 1 99916 84 [],[684]
7.993800 52.200000 8733 0 1 99915 85 [],[8431]
7.999068 52.500000 65926 0 1 99914 86 [],[2178]
8.033188 52.600000 23121 0 1 99913 87 [],[684]
8.040554 52.900000 58052 0 1 99912 88 [],[684]
8.048449 52.900000 45759 0 1 99911 89 [],[684]
8.052077 53.200000 80480 0 1 99910 90 [],[2178]
8.061799 53.200000 915 0 1 99909 91 [],[6737]
8.063127 54.000000 85502 0 1 99908 92 [],[229]
8.076356 54.000000 68718 0 1 99907 93 [],[567]
8.095744 54.000000 3999 0 1 99906 94 [],[3671]
8.103262 54.800000 73274 0 1 99905 95 [],[45759]
8.107167 54.800000 24122 0 1 99904 96 [],[9363]
8.123309 54.800000 4281 0 1 99903 97 [],[182]
8.126753 55.400000 4585 0 1 99902 98 [],[1861]
8.159613 55.400000 25188 0 1 99901 99 [],[4245]
8.209219 55.900000 93129 0 1 99900 100 [],[933]
8.254578 55.900000 33762 0 1 99899 101 [],[684]
8.268275 56.000000 92705 0 1 99898 102 [],[8431]
8.282218 56.000000 13241 0 1 99897 103 [],[9363]
8.298826 56.300000 30085 0 1 99896 104 [],[933]
8.300661 56.600000 46909 0 1 99895 105 [],[5690]
8.399103 56.700000 88287 0 1 99894 106 [],[182]
8.404588 56.700000 45678 0 1 99893 107 [],[229]
8.410082 56.800000 50724 0 1 99892 108 [],[79561]
8.422088 57.000000 98033 0 1 99891 109 [],[24971]
8.425868 57.000000 35436 0 1 99890 110 [],[90642]
8.459167 57.500000 5278 0 1 99889 111 [],[3999]
8.466957 57.600000 5645 0 1 99888 112 [],[229]
8.469046 57.900000 20800 0 1 99887 113 [],[182]
8.480522 57.900000 8594 0 1 99886 114 [],[27767]
8.505232 58.700000 8017 0 1 99885 115 [],[6737]
8.533178 59.900000 99905 0 1 99884 116 [],[229]
8.536742 59.900000 93969 0 1 99883 117 [],[25188]
8.548094 59.900000 4444 0 1 99882 118 [],[229]
8.574818 60.400000 70278 0 1 99881 119 [],[8594]
8.585039 60.400000 62100 0 1 99880 120 [],[684]
8.588024 60.400000 93112 0 1 99879 121 [],[74357]
8.592199 60.400000 69 0 1 99878 122 [],[1861]
8.600611 71.200000 11512 0 1 99877 123 [],[933]
8.605002 71.300000 689 0 1 99876 124 [],[272]
8.625649 74.000000 14459 0 1 99875 125 [],[182]
8.654196 74.200000 1053 0 1 99874 126 [],[8054]
8.659369 78.600000 1589 0 1 99873 127 [],[229]
8.659401 81.600000 23458 0 1 99872 128 [],[2178]
8.659540 81.600000 479 0 1 99871 129 [],[69]
8.695391 84.300000 54140 0 1 99870 130 [],[1589]
8.727295 84.300000 86479 0 1 99869 131 [],[1589]
8.746330 84.300000 65261 0 1 99868 132 [],[69]
8.754106 84.600000 1757 0 1 99867 133 [],[1589]
8.764005 86.400000 23705 0 1 99866 134 [],[684]
8.789969 86.800000 10932 0 1 99865 135 [],[30773]
8.791461 87.500000 4847 0 1 99864 136 [],[1053]
8.798056 88.300000 1192 0 1 99863 137 [],[1053]
8.828531 89.200000 1821 0 1 99862 138 [],[699]
8.834148 92.000000 29597 0 1 99861 139 [],[38586]
8.850299 92.400000 8445 0 1 99860 140 [],[182]
8.850389 93.800000 65313 0 1 99859 141 [],[69]
8.859592 94.100000 52269 0 1 99858 142 [],[30085]
8.876067 94.400000 9076 0 1 99857 143 [],[1589]
8.879831 94.600000 86969 0 1 99856 144 [],[684]
8.893796 94.600000 451 0 1 99855 145 [],[1589]
8.906518 99.400000 75792 0 1 99854 146 [],[9363]
8.913913 99.500000 21158 0 1 99853 147 [],[1757]
8.914606 100.000000 11116 0 1 99852 148 [],[229]
8.918171 100.100000 3265 0 1 99851 149 [],[1053]
8.921205 100.700000 84853 0 1 99850 150 [],[4245]
8.926542 100.700000 49542 0 1 99849 151 [],[6737]
8.929630 100.800000 73590 0 1 99848 152 [],[69]
8.930677 100.800000 39765 0 1 99847 153 [],[38586]
8.935676 100.800000 55592 0 1 99846 154 [],[1053]
8.937058 100.900000 27761 0 1 99845 155 [],[41894]
8.938362 101.100000 17374 0 1 99844 156 [],[479]
8.940366 101.400000 5935 0 1 99843 157 [],[3754]
8.951215 101.900000 22847 0 1 99842 158 [],[77414]
8.952498 102.200000 53072 0 1 99841 159 [],[8431]
8.980167 102.200000 82058 0 1 99840 160 [],[229]
8.980518 102.200000 11948 0 1 99839 161 [],[229]
8.991367 102.300000 7410 0 1 99838 162 [],[2178]
8.997588 102.800000 19566 0 1 99837 163 [],[229]
9.005065 103.100000 67361 0 1 99836 164 [],[11948]
9.025903 103.100000 54652 0 1 99835 165 [],[69]
9.052607 103.100000 21221 0 1 99834 166 [],[182]
9.055898 103.400000 25042 0 1 99833 167 [],[272]
9.079241 103.600000 97211 0 1 99832 168 [],[11518]
9.080142 103.600000 51221 0 1 99831 169 [],[23121]
9.095089 103.700000 67566 0 1 99830 170 [],[567]
9.099709 103.700000 54616 0 1 99829 171 [],[479]
9.113367 103.700000 11464 0 1 99828 172 [],[1821]
9.116645 104.100000 3089 0 1 99827 173 [],[69]
9.126452 106.500000 64004 0 1 99826 174 [],[83598]
9.135304 106.600000 86229 0 1 99825 175 [],[25042]
9.177173 106.600000 20525 0 1 99824 176 [],[11464]
9.197282 106.900000 38159 0 1 99823 177 [],[3265]
9.203709 107.100000 4878 0 1 99822 178 [],[182]
9.207290 107.500000 81975 0 1 99821 179 [],[1053]
9.221006 107.500000 47889 0 1 99820 180 [],[47650]
9.242348 107.800000 49723 0 1 99819 181 [],[1821]
9.258823 107.800000 11437 0 1 99818 182 [],[4281]
9.261524 108.000000 59683 0 1 99817 183 [],[13537]
9.264286 108.000000 27327 0 1 99816 184 [],[182]
9.277102 108.200000 87419 0 1 99815 185 [],[69]
9.279916 108.400000 82115 0 1 99814 186 [],[684]
9.283718 108.400000 92 0 1 99813 187 [],[8594]
9.293089 112.500000 86653 0 1 99812 188 [],[1861]
9.304370 112.600000 74109 0 1 99811 189 [],[689]
9.319737 112.800000 53369 0 1 99810 190 [],[3754]
9.342815 112.800000 29201 0 1 99809 191 [],[2178]
9.350550 113.100000 37097 0 1 99808 192 [],[69]
9.352417 113.300000 87286 0 1 99807 193 [],[1053]
9.365634 113.300000 40612 0 1 99806 194 [],[11518]
9.379759 113.300000 1426 0 1 99805 195 [],[684]
9.384467 113.500000 38419 0 1 99804 196 [],[1821]
9.392385 113.500000 16 0 1 99803 197 [],[8431,54616]
9.397136 132.300000 27942 0 1 99802 198 [],[1349]
9.402577 132.300000 44701 0 1 99801 199 [],[4444]
9.411214 132.400000 71672 0 1 99800 200 [],[75905]
9.421263 132.600000 55309 0 1 99799 201 [],[272]
9.421421 132.600000 97386 0 1 99798 202 [],[27767]
9.433589 132.600000 1778 0 1 99797 203 [],[30085]
9.444285 135.100000 27783 0 1 99796 204 [],[92]
9.457537 135.200000 9116 0 1 99795 205 [],[11518]
9.457960 136.200000 8057 0 1 99794 206 [],[1192]
9.461899 136.600000 86687 0 1 99793 207 [],[69717]
9.472578 136.700000 84597 0 1 99792 208 [],[29597]
9.474319 136.800000 87619 0 1 99791 209 [],[9838]
9.476609 136.800000 66628 0 1 99790 210 [],[56621]
9.496348 136.800000 12899 0 1 99789 211 [],[1053]
9.504107 137.300000 20365 0 1 99788 212 [],[20800]
9.508950 137.500000 53220 0 1 99787 213 [],[182]
9.513012 137.600000 72398 0 1 99786 214 [],[32040]
9.518286 137.600000 2875 0 1 99785 215 [],[451]
9.520701 139.200000 47294 0 1 99784 216 [],[11437]
9.523733 139.200000 77216 0 1 99783 217 [],[34570]
9.526246 139.200000 57278 0 1 99782 218 [],[16]
9.527152 139.300000 7373 0 1 99781 219 [],[451]
9.531214 139.500000 27812 0 1 99780 220 [],[4983]
9.562156 139.600000 36822 0 1 99779 221 [],[29201]
9.572322 139.600000 5226 0 1 99778 222 [],[16]
9.576736 140.000000 48509 0 1 99777 223 [],[80480]
9.589714 140.200000 53569 0 1 99776 224 [],[1053]
9.602315 140.200000 8407 0 1 99775 225 [],[1821]
9.603230 140.500000 4093 0 1 99774 226 [],[16]
9.608380 142.000000 57155 0 1 99773 227 [],[1589]
9.617225 142.100000 119 0 1 99772 228 [],[16]
9.618436 154.700000 53048 0 1 99771 229 [],[451]
9.626612 154.800000 99697 0 1 99770 230 [],[16]
9.628599 154.800000 8465 0 1 99769 231 [],[182]
9.632638 156.700000 72572 0 1 99768 232 [],[318]
9.633516 156.700000 59882 0 1 99767 233 [],[684]
9.662506 157.100000 36983 0 1 99766 234 [],[5935]
9.668145 157.100000 7568 0 1 99765 235 [],[8054]
9.668992 158.800000 23378 0 1 99764 236 [],[16]
9.673249 159.200000 15990 0 1 99763 237 [],[9116]
9.697276 159.200000 19048 0 1 99762 238 [],[119]
9.702910 159.400000 74950 0 1 99761 239 [],[92]
9.735919 159.400000 80541 0 1 99760 240 [],[8017]
9.737363 159.500000 36683 0 1 99759 241 [],[16]
9.737530 159.500000 2032 0 1 99758 242 [],[1821]
9.739187 161.000000 71669 0 1 99757 243 [],[16]
9.741096 161.200000 94863 0 1 99756 244 [],[92]
9.741564 161.200000 19294 0 1 99755 245 [],[4093]
9.752225 161.900000 54461 0 1 99754 246 [],[69]
9.754432 162.000000 5861 0 1 99753 247 [],[1757]
9.756721 162.700000 17928 0 1 99752 248 [],[4093]
9.758606 162.700000 65828 0 1 99751 249 [],[933]
9.761865 162.800000 5093 0 1 99750 250 [],[98080]
9.765347 163.300000 3445 0 1 99749 251 [],[1053]
9.777424 163.600000 40145 0 1 99748 252 [],[69]
9.781000 163.600000 80072 0 1 99747 253 [],[16]
9.789012 163.600000 510 0 1 99746 254 [],[5690,229]
9.791940 165.600000 35949 0 1 99745 255 [],[2032]
9.821965 166.100000 47464 0 1 99744 256 [],[915]
9.826232 166.300000 80698 0 1 99743 257 [],[229]
9.827530 166.400000 9739 0 1 99742 258 [],[68347]
9.829944 168.500000 84070 0 1 99741 259 [],[272]
9.829986 168.500000 5186 0 1 99740 260 [],[4093]
9.835538 169.000000 204 0 1 99739 261 [],[3754,40612]
9.837533 174.900000 92999 0 1 99738 262 [],[8594]
9.838568 174.900000 95272 0 1 99737 263 [],[510]
9.838875 174.900000 36762 0 1 99736 264 [],[4444]
9.848886 175.100000 1209 0 1 99735 265 [],[684]
9.849111 175.200000 32460 0 1 99734 266 [],[7203]
9.851297 175.300000 18231 0 1 99733 267 [],[8465]
9.854641 175.600000 3054 0 1 99732 268 [],[689]
9.860684 175.800000 83010 0 1 99731 269 [],[119]
9.860933 175.800000 23321 0 1 99730 270 [],[16]
9.863159 176.300000 1974 0 1 99729 271 [],[204]
9.874607 177.300000 42913 0 1 99728 272 [],[1349]
9.875681 177.400000 1299 0 1 99727 273 [],[204]
9.875955 181.900000 59134 0 1 99726 274 [],[16]
9.878386 182.000000 71 0 1 99725 275 [],[69]
9.880547 193.300000 28246 0 1 99724 276 [],[9116]
9.884196 193.400000 3311 0 1 99723 277 [],[1192]
9.891453 196.400000 41 0 1 99722 278 [],[229,5093]
9.902756 226.900000 1262 0 1 99721 279 [],[451]
9.907651 227.600000 17828 0 1 99720 280 [],[16]
9.919548 227.700000 80464 0 1 99719 281 [],[119]
9.931131 227.700000 4626 0 1 99718 282 [],[204]
9.934250 228.100000 78993 0 1 99717 283 [],[684]
9.938212 228.100000 28780 0 1 99716 284 [],[229]
9.946233 228.200000 93177 0 1 99715 285 [],[4444]
9.959541 228.300000 53267 0 1 99714 286 [],[71]
9.965445 228.300000 1997 0 1 99713 287 [],[8733]
9.973036 230.100000 99987 0 1 99712 288 [],[684]
9.975897 230.100000 72021 0 1 99711 289 [],[23705]
9.982488 230.200000 97 0 1 99710 290 [],[182]
9.985912 239.200000 4177 0 1 99709 291 [],[41]
9.994410 239.800000 666 0 1 99708 292 [],[14210]
9.996602 241.200000 8014 0 1 99707 293 [],[9739]
9.997312 242.100000 48438 0 1 99706 294 [],[684]
10.002029 242.300000 15228 0 1 99705 295 [],[77216]
10.006015 242.600000 1506 0 1 99704 296 [],[182]
10.009417 242.600000 26435 0 1 99703 297 [],[41]
10.010877 242.700000 38154 0 1 99702 298 [],[1757]
10.015872 242.900000 97484 0 1 99701 299 [],[41]
10.022334 242.900000 24445 0 1 99700 300 [],[53220]
10.024190 243.400000 5196 0 1 99699 301 [],[7373]
10.024970 243.700000 1868 0 1 99698 302 [],[119,204]
10.029478 245.100000 64996 0 1 99697 303 [],[479]
10.037731 245.200000 26830 0 1 99696 304 [],[41]
10.049580 245.200000 14294 0 1 99695 305 [],[1778]
10.051749 245.300000 73643 0 1 99694 306 [],[229]
10.055702 245.300000 7047 0 1 99693 307 [],[3311]
10.064405 247.200000 70036 0 1 99692 308 [],[8445]
10.067191 247.200000 46872 0 1 99691 309 [],[1299]
10.072380 247.200000 65139 0 1 99690 310 [],[7047]
10.075796 247.200000 36806 0 1 99689 311 [],[23378]
10.087080 247.300000 78101 0 1 99688 312 [],[16]
10.094805 247.300000 47920 0 1 99687 313 [],[119]
10.099302 247.400000 15 0 1 99686 314 [],[53072]
10.099887 275.700000 49769 0 1 99685 315 [],[8594]
10.103059 275.700000 13321 0 1 99684 316 [],[16]
10.110755 276.000000 12639 0 1 99683 317 [],[1299]
10.113120 276.500000 74301 0 1 99682 318 [],[1053]
10.116893 276.500000 62231 0 1 99681 319 [],[71]
10.118145 276.600000 88122 0 1 99680 320 [],[1209]
10.119826 276.600000 27793 0 1 99679 321 [],[3311]
10.121256 276.900000 16681 0 1 99678 322 [],[182]
10.124278 277.500000 22128 0 1 99677 323 [],[7047]
10.124622 277.700000 36407 0 1 99676 324 [],[204]
10.125166 277.700000 18559 0 1 99675 325 [],[41]
10.132959 277.700000 92778 0 1 99674 326 [],[69]
10.132964 277.700000 12339 0 1 99673 327 [],[4847]
10.137385 277.900000 16549 0 1 99672 328 [],[689]
10.138374 278.600000 96027 0 1 99671 329 [],[27793]
10.143405 278.600000 1424 0 1 99670 330 [],[9739]
10.147396 279.600000 79986 0 1 99669 331 [],[21158]
10.148424 279.600000 4381 0 1 99668 332 [],[16]
10.148489 280.000000 54443 0 1 99667 333 [],[41]
10.148932 280.000000 90997 0 1 99666 334 [],[41]
10.152205 280.100000 62313 0 1 99665 335 [],[97]
10.153673 280.100000 89054 0 1 99664 336 [],[15]
10.155868 280.100000 45203 0 1 99663 337 [],[69]
10.160535 280.100000 23513 0 1 99662 338 [],[8465]
10.163741 280.200000 39914 0 1 99661 339 [],[41]
10.166251 280.300000 67 0 1 99660 340 [],[15]
10.166654 285.800000 68802 0 1 99659 341 [],[4177]
10.167080 285.900000 49860 0 1 99658 342 [],[69]
10.168344 285.900000 10116 0 1 99657 343 [],[666]
10.169395 285.900000 61823 0 1 99656 344 [],[2032]
10.171309 285.900000 22536 0 1 99655 345 [],[15]
10.179437 286.000000 87493 0 1 99654 346 [],[15]
10.188548 286.000000 5000 0 1 99653 347 [],[16]
10.193438 286.300000 3072 0 1 99652 348 [],[15]
10.196461 286.500000 22901 0 1 99651 349 [],[451]
10.197121 286.500000 26029 0 1 99650 350 [],[451]
10.202794 286.500000 18336 0 1 99649 351 [],[5645]
10.208913 286.900000 405 0 1 99648 352 [],[97]
10.212597 290.000000 3801 0 1 99647 353 [],[119]
10.218520 291.300000 81455 0 1 99646 354 [],[72021]
10.219855 291.500000 98775 0 1 99645 355 [],[71]
10.227935 291.500000 3385 0 1 99644 356 [],[39765]
10.234096 292.200000 23759 0 1 99643 357 [],[7568]
10.235235 292.200000 47030 0 1 99642 358 [],[15228]
10.243297 292.500000 5044 0 1 99641 359 [],[65732]
10.245674 293.500000 2139 0 1 99640 360 [],[933]
10.246929 294.800000 13568 0 1 99639 361 [],[7568]
10.249499 295.200000 2887 0 1 99638 362 [],[16]
10.250089 296.700000 6042 0 1 99637 363 [],[204]
10.255649 297.600000 35888 0 1 99636 364 [],[119]
10.256073 297.700000 29807 0 1 99635 365 [],[41]
10.256285 297.700000 11527 0 1 99634 366 [],[41]
10.262324 298.000000 71698 0 1 99633 367 [],[6076]
10.273041 298.100000 41180 0 1 99632 368 [],[41]
10.279960 298.300000 9449 0 1 99631 369 [],[8594]
10.283887 298.700000 95017 0 1 99630 370 [],[16]
10.289811 298.700000 77492 0 1 99629 371 [],[92]
10.293964 298.700000 51415 0 1 99628 372 [],[3801]
10.311785 298.700000 12388 0 1 99627 373 [],[119]
10.315925 299.000000 25099 0 1 99626 374 [],[4847]
10.329352 299.200000 76202 0 1 99625 375 [],[74109]
10.334939 299.200000 1328 0 1 99624 376 [],[41]
10.336126 299.600000 39815 0 1 99623 377 [],[23321]
10.342746 299.900000 76102 0 1 99622 378 [],[229]
10.345162 299.900000 20841 0 1 99621 379 [],[229]
10.346714 300.200000 15332 0 1 99620 380 [],[479]
10.353487 301.200000 8418 0 1 99619 381 [],[16,119]
10.361313 301.300000 2985 0 1 99618 382 [],[119]
10.363171 301.600000 53380 0 1 99617 383 [],[1868]
10.363418 301.900000 93834 0 1 99616 384 [],[19294]
10.365212 301.900000 15822 0 1 99615 385 [],[11464]
10.378673 302.100000 83 0 1 99614 386 [],[41]
10.380287 302.800000 44486 0 1 99613 387 [],[92999]
10.382120 303.100000 16011 0 1 99612 388 [],[1589]
10.383201 303.800000 11381 0 1 99611 389 [],[88769]
10.384802 304.100000 241 0 1 99610 390 [],[41]
10.387063 307.600000 53638 0 1 99609 391 [],[9449]
10.392494 307.700000 13575 0 1 99608 392 [],[4847]
10.399325 308.000000 93118 0 1 99607 393 [],[21158]
10.400615 308.000000 75371 0 1 99606 394 [],[2875]
10.400984 308.100000 30064 0 1 99605 395 [],[19294]
10.401166 308.200000 96844 0 1 99604 396 [],[3089]
10.404427 308.200000 63068 0 1 99603 397 [],[86653]
10.410758 308.500000 89864 0 1 99602 398 [],[69]
10.415860 308.500000 31949 0 1 99601 399 [],[55141]
10.421181 308.700000 4691 0 1 99600 400 [],[41]
10.424519 308.800000 89 0 1 99599 401 [],[1053]
10.427343 313.300000 44368 0 1 99598 402 [],[19294]
10.432493 313.500000 16275 0 1 99597 403 [],[5935]
10.435758 313.700000 59063 0 1 99596 404 [],[16]
10.437906 313.700000 235 0 1 99595 405 [],[15]
10.440809 315.400000 29360 0 1 99594 406 [],[451]
10.441455 315.500000 499 0 1 99593 407 [],[89]
10.447706 315.800000 42003 0 1 99592 408 [],[41,5044]
10.453174 315.900000 16765 0 1 99591 409 [],[41]
10.453802 316.400000 460 0 1 99590 410 [],[41]
10.462874 323.000000 45761 0 1 99589 411 [],[460]
10.463554 323.200000 49629 0 1 99588 412 [],[933]
10.466001 323.200000 12382 0 1 99587 413 [],[4245]
10.469019 323.300000 70893 0 1 99586 414 [],[510]
10.470904 323.300000 76181 0 1 99585 415 [],[2887]
10.472592 323.300000 97130 0 1 99584 416 [],[41]
10.474437 323.300000 48988 0 1 99583 417 [],[16549]
10.477056 323.400000 8734 0 1 99582 418 [],[3754]
10.480533 323.700000 65473 0 1 99581 419 [],[8017]
10.485229 323.700000 17497 0 1 99580 420 [],[89]
10.488288 323.900000 8821 0 1 99579 421 [],[16]
10.488969 324.600000 6756 0 1 99578 422 [],[2887]
10.490302 325.100000 9632 0 1 99577 423 [],[5093]
10.492192 325.900000 40222 0 1 99576 424 [],[54140]
10.493664 326.000000 38935 0 1 99575 425 [],[405]
10.494456 326.000000 7764 0 1 99574 426 [],[1349]
10.500985 326.900000 28311 0 1 99573 427 [],[14459]
10.503181 327.000000 76940 0 1 99572 428 [],[71]
10.503607 327.100000 70936 0 1 99571 429 [],[1821]
10.504271 327.200000 97112 0 1 99570 430 [],[4983]
10.504739 327.200000 2683 0 1 99569 431 [],[89]
10.506850 327.700000 40189 0 1 99568 432 [],[1778]
10.507144 327.800000 41038 0 1 99567 433 [],[3072]
10.509143 327.800000 5 0 1 99566 434 [],[97112]
10.511338 362.300000 83547 0 1 99565 435 [],[5]
10.511968 362.300000 1838 0 1 99564 436 [],[27761]
10.514233 362.600000 2530 0 1 99563 437 [],[71]
10.518769 363.400000 70568 0 1 99562 438 [],[7047]
10.522103 363.400000 3033 0 1 99561 439 [],[4444,49860,5]
10.528506 366.000000 91925 0 1 99560 440 [],[97]
10.529908 366.100000 42167 0 1 99559 441 [],[1778]
10.540283 366.200000 25043 0 1 99558 442 [],[1262]
10.542704 366.300000 25016 0 1 99557 443 [],[3089]
10.543767 366.400000 63178 0 1 99556 444 [],[57278]
10.544091 366.400000 61059 0 1 99555 445 [],[5]
10.545190 366.400000 9740 0 1 99554 446 [],[5690]
10.546275 366.400000 64944 0 1 99553 447 [],[15]
10.551302 366.400000 71815 0 1 99552 448 [],[8465]
10.553603 366.400000 25729 0 1 99551 449 [],[5]
10.555003 366.700000 655 0 1 99550 450 [],[5]
10.559217 367.100000 79491 0 1 99549 451 [],[15]
10.560657 367.100000 21302 0 1 99548 452 [],[15]
10.562607 367.100000 3692 0 1 99547 453 [],[26830]
10.564608 368.200000 15369 0 1 99546 454 [],[119]
10.565469 368.600000 99196 0 1 99545 455 [],[97]
10.566603 368.600000 128 0 1 99544 456 [],[460]
10.566799 374.600000 61174 0 1 99543 457 [],[5]
10.567294 374.600000 13492 0 1 99542 458 [],[451]
10.570098 374.700000 90749 0 1 99541 459 [],[229]
10.570198 374.700000 38655 0 1 99540 460 [],[97]
10.573500 374.800000 14796 0 1 99539 461 [],[67]
10.583600 375.500000 6189 0 1 99538 462 [],[182]
10.586188 375.800000 22101 0 1 99537 463 [],[15]
10.594473 376.000000 54861 0 1 99536 464 [],[204]
10.595910 376.000000 3421 0 1 99535 465 [],[69]
10.610448 377.000000 52524 0 1 99534 466 [],[235]
10.611101 377.000000 74347 0 1 99533 467 [],[71]
10.614103 377.100000 19606 0 1 99532 468 [],[1868]
10.614486 377.200000 4737 0 1 99531 469 [],[15]
10.614908 377.300000 61458 0 1 99530 470 [],[5]
10.618290 377.400000 59953 0 1 99529 471 [],[2530]
10.618815 377.500000 5216 0 1 99528 472 [],[1757]
10.624135 378.300000 91 0 1 99527 473 [],[684,5]
10.633018 382.700000 69818 0 1 99526 474 [],[1778]
10.634246 382.700000 87178 0 1 99525 475 [],[71]
10.636453 382.700000 40576 0 1 99524 476 [],[204,13568]
10.637779 382.800000 46617 0 1 99523 477 [],[15]
10.640065 382.900000 50773 0 1 99522 478 [],[41]
10.640126 383.000000 22543 0 1 99521 479 [],[128]
10.640386 383.000000 1431 0 1 99520 480 [],[1053]
10.641321 384.100000 63179 0 1 99519 481 [],[22128]
10.645855 384.100000 210 0 1 99518 482 [],[9632]
10.646409 389.000000 64277 0 1 99517 483 [],[2139]
10.646605 389.000000 25874 0 1 99516 484 [],[1778]
10.647458 389.100000 57268 0 1 99515 485 [],[119]
10.648632 389.100000 17270 0 1 99514 486 [],[31949]
10.649115 389.500000 547 0 1 99513 487 [],[62313]
10.656200 393.000000 12730 0 1 99512 488 [],[5690]
10.656241 393.900000 40282 0 1 99511 489 [],[15]
10.657655 394.200000 1511 0 1 99510 490 [],[16]
10.658022 394.600000 16012 0 1 99509 491 [],[41]
10.659735 394.800000 3407 0 1 99508 492 [],[3089]
10.659958 395.000000 1264 0 1 99507 493 [],[5]
10.663276 396.300000 98953 0 1 99506 494 [],[4983]
10.668007 396.300000 69950 0 1 99505 495 [],[182]
10.678801 396.300000 23224 0 1 99504 496 [],[6756]
10.681450 396.300000 38787 0 1 99503 497 [],[41]
10.684742 396.400000 52779 0 1 99502 498 [],[119]
10.701383 396.400000 2443 0 1 99501 499 [],[87419,229]
10.701501 396.800000 8183 0 1 99500 500 [],[235]
10.701932 397.100000 4541 0 1 99499 501 [],[3801]
10.704092 398.100000 285 0 1 99498 502 [],[2178,119]
10.706599 406.500000 30689 0 1 99497 503 [],[119]
10.706724 407.000000 37216 0 1 99496 504 [],[405]
10.709967 407.200000 96474 0 1 99495 505 [],[1589]
10.710553 407.300000 1258 0 1 99494 506 [],[41]
10.710979 408.500000 84710 0 1 99493 507 [],[80541]
10.716459 408.600000 9117 0 1 99492 508 [],[71]
10.717961 409.000000 43214 0 1 99491 509 [],[13537]
10.720253 409.100000 11820 0 1 99490 510 [],[24971,1868]
10.721801 409.800000 92490 0 1 99489 511 [],[71]
10.725682 409.800000 55747 0 1 99488 512 [],[5]
10.728685 409.800000 2100 0 1 99487 513 [],[15,69]
10.730494 410.100000 24062 0 1 99486 514 [],[15]
10.731074 410.200000 47122 0 1 99485 515 [],[9739]
10.732485 410.200000 483 0 1 99484 516 [],[8017]
10.736025 411.900000 70231 0 1 99483 517 [],[88287]
10.739281 412.000000 11311 0 1 99482 518 [],[79986]
10.740575 412.500000 73486 0 1 99481 519 [],[41]
10.741979 412.600000 89017 0 1 99480 520 [],[91]
10.742202 412.600000 37032 0 1 99479 521 [],[2032]
10.744847 412.800000 64597 0 1 99478 522 [],[119]
10.745028 413.000000 54354 0 1 99477 523 [],[7203]
10.745786 413.000000 94233 0 1 99476 524 [],[34570]
10.755968 413.000000 48401 0 1 99475 525 [],[1997]
10.756550 413.000000 23064 0 1 99474 526 [],[285]
10.756805 413.000000 72755 0 1 99473 527 [],[1431]
10.758129 413.100000 32234 0 1 99472 528 [],[1192]
10.759291 413.100000 40219 0 1 99471 529 [],[27767]
10.760448 413.200000 63399 0 1 99470 530 [],[210]
10.765218 413.300000 77866 0 1 99469 531 [],[13575]
10.772306 413.300000 97747 0 1 99468 532 [],[460]
10.773943 413.300000 29194 0 1 99467 533 [],[15]
10.777752 413.300000 87773 0 1 99466 534 [],[5]
10.783507 413.300000 2273 0 1 99465 535 [],[1757]
10.795053 413.400000 36985 0 1 99464 536 [],[1589]
10.795999 413.500000 50090 0 1 99463 537 [],[1431]
10.802917 413.500000 6319 0 1 99462 538 [],[62231,5]
10.803806 413.900000 61124 0 1 99461 539 [],[119]
10.804968 414.000000 27585 0 1 99460 540 [],[8183]
10.805825 414.200000 17894 0 1 99459 541 [],[5]
10.806733 414.400000 5296 0 1 99458 542 [],[229]
10.807343 415.100000 58404 0 1 99457 543 [],[182]
10.811473 415.200000 19848 0 1 99456 544 [],[7568]
10.812130 415.200000 20813 0 1 99455 545 [],[14796]
10.813003 415.200000 8556 0 1 99454 546 [],[31949]
10.814947 416.400000 69968 0 1 99453 547 [],[1262]
10.821842 416.400000 20 0 1 99452 548 [],[405,96027]
10.823527 435.200000 28419 0 1 99451 549 [],[241]
10.827433 435.300000 96731 0 1 99450 550 [],[567]
10.828730 435.300000 28437 0 1 99449 551 [],[15]
10.828734 435.400000 62842 0 1 99448 552 [],[41]
10.831656 435.400000 33567 0 1 99447 553 [],[4541]
10.834314 435.500000 68123 0 1 99446 554 [],[5]
10.836990 435.500000 99212 0 1 99445 555 [],[97]
10.841309 435.500000 5547 0 1 99444 556 [],[1861]
10.841360 436.700000 72172 0 1 99443 557 [],[1821]
10.842098 436.800000 15393 0 1 99442 558 [],[41]
10.843872 436.900000 11018 0 1 99441 559 [],[16]
10.846526 437.800000 31362 0 1 99440 560 [],[27783]
10.853268 437.800000 48485 0 1 99439 561 [],[3089]
10.854211 437.800000 709 0 1 99438 562 [],[41]
10.856630 439.200000 3945 0 1 99437 563 [],[1589,3033]
10.857221 439.400000 6033 0 1 99436 564 [],[64944,91]
10.858426 439.400000 50494 0 1 99435 565 [],[25042]
10.860228 439.600000 1519 0 1 99434 566 [],[26029,1053]
10.861864 440.300000 30843 0 1 99433 567 [],[20]
10.863036 440.400000 84174 0 1 99432 568 [],[8014]
10.863449 440.400000 2343 0 1 99431 569 [],[84710]
10.863781 442.700000 9744 0 1 99430 570 [],[3692]
10.868533 443.500000 45569 0 1 99429 571 [],[1974]
10.871262 443.700000 49905 0 1 99428 572 [],[8594]
10.872390 443.900000 44924 0 1 99427 573 [],[119]
10.872480 444.100000 99655 0 1 99426 574 [],[5]
10.872955 444.100000 24488 0 1 99425 575 [],[8017]
10.877748 444.100000 16432 0 1 99424 576 [],[24445]
10.884797 444.200000 143 0 1 99423 577 [],[510,54861,5]
10.886945 457.700000 71805 0 1 99422 578 [],[3754]
10.891312 457.700000 7060 0 1 99421 579 [],[285]
10.891714 458.100000 16276 0 1 99420 580 [],[5]
10.895689 458.500000 62720 0 1 99419 581 [],[41]
10.896189 458.500000 529 0 1 99418 582 [],[2343]
10.897318 462.200000 51424 0 1 99417 583 [],[204]
10.900211 462.200000 90679 0 1 99416 584 [],[8017]
10.904159 462.200000 24678 0 1 99415 585 [],[460]
10.908051 462.400000 25864 0 1 99414 586 [],[1053]
10.910661 463.000000 96701 0 1 99413 587 [],[20]
10.912357 463.000000 48432 0 1 99412 588 [],[41]
10.912891 463.200000 15701 0 1 99411 589 [],[16]
10.921509 463.300000 39808 0 1 99410 590 [],[15332]
10.923079 463.400000 1469 0 1 99409 591 [],[529]
10.925244 464.100000 37332 0 1 99408 592 [],[3671]
10.926754 464.200000 68391 0 1 99407 593 [],[20]
10.928707 464.200000 6447 0 1 99406 594 [],[13568,510]
10.929006 464.700000 459 0 1 99405 595 [],[143]
10.931561 466.000000 91039 0 1 99404 596 [],[71]
10.934696 466.000000 17683 0 1 99403 597 [],[53569,4093]
10.935775 466.300000 22628 0 1 99402 598 [],[16765]
10.939446 466.900000 40170 0 1 99401 599 [],[8556]
10.940326 467.100000 24217 0 1 99400 600 [],[20]
10.941777 467.500000 2116 0 1 99399 601 [],[460]
10.944495 468.500000 15251 0 1 99398 602 [],[67]
10.947431 468.500000 8397 0 1 99397 603 [],[42913]
10.948504 469.000000 197 0 1 99396 604 [],[16,41]
10.949083 469.300000 25817 0 1 99395 605 [],[285]
10.951404 469.400000 23127 0 1 99394 606 [],[70936]
10.952513 469.800000 69154 0 1 99393 607 [],[15]
10.953322 469.800000 13961 0 1 99392 608 [],[119]
10.956611 469.900000 13516 0 1 99391 609 [],[16]
10.957607 470.300000 107 0 1 99390 610 [],[128,15]
10.958265 476.800000 4446 0 1 99389 611 [],[41]
10.958446 477.000000 724 0 1 99388 612 [],[16681]
10.961482 479.400000 90198 0 1 99387 613 [],[69]
10.963953 479.400000 10417 0 1 99386 614 [],[6189]
10.964672 479.500000 7823 0 1 99385 615 [],[15]
10.967513 479.500000 18807 0 1 99384 616 [],[5861]
10.972052 479.500000 25127 0 1 99383 617 [],[119]
10.975967 479.500000 28939 0 1 99382 618 [],[128]
10.976213 479.500000 89628 0 1 99381 619 [],[143]
10.977896 479.500000 4385 0 1 99380 620 [],[72755]
10.978048 481.000000 5162 0 1 99379 621 [],[8556]
10.979290 481.900000 548 0 1 99378 622 [],[48485,241]
10.981448 485.000000 37562 0 1 99377 623 [],[8445]
10.985633 485.200000 5009 0 1 99376 624 [],[107]
10.986231 486.700000 79644 0 1 99375 625 [],[229]
10.989705 486.800000 13689 0 1 99374 626 [],[22543]
10.989804 487.800000 42428 0 1 99373 627 [],[451]
10.990755 487.800000 57 0 1 99372 628 [],[5,41]
10.993273 490.100000 31437 0 1 99371 629 [],[119]
10.993572 490.100000 11621 0 1 99370 630 [],[35436]
10.994060 491.500000 81801 0 1 99369 631 [],[143]
10.994754 491.500000 10835 0 1 99368 632 [],[45759,460]
10.995283 491.800000 25647 0 1 99367 633 [],[204]
10.999627 492.500000 2219 0 1 99366 634 [],[12730]
11.005279 494.100000 31714 0 1 99365 635 [],[19606]
11.008531 494.100000 68793 0 1 99364 636 [],[44486]
11.008913 494.200000 739 0 1 99363 637 [],[67]
11.011038 495.000000 5956 0 1 99362 638 [],[41]
11.011442 495.500000 5366 0 1 99361 639 [],[40219,15]
11.011799 497.900000 5115 0 1 99360 640 [],[451]
11.013434 498.600000 37023 0 1 99359 641 [],[915]
11.014788 498.600000 4032 0 1 99358 642 [],[5]
11.017411 499.300000 74903 0 1 99357 643 [],[128]
11.025051 499.300000 2112 0 1 99356 644 [],[92]
11.026002 499.400000 80360 0 1 99355 645 [],[1299]
11.031553 499.400000 579 0 1 99354 646 [],[45678]
11.033725 501.000000 37499 0 1 99353 647 [],[318]
11.035844 501.200000 12053 0 1 99352 648 [],[5]
11.036999 501.800000 59681 0 1 99351 649 [],[37032]
11.037970 501.800000 323 0 1 99350 650 [],[71]
11.038321 502.600000 7046 0 1 99349 651 [],[2343]
11.038620 504.100000 89331 0 1 99348 652 [],[709]
11.041871 504.100000 161 0 1 99347 653 [],[2273]
11.042492 509.400000 23160 0 1 99346 654 [],[1262]
11.046524 509.500000 568 0 1 99345 655 [],[15]
11.047118 511.900000 4174 0 1 99344 656 [],[5]
11.048732 512.300000 26342 0 1 99343 657 [],[15]
11.051721 512.400000 12358 0 1 99342 658 [],[684]
11.053744 512.700000 27314 0 1 99341 659 [],[143]
11.059990 513.100000 14932 0 1 99340 660 [],[1821]
11.061074 513.500000 69924 0 1 99339 661 [],[5044]
11.064370 513.500000 35198 0 1 99338 662 [],[69]
11.068026 513.600000 46334 0 1 99337 663 [],[20]
11.069042 513.600000 85817 0 1 99336 664 [],[41]
11.072446 513.600000 7 0 1 99335 665 [],[32234,5]
11.074729 522.500000 59509 0 1 99334 666 [],[13689]
11.075765 522.500000 11231 0 1 99333 667 [],[97]
11.075825 522.800000 27279 0 1 99332 668 [],[1299]
11.077478 522.800000 89229 0 1 99331 669 [],[1519]
11.079226 522.800000 63513 0 1 99330 670 [],[182]
11.080172 522.800000 19497 0 1 99329 671 [],[69]
11.080426 523.600000 9516 0 1 99328 672 [],[547]
11.081767 524.000000 42363 0 1 99327 673 [],[41]
11.085104 524.000000 58429 0 1 99326 674 [],[89]
11.087348 524.000000 45603 0 1 99325 675 [],[24217]
11.087850 524.000000 1240 0 1 99324 676 [],[41]
11.089029 528.900000 45993 0 1 99323 677 [],[20,5690]
11.092965 528.700000 74936 0 1 99322 678 [],[20]
11.098151 528.800000 32483 0 1 99321 679 [],[41]
11.099455 529.000000 65948 0 1 99320 680 [],[548]
11.101949 529.100000 581 0 1 99319 681 [],[50090,92]
11.103195 531.200000 362 0 1 99318 682 [],[182]
11.103637 532.800000 9884 0 1 99317 683 [],[16549,27793]
11.105907 534.400000 94452 0 1 99316 684 [],[65313]
11.106174 534.400000 51139 0 1 99315 685 [],[57]
11.110438 534.400000 66369 0 1 99314 686 [],[11621]
11.115576 534.400000 8978 0 1 99313 687 [],[5]
11.119918 534.400000 64039 0 1 99312 688 [],[61775]
11.122091 534.500000 4520 0 1 99311 689 [],[182]
11.123206 536.800000 91248 0 1 99310 690 [],[41]
11.123418 536.800000 8373 0 1 99309 691 [],[2178]
11.124139 537.200000 8565 0 1 99308 692 [],[460]
11.125782 537.300000 48983 0 1 99307 693 [],[92]
11.127063 537.500000 53231 0 1 99306 694 [],[210]
11.127170 537.500000 46634 0 1 99305 695 [],[548]
11.128132 537.500000 70294 0 1 99304 696 [],[1757]
11.128307 537.500000 3059 0 1 99303 697 [],[1519]
11.130452 538.400000 1695 0 1 99302 698 [],[61059,5]
11.132517 540.100000 6400 0 1 99301 699 [],[22901]
11.133153 540.600000 38532 0 1 99300 700 [],[91]
11.133841 540.800000 53404 0 1 99299 701 [],[460]
11.135288 540.800000 16678 0 1 99298 702 [],[8445]
11.136442 541.400000 16708 0 1 99297 703 [],[16]
11.137491 541.400000 70826 0 1 99296 704 [],[143]
11.140165 541.500000 1445 0 1 99295 705 [],[10116]
11.141074 545.000000 42036 0 1 99294 706 [],[42003]
11.144334 545.100000 36538 0 1 99293 707 [],[71]
11.145225 545.300000 2226 0 1 99292 708 [],[16]
11.149591 546.300000 4 0 1 99291 709 [],[5,16,41,89,97,119,128,161,499,655,1258,3072,5216,8431,9076,13492,27761,32040,38655]
11.150244 648.300000 98149 0 1 99290 710 [],[97]
11.151167 648.300000 62279 0 1 99289 711 [],[4]
11.154900 648.300000 26010 0 1 99288 712 [],[7764]
11.155524 648.900000 42932 0 1 99287 713 [],[4]
11.163630 649.000000 49846 0 1 99286 714 [],[547]
11.164670 649.000000 661 0 1 99285 715 [],[30843]
11.172236 652.000000 54671 0 1 99284 716 [],[36985]
11.172753 652.100000 36494 0 1 99283 717 [],[4520]
11.173807 652.100000 8134 0 1 99282 718 [],[7764]
11.175201 652.600000 93355 0 1 99281 719 [],[30689]
11.176020 652.600000 22992 0 1 99280 720 [],[4]
11.177499 653.000000 42591 0 1 99279 721 [],[97]
11.180255 653.000000 508 0 1 99278 722 [],[91]
11.180350 653.700000 28836 0 1 99277 723 [],[143]
11.180819 654.100000 2764 0 1 99276 724 [],[1328]
11.182280 655.600000 35774 0 1 99275 725 [],[4]
11.182700 655.600000 37959 0 1 99274 726 [],[4]
11.185186 655.800000 98829 0 1 99273 727 [],[87419]
11.186226 655.800000 15516 0 1 99272 728 [],[16]
11.187416 655.800000 50280 0 1 99271 729 [],[4]
11.188395 655.800000 17 0 1 99270 730 [],[20,699,3671,42591,4,16]
11.189521 672.900000 43762 0 1 99269 731 [],[581]
11.193444 673.000000 34316 0 1 99268 732 [],[161]
11.194681 673.000000 20427 0 1 99267 733 [],[204]
11.195228 673.500000 41840 0 1 99266 734 [],[89]
11.196698 673.500000 1837 0 1 99265 735 [],[63068,4]
11.196892 674.200000 84424 0 1 99264 736 [],[67]
11.197020 674.200000 46324 0 1 99263 737 [],[547]
11.198187 674.300000 21068 0 1 99262 738 [],[1511]
11.198916 674.300000 16886 0 1 99261 739 [],[94233]
11.201361 675.100000 98198 0 1 99260 740 [],[5093]
11.202419 675.200000 67628 0 1 99259 741 [],[8821]
11.203789 675.300000 9923 0 1 99258 742 [],[143]
11.204234 675.900000 62997 0 1 99257 743 [],[67]
11.207044 676.100000 77442 0 1 99256 744 [],[285]
11.207111 676.100000 58172 0 1 99255 745 [],[17]
11.215789 676.300000 49397 0 1 99254 746 [],[4]
11.216383 676.300000 34443 0 1 99253 747 [],[1445]
11.220641 676.400000 21775 0 1 99252 748 [],[77442]
11.223835 677.100000 82488 0 1 99251 749 [],[2139]
11.225290 677.100000 9914 0 1 99250 750 [],[2178]
11.226742 677.500000 12243 0 1 99249 751 [],[119]
11.227324 677.900000 24855 0 1 99248 752 [],[70278,71]
11.231830 678.300000 90209 0 1 99247 753 [],[15]
11.232048 678.400000 98737 0 1 99246 754 [],[4]
11.234641 678.400000 82343 0 1 99245 755 [],[9744]
11.235608 678.500000 62883 0 1 99244 756 [],[4,739]
11.237134 678.300000 48896 0 1 99243 757 [],[161]
11.237575 678.300000 22601 0 1 99242 758 [],[90679]
11.238471 679.100000 15883 0 1 99241 759 [],[4]
11.239143 679.400000 55510 0 1 99240 760 [],[5]
11.239221 679.600000 367 0 1 99239 761 [],[3692,40222]
11.239504 686.300000 62287 0 1 99238 762 [],[6447]
11.240627 686.300000 11345 0 1 99237 763 [],[1258]
11.240940 686.800000 34380 0 1 99236 764 [],[41]
11.241775 686.800000 54326 0 1 99235 765 [],[17683]
11.244083 686.800000 95586 0 1 99234 766 [],[1424]
11.247759 686.800000 6879 0 1 99233 767 [],[5]
11.249464 687.200000 3901 0 1 99232 768 [],[241]
11.250839 688.200000 6700 0 1 99231 769 [],[529]
11.251417 688.600000 83589 0 1 99230 770 [],[4]
11.253070 688.800000 26460 0 1 99229 771 [],[15]
11.253910 689.100000 64407 0 1 99228 772 [],[41]
11.254080 689.200000 42217 0 1 99227 773 [],[567]
11.254986 689.200000 32633 0 1 99226 774 [],[11231]
11.259925 689.300000 4293 0 1 99225 775 [],[3671]
11.260362 690.200000 87625 0 1 99224 776 [],[4281]
11.265113 690.200000 352 0 1 99223 777 [],[5]
11.266362 693.400000 92644 0 1 99222 778 [],[25647]
11.267600 693.400000 7021 0 1 99221 779 [],[15]
11.268110 694.500000 4481 0 1 99220 780 [],[63399,241]
11.269161 694.700000 7773 0 1 99219 781 [],[107]
11.269703 695.500000 29664 0 1 99218 782 [],[119]
11.269707 695.800000 848 0 1 99217 783 [],[4]
11.269728 696.000000 75564 0 1 99216 784 [],[97]
11.269770 696.000000 631 0 1 99215 785 [],[4,405]
11.270113 696.600000 89228 0 1 99214 786 [],[64996]
11.272653 696.600000 82299 0 1 99213 787 [],[3311]
11.272935 696.600000 10944 0 1 99212 788 [],[666,9632]
11.273100 696.400000 58688 0 1 99211 789 [],[71]
11.273309 696.500000 64238 0 1 99210 790 [],[57]
11.274400 696.500000 28 0 1 99209 791 [],[92,3692,13241,19566,4]
11.276529 721.900000 32328 0 1 99208 792 [],[182]
11.276925 722.300000 10670 0 1 99207 793 [],[1861]
11.277283 722.600000 34412 0 1 99206 794 [],[285]
11.279532 722.600000 234 0 1 99205 795 [],[37023]
11.279839 728.500000 75633 0 1 99204 796 [],[579]
11.282187 728.500000 41060 0 1 99203 797 [],[5]
11.283364 729.100000 1271 0 1 99202 798 [],[182]
11.284150 733.600000 8796 0 1 99201 799 [],[29360]
11.284253 733.800000 23606 0 1 99200 800 [],[1997]
11.288105 734.100000 301 0 1 99199 801 [],[8796]
11.289942 735.400000 67583 0 1 99198 802 [],[85817]
11.291238 735.500000 30898 0 1 99197 803 [],[69]
11.291810 735.500000 65005 0 1 99196 804 [],[91]
11.296037 735.600000 22414 0 1 99195 805 [],[4520]
11.297135 735.900000 10834 0 1 99194 806 [],[28]
11.298265 736.100000 49524 0 1 99193 807 [],[28]
11.299581 736.100000 19599 0 1 99192 808 [],[9884]
11.300409 736.100000 6783 0 1 99191 809 [],[67]
11.302334 736.600000 14532 0 1 99190 810 [],[28]
11.303253 736.800000 616 0 1 99189 811 [],[17]
11.304246 741.400000 29275 0 1 99188 812 [],[7410]
11.310662 741.400000 5246 0 1 99187 813 [],[20,28]
11.312387 743.500000 13770 0 1 99186 814 [],[4]
11.313655 743.700000 74766 0 1 99185 815 [],[661]
11.315768 743.800000 868 0 1 99184 816 [],[3421,8445]
11.318277 747.300000 66254 0 1 99183 817 [],[28]
11.319009 747.400000 35812 0 1 99182 818 [],[1778]
11.323318 747.400000 61449 0 1 99181 819 [],[28]
11.326814 747.400000 20790 0 1 99180 820 [],[5]
11.327108 747.400000 2289 0 1 99179 821 [],[4]
11.333797 748.200000 66288 0 1 99178 822 [],[16]
11.334960 748.200000 57506 0 1 99177 823 [],[1868]
11.335233 748.200000 1507 0 1 99176 824 [],[4]
11.335742 748.800000 3129 0 1 99175 825 [],[12358]
11.338725 749.900000 56119 0 1 99174 826 [],[15]
11.339785 750.100000 48084 0 1 99173 827 [],[4]
11.341163 750.200000 41605 0 1 99172 828 [],[5956]
11.341312 750.200000 82689 0 1 99171 829 [],[2178]
11.341475 750.200000 7695 0 1 99170 830 [],[107]
11.342112 750.300000 72612 0 1 99169 831 [],[15]
11.343582 750.400000 49343 0 1 99168 832 [],[4]
11.343613 750.700000 62539 0 1 99167 833 [],[15]
11.344173 750.800000 11380 0 1 99166 834 [],[182]
11.347623 750.900000 10259 0 1 99165 835 [],[4]
11.348235 751.000000 57568 0 1 99164 836 [],[41]
11.352786 751.000000 56030 0 1 99163 837 [],[19497]
11.352821 751.100000 67486 0 1 99162 838 [],[20]
11.353630 751.200000 71858 0 1 99161 839 [],[15]
11.355970 751.200000 9716 0 1 99160 840 [],[5]
11.356886 751.200000 5237 0 1 99159 841 [],[4]
11.357776 752.000000 46544 0 1 99158 842 [],[3033]
11.359994 752.100000 71704 0 1 99157 843 [],[16011]
11.361830 752.100000 6546 0 1 99156 844 [],[119]
11.362170 752.800000 23409 0 1 99155 845 [],[4,143]
11.364834 752.700000 87007 0 1 99154 846 [],[97]
11.366081 752.700000 30027 0 1 99153 847 [],[71]
11.367058 752.900000 48854 0 1 99152 848 [],[28]
11.367501 752.900000 4192 0 1 99151 849 [],[50773,69818]
11.368446 753.600000 62255 0 1 99150 850 [],[182]
11.368764 753.600000 109 0 1 99149 851 [],[1209,80072,4,17]
11.370240 761.100000 2544 0 1 99148 852 [],[4]
11.371857 761.400000 59852 0 1 99147 853 [],[4]
11.373577 761.600000 18136 0 1 99146 854 [],[479]
11.374544 761.600000 85659 0 1 99145 855 [],[285]
11.374727 761.600000 8144 0 1 99144 856 [],[143]
11.375231 762.300000 75239 0 1 99143 857 [],[4]
11.375694 762.300000 446 0 1 99142 858 [],[4]
11.376584 763.200000 27712 0 1 99141 859 [],[451]
11.377331 763.400000 50639 0 1 99140 860 [],[119,40282]
11.378338 763.200000 50752 0 1 99139 861 [],[4]
11.379713 763.200000 85497 0 1 99138 862 [],[41]
11.379940 763.200000 1255 0 1 99137 863 [],[15]
11.385168 764.900000 5003 0 1 99136 864 [],[15]
11.385710 764.900000 82213 0 1 99135 865 [],[40576]
11.385933 765.100000 58696 0 1 99134 866 [],[8014]
11.386455 765.400000 33343 0 1 99133 867 [],[92]
11.388153 765.700000 15797 0 1 99132 868 [],[1053]
11.388760 766.200000 69060 0 1 99131 869 [],[119]
11.389872 766.200000 29472 0 1 99130 870 [],[1053]
11.393316 766.300000 75989 0 1 99129 871 [],[5]
11.393436 766.300000 20797 0 1 99128 872 [],[1271]
11.394594 766.300000 50949 0 1 99127 873 [],[5]
11.396185 766.500000 69242 0 1 99126 874 [],[69]
11.397745 766.500000 70250 0 1 99125 875 [],[28]
11.398071 766.500000 73295 0 1 99124 876 [],[12639]
11.399105 766.500000 27740 0 1 99123 877 [],[446]
11.399881 766.500000 51711 0 1 99122 878 [],[143]
11.403285 766.500000 2510 0 1 99121 879 [],[1240]
11.406259 767.800000 54251 0 1 99120 880 [],[241]
11.407005 767.900000 5299 0 1 99119 881 [],[4]
11.407991 768.300000 48440 0 1 99118 882 [],[4]
11.408852 768.300000 21625 0 1 99117 883 [],[3311]
11.412461 768.500000 72568 0 1 99116 884 [],[1271]
11.412994 768.500000 18371 0 1 99115 885 [],[22414]
11.413426 768.700000 20806 0 1 99114 886 [],[405]
11.421161 769.100000 9151 0 1 99113 887 [],[143]
11.421292 770.000000 77832 0 1 99112 888 [],[15]
11.421981 770.100000 68329 0 1 99111 889 [],[25864]
11.422927 770.100000 331 0 1 99110 890 [],[71]
11.424192 770.500000 164 0 1 99109 891 [],[4,67]
11.424662 773.300000 86557 0 1 99108 892 [],[74347]
11.426150 773.300000 3322 0 1 99107 893 [],[3054]
11.427878 773.700000 22595 0 1 99106 894 [],[182]
11.428173 773.900000 92197 0 1 99105 895 [],[69]
11.428896 773.900000 31203 0 1 99104 896 [],[72612]
11.431348 774.000000 2 0 1 99103 897 [],[4,15,20,41,323,666,1262,1445,10259]
11.433987 834.800000 42 0 1 99102 898 [],[5690]
11.434248 844.700000 67790 0 1 99101 899 [],[14932]
11.436071 844.800000 24880 0 1 99100 900 [],[2219]
11.437650 844.800000 28805 0 1 99099 901 [],[1271]
11.437829 845.000000 14572 0 1 99098 902 [],[40145,16]
11.438328 845.500000 154 0 1 99097 903 [],[362,616,19606,4,67]
11.438428 859.200000 41214 0 1 99096 904 [],[7]
11.438943 859.200000 26246 0 1 99095 905 [],[4]
11.441211 859.300000 23471 0 1 99094 906 [],[80541]
11.441285 860.200000 26004 0 1 99093 907 [],[28]
11.442257 860.200000 4890 0 1 99092 908 [],[2]
11.443052 861.000000 2286 0 1 99091 909 [],[51711,15]
11.444591 865.900000 1121 0 1 99090 910 [],[109]
11.444687 867.100000 98620 0 1 99089 911 [],[74109]
11.445816 867.100000 6149 0 1 99088 912 [],[4]
11.448342 868.100000 255 0 1 99087 913 [],[9923]
11.450546 870.700000 23237 0 1 99086 914 [],[1053]
11.453412 870.700000 1755 0 1 99085 915 [],[255]
11.453645 872.300000 88194 0 1 99084 916 [],[739]
11.453694 872.300000 2664 0 1 99083 917 [],[61775,4]
11.456319 873.400000 76169 0 1 99082 918 [],[5]
11.458752 873.400000 18544 0 1 99081 919 [],[234]
11.460045 873.400000 3429 0 1 99080 920 [],[5,684]
11.460593 874.000000 27222 0 1 99079 921 [],[2]
11.461725 874.300000 91578 0 1 99078 922 [],[2]
11.462274 874.400000 69599 0 1 99077 923 [],[119]
11.464163 874.500000 9 0 1 99076 924 [],[1506,29597,4,5]
11.464550 888.600000 2549 0 1 99075 925 [],[20]
11.466121 891.100000 6081 0 1 99074 926 [],[567]
11.467279 891.300000 23738 0 1 99073 927 [],[62997]
11.469328 891.900000 97621 0 1 99072 928 [],[285]
11.469654 891.900000 23720 0 1 99071 929 [],[4]
11.471453 891.900000 16647 0 1 99070 930 [],[7047]
11.471776 892.700000 6620 0 1 99069 931 [],[285]
11.475549 893.200000 36271 0 1 99068 932 [],[73486]
11.476094 893.700000 22933 0 1 99067 933 [],[107]
11.477213 894.000000 59510 0 1 99066 934 [],[933]
11.478088 894.200000 15307 0 1 99065 935 [],[15]
11.479716 894.300000 22659 0 1 99064 936 [],[666]
11.479900 894.500000 1228 0 1 99063 937 [],[109]
11.482511 894.900000 4901 0 1 99062 938 [],[20]
11.482682 898.400000 6318 0 1 99061 939 [],[5237]
11.482704 898.600000 158 0 1 99060 940 [],[2510,67474,2]
11.483283 900.000000 38549 0 1 99059 941 [],[1778]
11.484011 900.100000 15627 0 1 99058 942 [],[119]
11.485248 900.100000 4053 0 1 99057 943 [],[2]
11.485481 900.600000 10343 0 1 99056 944 [],[67]
11.486369 901.200000 91298 0 1 99055 945 [],[1121]
11.486863 901.200000 4469 0 1 99054 946 [],[479]
11.487243 901.300000 1539 0 1 99053 947 [],[57]
11.487574 902.800000 48033 0 1 99052 948 [],[4]
11.489821 903.000000 8859 0 1 99051 949 [],[616]
11.489885 903.000000 74428 0 1 99050 950 [],[2]
11.490290 903.200000 7551 0 1 99049 951 [],[97]
11.490890 903.900000 78071 0 1 99048 952 [],[27327]
11.492215 903.900000 70033 0 1 99047 953 [],[2875]
11.496232 904.000000 15104 0 1 99046 954 [],[42]
11.496360 904.100000 30063 0 1 99045 955 [],[2]
11.498139 904.300000 9182 0 1 99044 956 [],[119,1228]
11.500004 904.600000 99215 0 1 99043 957 [],[69]
11.501742 904.600000 9136 0 1 99042 958 [],[5]
11.502504 905.100000 165 0 1 99041 959 [],[2]
11.503660 910.100000 98723 0 1 99040 960 [],[15]
11.504279 910.100000 9674 0 1 99039 961 [],[10932]
11.504434 910.700000 50584 0 1 99038 962 [],[1757]
11.504926 910.700000 8732 0 1 99037 963 [],[1299]
11.505414 911.700000 30370 0 1 99036 964 [],[7046]
11.507383 911.800000 57800 0 1 99035 965 [],[8057]
11.510220 911.900000 2884 0 1 99034 966 [],[97]
11.511457 912.000000 78981 0 1 99033 967 [],[4]
11.512617 912.000000 51345 0 1 99032 968 [],[1755]
11.514542 912.200000 18347 0 1 99031 969 [],[165]
11.514946 912.600000 39655 0 1 99030 970 [],[4,28]
11.516017 912.500000 77202 0 1 99029 971 [],[210]
11.516986 912.500000 87591 0 1 99028 972 [],[15]
11.517192 912.500000 14899 0 1 99027 973 [],[143]
11.517876 912.700000 1999 0 1 99026 974 [],[16]
11.517914 915.400000 29935 0 1 99025 975 [],[119]
11.518205 915.500000 7425 0 1 99024 976 [],[241,4626]
11.521294 915.400000 26638 0 1 99023 977 [],[4]
11.522183 915.500000 1021 0 1 99022 978 [],[89]
11.522405 919.200000 72107 0 1 99021 979 [],[7021]
11.522604 919.200000 89202 0 1 99020 980 [],[15332]
11.523244 919.200000 2676 0 1 99019 981 [],[204]
11.523941 919.400000 77735 0 1 99018 982 [],[12388]
11.524243 919.500000 99205 0 1 99017 983 [],[41]
11.524297 919.500000 75124 0 1 99016 984 [],[119]
11.524392 919.600000 34890 0 1 99015 985 [],[28]
11.526389 919.600000 42140 0 1 99014 986 [],[362]
11.526401 920.000000 39731 0 1 99013 987 [],[4]
11.527891 920.000000 192 0 1 99012 988 [],[15393,50494,97,119]
11.528669 925.700000 36310 0 1 99011 989 [],[1511]
11.530224 925.800000 46928 0 1 99010 990 [],[18336]
11.531469 925.800000 33649 0 1 99009 991 [],[2]
11.532437 925.800000 30744 0 1 99008 992 [],[4]
11.535337 925.800000 61366 0 1 99007 993 [],[128]
11.535495 925.800000 14098 0 1 99006 994 [],[4]
11.537440 926.500000 23679 0 1 99005 995 [],[154]
11.537743 926.700000 19519 0 1 99004 996 [],[529]
11.537824 926.800000 4748 0 1 99003 997 [],[91,204]
11.539885 927.700000 93944 0 1 99002 998 [],[20]
11.540770 927.700000 11909 0 1 99001 999 [],[1445]
11.540819 927.800000 98831 0 1 99000 1000 [],[4]
