0.740839 0.200000 86768 0 1 99998 2 [],[99999]
2.452561 0.300000 4616 0 1 99997 3 [],[86768]
3.185418 0.800000 11864 0 1 99996 4 [],[4616]
3.994753 1.200000 38779 0 1 99995 5 [],[86768]
4.301916 1.300000 39063 0 1 99994 6 [],[11864]
5.569801 1.400000 30 0 1 99993 7 [],[4616]
5.598598 15.300000 82800 0 1 99992 8 [],[30]
5.756608 15.300000 86632 0 1 99991 9 [],[30]
5.761970 15.300000 58434 0 1 99990 10 [],[30]
5.876789 15.500000 55360 0 1 99989 11 [],[30]
5.983453 15.500000 4701 0 1 99988 12 [],[30]
6.040266 15.500000 92557 0 1 99987 13 [],[30]
6.070712 15.500000 16548 0 1 99986 14 [],[30]
6.104144 15.700000 41293 0 1 99985 15 [],[30]
6.144430 16.200000 65795 0 1 99984 16 [],[30]
6.226194 16.200000 14699 0 1 99983 17 [],[30]
6.256433 16.800000 4136 0 1 99982 18 [],[16548]
6.268568 17.900000 8924 0 1 99981 19 [],[30]
6.297674 18.100000 28485 0 1 99980 20 [],[30]
6.314989 18.400000 72981 0 1 99979 21 [],[30]
6.315509 18.500000 33477 0 1 99978 22 [],[16548]
6.344769 18.700000 96899 0 1 99977 23 [],[30]
6.371095 18.700000 325 0 1 99976 24 [],[30]
6.449307 22.400000 91830 0 1 99975 25 [],[28485]
6.489699 22.400000 15334 0 1 99974 26 [],[30]
6.504783 22.400000 1701 0 1 99973 27 [],[30]
6.523818 24.800000 84579 0 1 99972 28 [],[1701]
6.531572 24.800000 60424 0 1 99971 29 [],[30]
6.589940 24.800000 20010 0 1 99970 30 [],[325]
6.655520 25.000000 61857 0 1 99969 31 [],[14699]
6.668539 25.000000 15458 0 1 99968 32 [],[30]
6.682196 25.900000 220 0 1 99967 33 [],[11864]
6.711290 44.700000 68776 0 1 99966 34 [],[30]
6.723179 44.800000 14818 0 1 99965 35 [],[220]
6.731274 45.100000 3848 0 1 99964 36 [],[30]
6.741077 46.500000 47473 0 1 99963 37 [],[220]
6.774058 46.600000 109 0 1 99962 38 [],[325]
6.785457 53.300000 28544 0 1 99961 39 [],[220]
6.854543 53.300000 9035 0 1 99960 40 [],[30]
6.915340 53.500000 24204 0 1 99959 41 [],[30]
6.953964 53.700000 8479 0 1 99958 42 [],[30]
6.956895 54.400000 44130 0 1 99957 43 [],[109]
6.957460 54.400000 7327 0 1 99956 44 [],[30]
6.958006 54.900000 3551 0 1 99955 45 [],[220]
6.967171 55.400000 6 0 1 99954 46 [],[30]
6.970894 90.600000 1844 0 1 99953 47 [],[30]
6.993208 92.700000 67171 0 1 99952 48 [],[220]
6.998436 92.700000 79529 0 1 99951 49 [],[325]
7.044233 92.700000 69338 0 1 99950 50 [],[30]
7.045333 92.800000 13543 0 1 99949 51 [],[6]
7.057093 93.100000 66081 0 1 99948 52 [],[30]
7.065348 93.200000 74480 0 1 99947 53 [],[220]
7.079949 93.200000 47795 0 1 99946 54 [],[41293]
7.087550 93.200000 12483 0 1 99945 55 [],[6]
7.099446 93.300000 968 0 1 99944 56 [],[6]
7.113278 95.200000 13305 0 1 99943 57 [],[30]
7.120383 95.200000 26668 0 1 99942 58 [],[4136]
7.120639 95.200000 61556 0 1 99941 59 [],[20010]
7.123166 95.300000 51214 0 1 99940 60 [],[6]
7.130426 95.400000 10103 0 1 99939 61 [],[30]
7.139227 96.000000 1010 0 1 99938 62 [],[3848]
7.142511 99.800000 40837 0 1 99937 63 [],[6]
7.144201 99.800000 57390 0 1 99936 64 [],[6]
7.150987 99.900000 65821 0 1 99935 65 [],[74480]
7.151935 100.000000 18785 0 1 99934 66 [],[6]
7.169278 100.000000 7904 0 1 99933 67 [],[30]
7.179759 100.100000 2017 0 1 99932 68 [],[220]
7.182646 102.500000 605 0 1 99931 69 [],[1010]
7.186154 109.600000 2860 0 1 99930 70 [],[6]
7.198839 111.500000 7770 0 1 99929 71 [],[325]
7.200531 112.500000 76351 0 1 99928 72 [],[6]
7.246481 112.500000 3554 0 1 99927 73 [],[6]
7.258806 113.800000 81858 0 1 99926 74 [],[6]
7.270067 113.800000 59 0 1 99925 75 [],[6]
7.281267 117.000000 48029 0 1 99924 76 [],[6]
7.285934 117.100000 81944 0 1 99923 77 [],[1844]
7.295417 117.100000 42661 0 1 99922 78 [],[6]
7.300894 117.400000 17622 0 1 99921 79 [],[6]
7.305072 117.900000 25208 0 1 99920 80 [],[6]
7.311247 118.000000 8770 0 1 99919 81 [],[6]
7.337900 118.900000 83 0 1 99918 82 [],[30]
7.338942 132.700000 42258 0 1 99917 83 [],[59]
7.359467 132.800000 21510 0 1 99916 84 [],[6]
7.371807 133.000000 22940 0 1 99915 85 [],[30]
7.375120 133.000000 7631 0 1 99914 86 [],[59]
7.381557 133.800000 27310 0 1 99913 87 [],[220]
7.404056 133.900000 75273 0 1 99912 88 [],[220]
7.404997 134.000000 37591 0 1 99911 89 [],[109]
7.408945 134.300000 83057 0 1 99910 90 [],[6]
7.417282 134.300000 34608 0 1 99909 91 [],[109]
7.431430 134.400000 41052 0 1 99908 92 [],[3554]
7.441090 134.700000 29043 0 1 99907 93 [],[968]
7.449908 134.800000 810 0 1 99906 94 [],[109]
7.476061 136.000000 8417 0 1 99905 95 [],[109]
7.479764 136.900000 41807 0 1 99904 96 [],[37591]
7.483381 137.200000 43816 0 1 99903 97 [],[47795]
7.497681 137.400000 74840 0 1 99902 98 [],[325]
7.499090 137.400000 50086 0 1 99901 99 [],[2017]
7.503114 137.500000 27285 0 1 99900 100 [],[1844]
7.503189 137.900000 2 0 1 99899 101 [],[6,30]
7.503694 241.800000 23 0 1 99898 102 [],[2]
7.504388 247.900000 658 0 1 99897 103 [],[2]
7.510770 250.300000 2517 0 1 99896 104 [],[2]
7.511157 250.900000 3016 0 1 99895 105 [],[1701]
7.512790 252.300000 1538 0 1 99894 106 [],[6]
7.513449 254.400000 15006 0 1 99893 107 [],[2]
7.514909 254.700000 11886 0 1 99892 108 [],[220]
7.515418 254.800000 48705 0 1 99891 109 [],[4136]
7.515970 254.800000 50272 0 1 99890 110 [],[1538]
7.517024 254.900000 5810 0 1 99889 111 [],[83]
7.519257 256.200000 85651 0 1 99888 112 [],[2017]
7.530233 256.200000 96698 0 1 99887 113 [],[2]
7.533108 256.200000 58357 0 1 99886 114 [],[2]
7.533674 256.200000 27134 0 1 99885 115 [],[6]
7.541163 256.200000 67905 0 1 99884 116 [],[27285]
7.542589 256.200000 82234 0 1 99883 117 [],[6]
7.544404 256.200000 18342 0 1 99882 118 [],[2]
7.549802 256.800000 10324 0 1 99881 119 [],[2]
7.552746 257.000000 7301 0 1 99880 120 [],[220]
7.555375 258.100000 1743 0 1 99879 121 [],[6]
7.562512 260.900000 9636 0 1 99878 122 [],[2]
7.566331 261.000000 336 0 1 99877 123 [],[6]
7.568883 263.600000 43137 0 1 99876 124 [],[3016]
7.570716 263.800000 48657 0 1 99875 125 [],[2]
7.573592 264.000000 79861 0 1 99874 126 [],[6]
7.576852 264.100000 35898 0 1 99873 127 [],[2]
7.579262 264.500000 18067 0 1 99872 128 [],[23]
7.588422 264.700000 1438 0 1 99871 129 [],[220]
7.593292 265.700000 52326 0 1 99870 130 [],[2]
7.597465 265.900000 16270 0 1 99869 131 [],[220]
7.601889 266.500000 74976 0 1 99868 132 [],[6]
7.603024 266.500000 38664 0 1 99867 133 [],[61857,220]
7.604341 266.600000 23966 0 1 99866 134 [],[2]
7.604665 267.200000 38303 0 1 99865 135 [],[83]
7.605206 267.300000 60 0 1 99864 136 [],[21510]
7.608058 279.100000 90040 0 1 99863 137 [],[2]
7.609213 279.100000 6122 0 1 99862 138 [],[2]
7.617146 280.100000 1205 0 1 99861 139 [],[2,325]
7.617834 280.200000 46097 0 1 99860 140 [],[60]
7.626425 280.200000 1147 0 1 99859 141 [],[2]
7.627155 282.100000 88740 0 1 99858 142 [],[30]
7.632225 282.100000 1828 0 1 99857 143 [],[2]
7.634331 282.500000 27181 0 1 99856 144 [],[1743]
7.639657 282.700000 8361 0 1 99855 145 [],[2]
7.641074 283.000000 23505 0 1 99854 146 [],[220]
7.644112 283.100000 4198 0 1 99853 147 [],[58357]
7.646348 283.900000 45158 0 1 99852 148 [],[2]
7.646960 283.900000 9296 0 1 99851 149 [],[2]
7.647199 285.000000 50440 0 1 99850 150 [],[325]
7.653162 285.100000 8127 0 1 99849 151 [],[658]
7.663157 285.500000 73320 0 1 99848 152 [],[83]
7.665725 285.500000 1695 0 1 99847 153 [],[1743,6]
7.669509 286.000000 25143 0 1 99846 154 [],[2]
7.672170 286.100000 491 0 1 99845 155 [],[5810]
7.672700 289.100000 451 0 1 99844 156 [],[2]
7.676657 293.300000 49080 0 1 99843 157 [],[2]
7.679225 293.300000 1210 0 1 99842 158 [],[60]
7.681609 295.800000 8644 0 1 99841 159 [],[6]
7.686277 295.800000 64438 0 1 99840 160 [],[60]
7.689588 295.900000 1567 0 1 99839 161 [],[451]
7.695382 296.700000 37068 0 1 99838 162 [],[2]
7.697354 296.800000 3578 0 1 99837 163 [],[2]
7.700408 296.900000 72113 0 1 99836 164 [],[86632]
7.702749 297.100000 98427 0 1 99835 165 [],[220]
7.703121 297.100000 25573 0 1 99834 166 [],[1010]
7.703256 297.500000 833 0 1 99833 167 [],[73320]
7.706617 300.500000 30222 0 1 99832 168 [],[2]
7.707189 300.900000 4793 0 1 99831 169 [],[2]
7.710312 302.200000 42 0 1 99830 170 [],[83]
7.713234 346.600000 51526 0 1 99829 171 [],[42]
7.713348 346.600000 3750 0 1 99828 172 [],[605]
7.713591 348.000000 7936 0 1 99827 173 [],[1538]
7.715687 348.800000 50473 0 1 99826 174 [],[2]
7.716672 348.800000 9476 0 1 99825 175 [],[6122]
7.720783 349.900000 81249 0 1 99824 176 [],[60]
7.726192 349.900000 13532 0 1 99823 177 [],[6]
7.726320 350.200000 80763 0 1 99822 178 [],[4136]
7.727471 350.200000 32250 0 1 99821 179 [],[30]
7.729756 350.200000 36704 0 1 99820 180 [],[6]
7.732717 350.500000 3978 0 1 99819 181 [],[42]
7.736503 350.500000 88446 0 1 99818 182 [],[2]
7.736578 350.500000 5028 0 1 99817 183 [],[2]
7.737171 352.900000 92847 0 1 99816 184 [],[1438]
7.741271 352.900000 117 0 1 99815 185 [],[18785,2]
7.752492 356.000000 61736 0 1 99814 186 [],[2]
7.757668 356.000000 14425 0 1 99813 187 [],[2,42]
7.757966 355.800000 31585 0 1 99812 188 [],[83]
7.762142 356.100000 201 0 1 99811 189 [],[42]
7.762914 360.300000 94645 0 1 99810 190 [],[4198]
7.763047 360.300000 44440 0 1 99809 191 [],[5028]
7.767016 360.300000 66755 0 1 99808 192 [],[39063]
7.767453 360.300000 28170 0 1 99807 193 [],[1210]
7.773523 360.300000 97266 0 1 99806 194 [],[336]
7.776221 360.300000 46834 0 1 99805 195 [],[1695]
7.777468 360.400000 43590 0 1 99804 196 [],[336]
7.782551 360.500000 26405 0 1 99803 197 [],[10324]
7.785907 360.600000 28790 0 1 99802 198 [],[491]
7.786575 360.700000 44070 0 1 99801 199 [],[2]
7.786868 360.700000 17683 0 1 99800 200 [],[2]
7.791437 360.700000 60112 0 1 99799 201 [],[83]
7.799217 360.700000 29821 0 1 99798 202 [],[2]
7.807880 360.700000 27608 0 1 99797 203 [],[58434]
7.810829 360.900000 53002 0 1 99796 204 [],[2]
7.810960 361.000000 12734 0 1 99795 205 [],[6]
7.817546 361.200000 38456 0 1 99794 206 [],[2]
7.817581 361.200000 7658 0 1 99793 207 [],[117]
7.819129 362.000000 1159 0 1 99792 208 [],[220]
7.819776 362.000000 43080 0 1 99791 209 [],[30]
7.821409 362.000000 2953 0 1 99790 210 [],[1147]
7.823297 362.200000 415 0 1 99789 211 [],[2]
7.823497 363.400000 10818 0 1 99788 212 [],[6]
7.827499 364.100000 38590 0 1 99787 213 [],[117]
7.827576 364.300000 34836 0 1 99786 214 [],[1844]
7.837326 364.600000 10359 0 1 99785 215 [],[2]
7.837455 364.700000 7033 0 1 99784 216 [],[833]
7.838885 365.500000 4539 0 1 99783 217 [],[605]
7.839517 366.000000 10953 0 1 99782 218 [],[2]
7.845012 366.100000 97188 0 1 99781 219 [],[7301]
7.846859 366.100000 65736 0 1 99780 220 [],[2]
7.849910 366.200000 9432 0 1 99779 221 [],[220]
7.854547 366.600000 14334 0 1 99778 222 [],[28170]
7.857894 367.200000 35933 0 1 99777 223 [],[3848]
7.861268 367.200000 36725 0 1 99776 224 [],[491]
7.866688 367.300000 32532 0 1 99775 225 [],[2]
7.867619 367.500000 33207 0 1 99774 226 [],[8417]
7.871078 367.700000 71566 0 1 99773 227 [],[27285]
7.875302 367.800000 32422 0 1 99772 228 [],[2,16548]
7.875796 367.900000 1395 0 1 99771 229 [],[30]
7.877254 368.800000 52306 0 1 99770 230 [],[2]
7.879311 368.800000 48863 0 1 99769 231 [],[21510]
7.884817 369.200000 37510 0 1 99768 232 [],[2]
7.889924 369.200000 92154 0 1 99767 233 [],[2]
7.891051 369.200000 68543 0 1 99766 234 [],[2]
7.894125 369.200000 24329 0 1 99765 235 [],[2017]
7.894811 369.700000 41067 0 1 99764 236 [],[2]
7.895032 369.700000 15834 0 1 99763 237 [],[2]
7.895067 369.800000 97060 0 1 99762 238 [],[658]
7.895810 369.800000 30143 0 1 99761 239 [],[2]
7.896351 369.900000 30062 0 1 99760 240 [],[6]
7.897810 369.900000 88133 0 1 99759 241 [],[2]
7.899783 369.900000 86968 0 1 99758 242 [],[2]
7.899901 369.900000 12955 0 1 99757 243 [],[2,491]
7.900732 369.900000 47097 0 1 99756 244 [],[1010]
7.908211 370.100000 1219 0 1 99755 245 [],[42]
7.909054 371.000000 44824 0 1 99754 246 [],[23]
7.909538 371.100000 22415 0 1 99753 247 [],[6]
7.912496 371.200000 97562 0 1 99752 248 [],[2]
7.915706 371.200000 42528 0 1 99751 249 [],[3750]
7.915751 371.200000 78 0 1 99750 250 [],[2]
7.918527 371.600000 93628 0 1 99749 251 [],[42]
7.919074 371.600000 11770 0 1 99748 252 [],[2]
7.921538 371.600000 92568 0 1 99747 253 [],[2]
7.926120 371.600000 207 0 1 99746 254 [],[2]
7.926721 376.100000 1053 0 1 99745 255 [],[74840]
7.930160 378.100000 80722 0 1 99744 256 [],[336]
7.936353 378.100000 49442 0 1 99743 257 [],[2]
7.939019 378.200000 79169 0 1 99742 258 [],[42]
7.940392 378.300000 93959 0 1 99741 259 [],[6]
7.943297 378.300000 20719 0 1 99740 260 [],[2]
7.944696 378.700000 82876 0 1 99739 261 [],[6]
7.951100 378.700000 32773 0 1 99738 262 [],[220]
7.951410 378.900000 29757 0 1 99737 263 [],[68776]
7.951666 379.100000 13381 0 1 99736 264 [],[42]
7.954742 379.300000 11175 0 1 99735 265 [],[6,1743]
7.956839 379.500000 1975 0 1 99734 266 [],[2]
7.958046 381.000000 23974 0 1 99733 267 [],[55360]
7.960503 382.300000 30766 0 1 99732 268 [],[1743]
7.961772 382.900000 12193 0 1 99731 269 [],[2]
7.962670 383.600000 32124 0 1 99730 270 [],[2]
7.964429 383.600000 15406 0 1 99729 271 [],[1147]
7.969221 383.900000 27865 0 1 99728 272 [],[1743]
7.977459 384.200000 48297 0 1 99727 273 [],[109]
7.982208 384.400000 15826 0 1 99726 274 [],[2]
7.985355 384.500000 4679 0 1 99725 275 [],[60]
7.993121 385.300000 11916 0 1 99724 276 [],[2]
7.996236 385.900000 329 0 1 99723 277 [],[60]
7.997573 388.400000 95056 0 1 99722 278 [],[15458]
7.998264 388.400000 9526 0 1 99721 279 [],[6]
7.999776 390.300000 75551 0 1 99720 280 [],[415]
8.000811 390.300000 5589 0 1 99719 281 [],[109]
8.005050 390.300000 5809 0 1 99718 282 [],[83]
8.005536 390.700000 24440 0 1 99717 283 [],[2]
8.005610 390.800000 90678 0 1 99716 284 [],[30]
8.006079 390.800000 7708 0 1 99715 285 [],[42]
8.006723 390.900000 43 0 1 99714 286 [],[491]
8.008325 405.400000 47035 0 1 99713 287 [],[2]
8.014980 405.800000 67820 0 1 99712 288 [],[810]
8.015691 405.800000 44490 0 1 99711 289 [],[201]
8.016554 405.900000 50677 0 1 99710 290 [],[220]
8.024208 406.100000 93824 0 1 99709 291 [],[3848]
8.026418 406.100000 11463 0 1 99708 292 [],[2]
8.027186 406.700000 29892 0 1 99707 293 [],[42]
8.028360 406.900000 2086 0 1 99706 294 [],[42]
8.028886 407.400000 28765 0 1 99705 295 [],[42]
8.029460 407.500000 52078 0 1 99704 296 [],[6]
8.030464 407.500000 52403 0 1 99703 297 [],[2]
8.033656 407.600000 46594 0 1 99702 298 [],[10324]
8.040272 407.600000 25966 0 1 99701 299 [],[1053]
8.040989 407.600000 23573 0 1 99700 300 [],[6]
8.041964 407.700000 97753 0 1 99699 301 [],[6]
8.043468 407.700000 4781 0 1 99698 302 [],[2]
8.044573 408.300000 89104 0 1 99697 303 [],[1538]
8.044866 408.300000 6531 0 1 99696 304 [],[60]
8.044884 408.500000 5554 0 1 99695 305 [],[207]
8.050807 409.000000 4513 0 1 99694 306 [],[2]
8.051419 409.800000 6586 0 1 99693 307 [],[2]
8.052424 411.200000 72867 0 1 99692 308 [],[10818]
8.053430 411.200000 1149 0 1 99691 309 [],[2]
8.056495 412.600000 27298 0 1 99690 310 [],[42]
8.058243 412.600000 11761 0 1 99689 311 [],[2]
8.058267 412.700000 76562 0 1 99688 312 [],[2]
8.059130 412.700000 25691 0 1 99687 313 [],[42]
8.059254 412.800000 18024 0 1 99686 314 [],[2517]
8.063862 413.400000 93890 0 1 99685 315 [],[30]
8.070103 413.400000 6198 0 1 99684 316 [],[4679]
8.073135 414.300000 984 0 1 99683 317 [],[83]
8.076851 417.500000 2608 0 1 99682 318 [],[2]
8.078196 418.500000 22762 0 1 99681 319 [],[2]
8.080682 418.500000 23940 0 1 99680 320 [],[60]
8.082844 418.800000 1311 0 1 99679 321 [],[2]
8.083471 419.200000 44 0 1 99678 322 [],[43]
8.085769 426.200000 4389 0 1 99677 323 [],[42]
8.090225 427.400000 9138 0 1 99676 324 [],[2]
8.092257 428.400000 29474 0 1 99675 325 [],[60]
8.094815 428.500000 69400 0 1 99674 326 [],[10103]
8.097440 428.700000 85633 0 1 99673 327 [],[109]
8.103092 428.700000 69 0 1 99672 328 [],[2]
8.105150 440.700000 120 0 1 99671 329 [],[42]
8.106926 452.500000 60603 0 1 99670 330 [],[42]
8.111411 452.500000 70485 0 1 99669 331 [],[2]
8.111588 452.600000 1006 0 1 99668 332 [],[2]
8.112498 456.100000 84 0 1 99667 333 [],[1695,2]
8.113448 467.400000 15882 0 1 99666 334 [],[84]
8.113933 467.700000 3164 0 1 99665 335 [],[2]
8.122531 468.800000 52459 0 1 99664 336 [],[4793]
8.123745 468.900000 95218 0 1 99663 337 [],[36725]
8.125180 468.900000 44813 0 1 99662 338 [],[120]
8.128223 469.000000 83447 0 1 99661 339 [],[3750]
8.128936 469.000000 11629 0 1 99660 340 [],[2]
8.130610 470.000000 84436 0 1 99659 341 [],[30]
8.133382 470.000000 2581 0 1 99658 342 [],[2]
8.134100 471.300000 1194 0 1 99657 343 [],[2,69]
8.134302 472.200000 43078 0 1 99656 344 [],[2]
8.137088 472.400000 5894 0 1 99655 345 [],[11629]
8.138431 473.200000 4640 0 1 99654 346 [],[43]
8.140128 474.200000 13 0 1 99653 347 [],[2,6]
8.140618 474.500000 26671 0 1 99652 348 [],[117]
8.143314 474.600000 39704 0 1 99651 349 [],[2]
8.144083 474.800000 29605 0 1 99650 350 [],[44]
8.145108 475.400000 74215 0 1 99649 351 [],[30]
8.146337 475.400000 22710 0 1 99648 352 [],[2]
8.148368 475.700000 15979 0 1 99647 353 [],[95056]
8.150397 475.900000 3552 0 1 99646 354 [],[2]
8.153603 476.200000 13049 0 1 99645 355 [],[220]
8.156297 476.800000 1097 0 1 99644 356 [],[3578,60]
8.156837 482.100000 15109 0 1 99643 357 [],[42]
8.158932 482.600000 32293 0 1 99642 358 [],[5810]
8.160173 482.600000 4667 0 1 99641 359 [],[451]
8.161657 483.000000 67166 0 1 99640 360 [],[6]
8.163028 483.000000 23270 0 1 99639 361 [],[42]
8.163754 483.500000 8058 0 1 99638 362 [],[4389]
8.169628 483.600000 27412 0 1 99637 363 [],[3554]
8.170954 484.100000 2188 0 1 99636 364 [],[220]
8.171436 487.600000 39650 0 1 99635 365 [],[6]
8.171673 488.200000 62894 0 1 99634 366 [],[35898]
8.171707 488.200000 53502 0 1 99633 367 [],[2]
8.176184 488.300000 97173 0 1 99632 368 [],[42]
8.177827 488.300000 29936 0 1 99631 369 [],[83]
8.178848 488.400000 46034 0 1 99630 370 [],[451]
8.180248 488.400000 5031 0 1 99629 371 [],[605]
8.183170 490.400000 13505 0 1 99628 372 [],[6]
8.183554 490.500000 10858 0 1 99627 373 [],[39063]
8.184939 490.600000 19710 0 1 99626 374 [],[42258]
8.185320 490.900000 70541 0 1 99625 375 [],[201]
8.188114 490.900000 6795 0 1 99624 376 [],[52459]
8.189683 491.500000 44236 0 1 99623 377 [],[2]
8.189727 491.500000 3023 0 1 99622 378 [],[2]
8.195727 491.800000 52882 0 1 99621 379 [],[2]
8.199589 491.900000 50609 0 1 99620 380 [],[23]
8.202634 492.000000 3768 0 1 99619 381 [],[60]
8.206819 492.600000 1381 0 1 99618 382 [],[6]
8.207817 493.800000 4832 0 1 99617 383 [],[2]
8.211924 494.300000 51279 0 1 99616 384 [],[1743]
8.220176 494.300000 23586 0 1 99615 385 [],[6]
8.221969 494.400000 41825 0 1 99614 386 [],[2,60]
8.222916 494.600000 38288 0 1 99613 387 [],[60]
8.226292 494.700000 1133 0 1 99612 388 [],[84]
8.232049 496.200000 3542 0 1 99611 389 [],[60]
8.233006 496.200000 50748 0 1 99610 390 [],[2]
8.233842 496.200000 96280 0 1 99609 391 [],[2]
8.237143 496.200000 14001 0 1 99608 392 [],[2]
8.238117 496.800000 14480 0 1 99607 393 [],[2]
8.238427 497.000000 44738 0 1 99606 394 [],[109]
8.239782 497.000000 99793 0 1 99605 395 [],[3164]
8.240816 497.000000 54639 0 1 99604 396 [],[2581]
8.244037 497.000000 58362 0 1 99603 397 [],[11463]
8.245120 497.200000 36594 0 1 99602 398 [],[22710]
8.245679 497.500000 318 0 1 99601 399 [],[2]
8.248278 502.200000 16195 0 1 99600 400 [],[120]
8.248818 502.500000 30463 0 1 99599 401 [],[6]
8.249246 502.500000 54022 0 1 99598 402 [],[6]
8.249338 502.500000 11997 0 1 99597 403 [],[83,318]
8.249522 502.900000 15500 0 1 99596 404 [],[2]
8.249570 503.100000 428 0 1 99595 405 [],[2]
8.253254 504.400000 9271 0 1 99594 406 [],[2]
8.255802 504.500000 4322 0 1 99593 407 [],[83]
8.267053 504.800000 14253 0 1 99592 408 [],[42,1010]
8.267908 505.100000 37833 0 1 99591 409 [],[7301]
8.269443 505.200000 50267 0 1 99590 410 [],[1006]
8.269853 505.200000 67353 0 1 99589 411 [],[6]
8.273250 505.200000 38080 0 1 99588 412 [],[2]
8.274287 505.200000 2436 0 1 99587 413 [],[1097]
8.277737 506.400000 90165 0 1 99586 414 [],[1006]
8.279626 506.400000 6906 0 1 99585 415 [],[451]
8.282039 506.500000 75983 0 1 99584 416 [],[44]
8.283561 506.500000 1954 0 1 99583 417 [],[26668]
8.285282 511.800000 22165 0 1 99582 418 [],[64438]
8.286481 512.400000 3736 0 1 99581 419 [],[42]
8.292758 512.900000 46079 0 1 99580 420 [],[2]
8.293477 512.900000 99851 0 1 99579 421 [],[2]
8.296052 512.900000 45199 0 1 99578 422 [],[30766]
8.297428 512.900000 85553 0 1 99577 423 [],[1006]
8.297538 512.900000 79594 0 1 99576 424 [],[1010]
8.303351 513.000000 97870 0 1 99575 425 [],[220]
8.310407 513.000000 75771 0 1 99574 426 [],[833]
8.312671 513.100000 93762 0 1 99573 427 [],[83]
8.314728 513.100000 18487 0 1 99572 428 [],[18342]
8.315595 513.100000 36500 0 1 99571 429 [],[18342]
8.316008 513.200000 64192 0 1 99570 430 [],[31585]
8.317186 513.300000 12494 0 1 99569 431 [],[6]
8.320230 514.200000 12382 0 1 99568 432 [],[605]
8.320409 514.800000 37212 0 1 99567 433 [],[15458]
8.320467 514.800000 1483 0 1 99566 434 [],[82800]
8.323641 516.500000 90186 0 1 99565 435 [],[42]
8.329861 516.500000 20142 0 1 99564 436 [],[220]
8.333052 517.100000 91933 0 1 99563 437 [],[833]
8.334524 517.200000 28053 0 1 99562 438 [],[69]
8.336286 517.400000 14639 0 1 99561 439 [],[6]
8.336525 518.300000 37109 0 1 99560 440 [],[22165]
8.339155 518.300000 17413 0 1 99559 441 [],[2]
8.339482 518.900000 68688 0 1 99558 442 [],[833]
8.345848 518.900000 19762 0 1 99557 443 [],[117]
8.353406 518.900000 64469 0 1 99556 444 [],[220]
8.353900 518.900000 24610 0 1 99555 445 [],[2188]
8.357391 519.000000 1 0 1 99554 446 [],[2,6]
8.358469 538.300000 63016 0 1 99553 447 [],[30]
8.363598 538.300000 56 0 1 99552 448 [],[1]
8.363754 559.100000 47691 0 1 99551 449 [],[9296]
8.363874 559.200000 14300 0 1 99550 450 [],[1097]
8.363888 559.300000 56099 0 1 99549 451 [],[69]
8.369335 559.300000 1615 0 1 99548 452 [],[43]
8.370360 559.300000 92416 0 1 99547 453 [],[69]
8.376508 559.300000 37 0 1 99546 454 [],[2017]
8.377089 567.400000 105 0 1 99545 455 [],[4793,6,42]
8.379717 571.100000 33560 0 1 99544 456 [],[42]
8.379747 571.200000 3033 0 1 99543 457 [],[605]
8.380399 571.600000 36124 0 1 99542 458 [],[37]
8.380751 572.000000 99730 0 1 99541 459 [],[6]
8.381807 572.000000 1655 0 1 99540 460 [],[1538]
8.382099 573.600000 59382 0 1 99539 461 [],[6122]
8.382626 573.600000 91766 0 1 99538 462 [],[42]
8.383930 573.600000 46776 0 1 99537 463 [],[42]
8.385299 573.600000 25210 0 1 99536 464 [],[329]
8.385389 573.700000 52206 0 1 99535 465 [],[1483]
8.385561 573.700000 27366 0 1 99534 466 [],[15109]
8.388479 574.100000 13873 0 1 99533 467 [],[1438]
8.389422 574.100000 3854 0 1 99532 468 [],[1975]
8.390194 574.400000 58292 0 1 99531 469 [],[968]
8.390691 574.400000 57562 0 1 99530 470 [],[329]
8.391683 574.400000 64135 0 1 99529 471 [],[2]
8.394196 574.500000 64264 0 1 99528 472 [],[2]
8.394894 574.600000 43277 0 1 99527 473 [],[5031]
8.400248 574.600000 62761 0 1 99526 474 [],[23]
8.402412 574.600000 3317 0 1 99525 475 [],[2]
8.403994 575.100000 8190 0 1 99524 476 [],[1]
8.404638 575.100000 3862 0 1 99523 477 [],[2,1743]
8.405201 577.200000 91194 0 1 99522 478 [],[1147]
8.409460 577.200000 17604 0 1 99521 479 [],[29757]
8.410081 577.600000 23364 0 1 99520 480 [],[83]
8.410656 577.800000 92690 0 1 99519 481 [],[3164]
8.414226 577.800000 59098 0 1 99518 482 [],[23966]
8.414495 577.800000 4217 0 1 99517 483 [],[46834]
8.415600 579.800000 53212 0 1 99516 484 [],[6]
8.418450 579.900000 7131 0 1 99515 485 [],[5810]
8.419678 580.400000 65379 0 1 99514 486 [],[43]
8.420911 580.400000 45629 0 1 99513 487 [],[23]
8.428414 580.400000 90984 0 1 99512 488 [],[120]
8.428653 580.400000 155 0 1 99511 489 [],[56]
8.433365 581.400000 25281 0 1 99510 490 [],[44]
8.436455 581.700000 14540 0 1 99509 491 [],[42]
8.443307 582.700000 5030 0 1 99508 492 [],[10818]
8.443830 584.800000 34849 0 1 99507 493 [],[56]
8.444927 584.800000 10492 0 1 99506 494 [],[2]
8.448664 585.000000 58100 0 1 99505 495 [],[120]
8.449979 585.000000 74139 0 1 99504 496 [],[1053]
8.450158 585.100000 2227 0 1 99503 497 [],[2188]
8.452262 586.500000 1309 0 1 99502 498 [],[2608]
8.452436 590.100000 3522 0 1 99501 499 [],[120]
8.453018 591.400000 39290 0 1 99500 500 [],[2]
8.453089 591.400000 15923 0 1 99499 501 [],[60]
8.455709 591.600000 77546 0 1 99498 502 [],[2]
8.457628 591.600000 87893 0 1 99497 503 [],[43]
8.461311 591.600000 4608 0 1 99496 504 [],[1309]
8.462866 592.100000 796 0 1 99495 505 [],[2]
8.463909 593.700000 15277 0 1 99494 506 [],[1743]
8.464874 593.900000 56570 0 1 99493 507 [],[1743]
8.465915 594.200000 3224 0 1 99492 508 [],[2]
8.466875 596.300000 12728 0 1 99491 509 [],[109]
8.468800 596.300000 1624 0 1 99490 510 [],[2]
8.470411 596.800000 83203 0 1 99489 511 [],[220]
8.474263 596.800000 3241 0 1 99488 512 [],[2]
8.475058 597.400000 88393 0 1 99487 513 [],[2]
8.475497 597.400000 2045 0 1 99486 514 [],[42]
8.476773 597.600000 39195 0 1 99485 515 [],[1567]
8.479892 597.600000 89038 0 1 99484 516 [],[42]
8.480746 597.600000 59223 0 1 99483 517 [],[56]
8.482185 597.700000 12691 0 1 99482 518 [],[1844]
8.484308 598.000000 18645 0 1 99481 519 [],[83]
8.488909 598.300000 56765 0 1 99480 520 [],[325]
8.491157 598.300000 41710 0 1 99479 521 [],[2]
8.497536 598.400000 5136 0 1 99478 522 [],[2]
8.498811 599.000000 96489 0 1 99477 523 [],[14639]
8.501977 599.000000 50795 0 1 99476 524 [],[3862]
8.505001 599.000000 9708 0 1 99475 525 [],[2]
8.505358 599.200000 26839 0 1 99474 526 [],[83,220]
8.508262 599.200000 3054 0 1 99473 527 [],[56]
8.508573 599.900000 17713 0 1 99472 528 [],[69,84]
8.513405 600.300000 4287 0 1 99471 529 [],[56]
8.515247 602.500000 87106 0 1 99470 530 [],[2]
8.518197 602.500000 28683 0 1 99469 531 [],[69]
8.522917 602.500000 50634 0 1 99468 532 [],[2]
8.524318 602.500000 7966 0 1 99467 533 [],[42]
8.524884 602.500000 81721 0 1 99466 534 [],[1097]
8.528919 602.500000 81432 0 1 99465 535 [],[84]
8.529756 602.500000 46601 0 1 99464 536 [],[6586]
8.532362 602.800000 18186 0 1 99463 537 [],[1954]
8.534421 602.800000 19515 0 1 99462 538 [],[59]
8.542456 602.800000 10514 0 1 99461 539 [],[2]
8.543798 603.200000 66491 0 1 99460 540 [],[2]
8.543965 603.200000 42502 0 1 99459 541 [],[2]
8.544341 603.200000 4663 0 1 99458 542 [],[2581]
8.548376 604.200000 39470 0 1 99457 543 [],[605]
8.548422 604.400000 47325 0 1 99456 544 [],[6]
8.551598 604.800000 40060 0 1 99455 545 [],[11864]
8.551973 604.800000 2439 0 1 99454 546 [],[2]
8.557846 605.300000 3921 0 1 99453 547 [],[3551]
8.560408 607.100000 30132 0 1 99452 548 [],[30]
8.562291 607.400000 8988 0 1 99451 549 [],[1395]
8.562482 607.600000 420 0 1 99450 550 [],[2]
8.563168 608.700000 74429 0 1 99449 551 [],[42]
8.563176 608.700000 84265 0 1 99448 552 [],[47325]
8.564328 608.700000 53192 0 1 99447 553 [],[2]
8.564608 608.700000 20169 0 1 99446 554 [],[90678]
8.568028 609.300000 21 0 1 99445 555 [],[78,428,1615,1975,2]
8.568198 644.100000 2218 0 1 99444 556 [],[1097]
8.570627 645.300000 1238 0 1 99443 557 [],[329]
8.574085 645.700000 26154 0 1 99442 558 [],[2]
8.574947 645.700000 51783 0 1 99441 559 [],[23966]
8.575625 645.700000 84739 0 1 99440 560 [],[23966]
8.576025 645.800000 45230 0 1 99439 561 [],[25208]
8.578286 646.200000 47944 0 1 99438 562 [],[220]
8.580137 646.500000 3582 0 1 99437 563 [],[83]
8.580620 647.700000 6625 0 1 99436 564 [],[21]
8.586017 648.600000 75138 0 1 99435 565 [],[56]
8.588509 648.600000 59452 0 1 99434 566 [],[8417]
8.590063 648.700000 903 0 1 99433 567 [],[605]
8.593429 649.600000 45957 0 1 99432 568 [],[2]
8.600272 649.700000 71155 0 1 99431 569 [],[42]
8.602335 649.700000 53050 0 1 99430 570 [],[420]
8.603009 649.800000 10560 0 1 99429 571 [],[2]
8.604432 650.100000 76210 0 1 99428 572 [],[36124]
8.605591 650.100000 25523 0 1 99427 573 [],[42]
8.606471 650.900000 60571 0 1 99426 574 [],[56]
8.608215 651.100000 40 0 1 99425 575 [],[4136,2]
8.608680 657.600000 29412 0 1 99424 576 [],[21]
8.608875 657.900000 98272 0 1 99423 577 [],[4539]
8.610921 657.900000 95940 0 1 99422 578 [],[6]
8.612685 657.900000 9088 0 1 99421 579 [],[2581]
8.613251 658.600000 69706 0 1 99420 580 [],[220]
8.618101 658.600000 19569 0 1 99419 581 [],[2]
8.618854 658.800000 19194 0 1 99418 582 [],[796]
8.620825 659.100000 91539 0 1 99417 583 [],[60]
8.625587 659.100000 12836 0 1 99416 584 [],[9526]
8.626746 660.500000 99 0 1 99415 585 [],[1624,12193,1,42]
8.629117 665.600000 90919 0 1 99414 586 [],[2]
8.629307 665.600000 55807 0 1 99413 587 [],[155]
8.629479 665.600000 44512 0 1 99412 588 [],[42]
8.630186 665.800000 1160 0 1 99411 589 [],[5809]
8.630777 668.700000 85559 0 1 99410 590 [],[2]
8.632234 668.700000 64820 0 1 99409 591 [],[41293]
8.634846 668.700000 81183 0 1 99408 592 [],[120]
8.634988 668.800000 67219 0 1 99407 593 [],[42]
8.636943 668.800000 94161 0 1 99406 594 [],[21]
8.640327 668.800000 79469 0 1 99405 595 [],[220]
8.640450 668.800000 31944 0 1 99404 596 [],[2]
8.640813 669.200000 66166 0 1 99403 597 [],[201]
8.648515 669.200000 13916 0 1 99402 598 [],[1010]
8.650040 669.300000 50656 0 1 99401 599 [],[44490]
8.651928 669.400000 21585 0 1 99400 600 [],[47473,2]
8.655959 669.400000 9808 0 1 99399 601 [],[2]
8.655973 669.800000 58095 0 1 99398 602 [],[1438]
8.656212 669.800000 9357 0 1 99397 603 [],[56]
8.656457 669.800000 5633 0 1 99396 604 [],[30]
8.659529 670.500000 54111 0 1 99395 605 [],[4198]
8.665705 670.500000 58010 0 1 99394 606 [],[42]
8.665842 670.700000 972 0 1 99393 607 [],[42]
8.669527 671.500000 77474 0 1 99392 608 [],[60]
8.670137 671.500000 66653 0 1 99391 609 [],[52326]
8.670665 671.500000 76721 0 1 99390 610 [],[2]
8.670897 671.500000 82481 0 1 99389 611 [],[26839]
8.671413 671.600000 1507 0 1 99388 612 [],[26154,38288]
8.671619 677.300000 62709 0 1 99387 613 [],[48297]
8.671680 677.300000 24295 0 1 99386 614 [],[42]
8.673676 677.300000 15298 0 1 99385 615 [],[84]
8.680529 677.600000 93585 0 1 99384 616 [],[2]
8.680843 677.600000 13729 0 1 99383 617 [],[23940]
8.681519 678.600000 27519 0 1 99382 618 [],[1010]
8.682526 678.800000 44239 0 1 99381 619 [],[24204]
8.683271 679.100000 95121 0 1 99380 620 [],[105]
8.684816 679.100000 98235 0 1 99379 621 [],[6]
8.686622 679.100000 14154 0 1 99378 622 [],[84]
8.690152 679.100000 880 0 1 99377 623 [],[13049]
8.690389 681.500000 53366 0 1 99376 624 [],[44]
8.691687 681.500000 11028 0 1 99375 625 [],[658]
8.692654 682.300000 31740 0 1 99374 626 [],[21]
8.693810 682.400000 2408 0 1 99373 627 [],[25208]
8.693975 684.300000 4064 0 1 99372 628 [],[9808]
8.703975 684.900000 575 0 1 99371 629 [],[30]
8.707305 687.200000 54405 0 1 99370 630 [],[336]
8.707373 687.200000 16632 0 1 99369 631 [],[11028]
8.711097 687.700000 57689 0 1 99368 632 [],[4539]
8.711685 687.700000 66655 0 1 99367 633 [],[1975]
8.711988 687.800000 12748 0 1 99366 634 [],[6]
8.720252 688.000000 23188 0 1 99365 635 [],[12836]
8.720473 688.100000 42494 0 1 99364 636 [],[984]
8.721942 688.100000 75842 0 1 99363 637 [],[1844]
8.723577 688.100000 27803 0 1 99362 638 [],[40060]
8.725032 688.500000 4260 0 1 99361 639 [],[3921]
8.726565 689.000000 1059 0 1 99360 640 [],[64192]
8.727048 690.900000 42562 0 1 99359 641 [],[21,1059]
8.727123 690.700000 90221 0 1 99358 642 [],[42]
8.727376 690.900000 8496 0 1 99357 643 [],[5633]
8.728094 691.000000 16148 0 1 99356 644 [],[42]
8.728492 691.000000 37132 0 1 99355 645 [],[1538]
8.729470 691.100000 19101 0 1 99354 646 [],[99]
8.730019 691.900000 83946 0 1 99353 647 [],[2]
8.730151 691.900000 13623 0 1 99352 648 [],[120]
8.730518 692.500000 62324 0 1 99351 649 [],[16632]
8.736550 692.600000 71182 0 1 99350 650 [],[43]
8.736884 692.600000 619 0 1 99349 651 [],[27803]
8.737452 694.700000 85690 0 1 99348 652 [],[12382]
8.737971 694.700000 35844 0 1 99347 653 [],[6]
8.744132 694.700000 1182 0 1 99346 654 [],[42]
8.745180 695.100000 3356 0 1 99345 655 [],[21]
8.745805 695.600000 99571 0 1 99344 656 [],[1743]
8.745919 695.600000 1047 0 1 99343 657 [],[21]
8.746166 698.900000 347 0 1 99342 658 [],[56]
8.748237 703.400000 90340 0 1 99341 659 [],[2]
8.749095 703.400000 584 0 1 99340 660 [],[2]
8.751484 708.100000 12063 0 1 99339 661 [],[880]
8.752094 708.600000 17391 0 1 99338 662 [],[1]
8.755455 708.700000 76044 0 1 99337 663 [],[9088]
8.755612 708.700000 416 0 1 99336 664 [],[491,96698,56]
8.755676 714.900000 53753 0 1 99335 665 [],[14639]
8.756284 714.900000 32510 0 1 99334 666 [],[2]
8.757548 714.900000 10587 0 1 99333 667 [],[23]
8.759613 715.000000 5462 0 1 99332 668 [],[39290,56]
8.761454 715.400000 11151 0 1 99331 669 [],[1047]
8.761620 715.500000 41703 0 1 99330 670 [],[9088]
8.761685 715.600000 39796 0 1 99329 671 [],[6198]
8.763028 715.800000 5676 0 1 99328 672 [],[4663]
8.764488 716.100000 429 0 1 99327 673 [],[6]
8.765084 719.300000 2819 0 1 99326 674 [],[2,60]
8.765403 719.300000 189 0 1 99325 675 [],[36594]
8.765877 732.300000 30354 0 1 99324 676 [],[968]
8.768279 732.400000 2975 0 1 99323 677 [],[2,42]
8.769180 732.500000 6133 0 1 99322 678 [],[6]
8.771088 732.700000 10972 0 1 99321 679 [],[84]
8.772093 733.200000 8131 0 1 99320 680 [],[37]
8.772873 734.200000 25547 0 1 99319 681 [],[1954]
8.773144 734.400000 2368 0 1 99318 682 [],[43]
8.774139 734.900000 27354 0 1 99317 683 [],[15923]
8.774669 735.200000 83426 0 1 99316 684 [],[6]
8.776564 735.200000 80670 0 1 99315 685 [],[47035]
8.777653 735.200000 98059 0 1 99314 686 [],[120]
8.778097 735.200000 5454 0 1 99313 687 [],[42]
8.778851 736.800000 92741 0 1 99312 688 [],[79594]
8.780589 736.800000 46780 0 1 99311 689 [],[220]
8.782644 736.800000 41748 0 1 99310 690 [],[2227]
8.783411 736.800000 71707 0 1 99309 691 [],[21]
8.787256 736.900000 88469 0 1 99308 692 [],[39796]
8.788751 736.900000 448 0 1 99307 693 [],[21]
8.789362 740.700000 1092 0 1 99306 694 [],[5633,69]
8.789693 742.800000 19907 0 1 99305 695 [],[44]
8.791685 743.300000 31100 0 1 99304 696 [],[2]
8.794356 743.500000 63254 0 1 99303 697 [],[2860]
8.798579 743.600000 94328 0 1 99302 698 [],[2]
8.799632 743.600000 4305 0 1 99301 699 [],[2]
8.800274 744.400000 91536 0 1 99300 700 [],[60]
8.802932 744.400000 68687 0 1 99299 701 [],[2]
8.804028 744.500000 83684 0 1 99298 702 [],[23]
8.804771 744.600000 6904 0 1 99297 703 [],[2436]
8.805622 745.900000 18505 0 1 99296 704 [],[83]
8.806796 746.000000 38699 0 1 99295 705 [],[2]
8.810632 746.400000 69133 0 1 99294 706 [],[2]
8.814683 746.500000 2241 0 1 99293 707 [],[84]
8.815073 747.200000 1488 0 1 99292 708 [],[5676,42]
8.815201 748.300000 61757 0 1 99291 709 [],[8127]
8.816360 748.400000 68807 0 1 99290 710 [],[2]
8.818425 748.400000 93533 0 1 99289 711 [],[1210]
8.819685 748.400000 393 0 1 99288 712 [],[42]
8.821467 752.200000 58559 0 1 99287 713 [],[84]
8.823037 752.200000 21143 0 1 99286 714 [],[2]
8.823490 752.200000 37055 0 1 99285 715 [],[2227]
8.824112 752.300000 81975 0 1 99284 716 [],[318]
8.824498 752.400000 57581 0 1 99283 717 [],[189]
8.824506 752.500000 5396 0 1 99282 718 [],[2017]
8.824532 753.800000 29180 0 1 99281 719 [],[1059]
8.826086 753.900000 46702 0 1 99280 720 [],[1507]
8.826619 754.200000 49854 0 1 99279 721 [],[220]
8.827979 754.300000 5937 0 1 99278 722 [],[60]
8.830544 754.900000 29383 0 1 99277 723 [],[42]
8.832252 754.900000 73134 0 1 99276 724 [],[37]
8.832728 755.000000 22511 0 1 99275 725 [],[23188]
8.834433 755.400000 50462 0 1 99274 726 [],[42]
8.835452 755.400000 85417 0 1 99273 727 [],[42]
8.837894 755.600000 27702 0 1 99272 728 [],[84]
8.838132 755.700000 1977 0 1 99271 729 [],[2]
8.839236 756.900000 12517 0 1 99270 730 [],[21]
8.840664 757.300000 30320 0 1 99269 731 [],[6]
8.841126 757.700000 3132 0 1 99268 732 [],[5396]
8.842576 760.400000 34241 0 1 99267 733 [],[21]
8.843929 761.600000 95157 0 1 99266 734 [],[9088]
8.844752 761.600000 70107 0 1 99265 735 [],[2]
8.845913 761.600000 51300 0 1 99264 736 [],[29605]
8.847185 761.700000 51298 0 1 99263 737 [],[30]
8.848522 761.800000 18252 0 1 99262 738 [],[84]
8.848828 762.400000 33047 0 1 99261 739 [],[21]
8.849981 762.600000 8 0 1 99260 740 [],[1182,1483,2]
8.852174 801.400000 14504 0 1 99259 741 [],[21]
8.852999 801.500000 8823 0 1 99258 742 [],[36704]
8.853311 802.500000 87538 0 1 99257 743 [],[1743]
8.853593 802.500000 53566 0 1 99256 744 [],[189]
8.853620 802.500000 1918 0 1 99255 745 [],[80763]
8.854573 803.000000 90627 0 1 99254 746 [],[9526]
8.855708 803.100000 783 0 1 99253 747 [],[84]
8.856821 803.900000 69780 0 1 99252 748 [],[8770]
8.858442 803.900000 44316 0 1 99251 749 [],[12494]
8.858797 804.200000 34443 0 1 99250 750 [],[3054]
8.860907 804.400000 5135 0 1 99249 751 [],[3862]
8.861007 805.300000 71049 0 1 99248 752 [],[17604]
8.861773 805.300000 45773 0 1 99247 753 [],[220]
8.862741 805.300000 16825 0 1 99246 754 [],[428]
8.863866 805.700000 81787 0 1 99245 755 [],[44]
8.865756 805.800000 1591 0 1 99244 756 [],[4136]
8.867233 806.900000 11952 0 1 99243 757 [],[43]
8.872635 807.000000 5503 0 1 99242 758 [],[69]
8.873161 807.000000 59726 0 1 99241 759 [],[84]
8.874568 807.000000 99319 0 1 99240 760 [],[13623]
8.875477 807.000000 80853 0 1 99239 761 [],[8]
8.877003 807.100000 86326 0 1 99238 762 [],[83]
8.877121 807.100000 15296 0 1 99237 763 [],[29474]
8.880486 807.500000 3796 0 1 99236 764 [],[3921]
8.881412 808.100000 39260 0 1 99235 765 [],[69]
8.883521 808.400000 57058 0 1 99234 766 [],[6]
8.886151 808.400000 60697 0 1 99233 767 [],[1]
8.886663 808.400000 24 0 1 99232 768 [],[2436,1,2]
8.888954 810.500000 14329 0 1 99231 769 [],[85559]
8.889908 811.000000 38 0 1 99230 770 [],[8]
8.890390 819.300000 74041 0 1 99229 771 [],[8]
8.890797 819.300000 59954 0 1 99228 772 [],[43]
8.891222 819.300000 90100 0 1 99227 773 [],[2]
8.891454 819.300000 2280 0 1 99226 774 [],[2]
8.891492 820.300000 659 0 1 99225 775 [],[42]
8.892459 820.300000 60459 0 1 99224 776 [],[8131]
8.893241 820.300000 28637 0 1 99223 777 [],[60]
8.893511 820.300000 49753 0 1 99222 778 [],[5028]
8.899520 820.300000 37379 0 1 99221 779 [],[11864]
8.902121 820.500000 92376 0 1 99220 780 [],[2]
8.902567 820.500000 12657 0 1 99219 781 [],[2]
8.902961 820.800000 11763 0 1 99218 782 [],[8]
8.903340 821.800000 85194 0 1 99217 783 [],[4640]
8.903815 821.800000 10877 0 1 99216 784 [],[69]
8.904472 822.000000 14741 0 1 99215 785 [],[1006]
8.905696 823.000000 18350 0 1 99214 786 [],[117]
8.906093 823.100000 26158 0 1 99213 787 [],[420]
8.906675 823.100000 21659 0 1 99212 788 [],[8]
8.906883 823.500000 2361 0 1 99211 789 [],[22710]
8.908092 824.500000 37218 0 1 99210 790 [],[2]
8.908153 824.600000 18753 0 1 99209 791 [],[1844]
8.908277 824.700000 398 0 1 99208 792 [],[60]
8.909193 827.000000 36879 0 1 99207 793 [],[14001]
8.909299 827.000000 81484 0 1 99206 794 [],[56]
8.911041 827.100000 56018 0 1 99205 795 [],[4217]
8.911074 827.200000 4601 0 1 99204 796 [],[83]
8.912799 827.600000 1409 0 1 99203 797 [],[93628]
8.913994 829.900000 95685 0 1 99202 798 [],[13049]
8.914420 829.900000 47429 0 1 99201 799 [],[4513]
8.915838 829.900000 7332 0 1 99200 800 [],[220]
8.915968 830.400000 2597 0 1 99199 801 [],[42]
8.916401 831.100000 71627 0 1 99198 802 [],[109]
8.919133 831.100000 13854 0 1 99197 803 [],[220]
8.919824 831.400000 23884 0 1 99196 804 [],[8988]
8.920055 831.400000 17557 0 1 99195 805 [],[220]
8.920904 831.500000 42235 0 1 99194 806 [],[8]
8.921015 831.600000 8111 0 1 99193 807 [],[42]
8.921476 832.400000 21729 0 1 99192 808 [],[5031]
8.921619 832.600000 17389 0 1 99191 809 [],[398]
8.923641 832.800000 3345 0 1 99190 810 [],[53502]
8.926194 834.800000 16854 0 1 99189 811 [],[42]
8.928867 835.100000 1251 0 1 99188 812 [],[2218]
8.928966 836.400000 8440 0 1 99187 813 [],[8]
8.930268 836.600000 67199 0 1 99186 814 [],[1483]
8.930300 836.600000 3950 0 1 99185 815 [],[69]
8.930842 836.900000 68174 0 1 99184 816 [],[27354]
8.930869 836.900000 17476 0 1 99183 817 [],[40]
8.931073 837.200000 32322 0 1 99182 818 [],[4663]
8.931512 837.300000 9654 0 1 99181 819 [],[1097]
8.931920 837.700000 13011 0 1 99180 820 [],[42]
8.933211 838.300000 80375 0 1 99179 821 [],[6198]
8.934798 838.400000 86718 0 1 99178 822 [],[120]
8.935568 838.400000 48292 0 1 99177 823 [],[83]
8.939121 838.500000 74735 0 1 99176 824 [],[2]
8.940523 838.700000 7410 0 1 99175 825 [],[42]
8.942771 839.300000 94092 0 1 99174 826 [],[37]
8.946889 839.300000 95896 0 1 99173 827 [],[37]
8.947023 839.300000 4086 0 1 99172 828 [],[416]
8.948731 840.200000 50239 0 1 99171 829 [],[3750]
8.950007 840.500000 30323 0 1 99170 830 [],[83]
8.950377 840.500000 89926 0 1 99169 831 [],[1844]
8.950505 840.500000 34714 0 1 99168 832 [],[318]
8.951213 840.700000 15514 0 1 99167 833 [],[8417]
8.953056 841.100000 61534 0 1 99166 834 [],[34241]
8.953928 841.100000 1506 0 1 99165 835 [],[2368]
8.955468 843.000000 69395 0 1 99164 836 [],[220]
8.958406 843.000000 46203 0 1 99163 837 [],[6,11916]
8.959593 842.800000 64318 0 1 99162 838 [],[42]
8.959644 842.900000 7740 0 1 99161 839 [],[6]
8.960249 843.400000 3055 0 1 99160 840 [],[42]
8.960277 844.300000 45262 0 1 99159 841 [],[1309]
8.961365 844.400000 88922 0 1 99158 842 [],[56]
8.963576 844.400000 7917 0 1 99157 843 [],[575]
8.966980 844.800000 40097 0 1 99156 844 [],[1954]
8.967764 844.900000 3108 0 1 99155 845 [],[1]
8.968337 846.800000 40182 0 1 99154 846 [],[7740]
8.968469 846.900000 57979 0 1 99153 847 [],[5136]
8.972983 846.900000 76350 0 1 99152 848 [],[189]
8.973022 847.000000 59865 0 1 99151 849 [],[5136]
8.976063 847.100000 44563 0 1 99150 850 [],[30]
8.978852 847.100000 45016 0 1 99149 851 [],[40]
8.980966 847.100000 3 0 1 99148 852 [],[8,23,37,38,109,155,189,207,398,1053,4198,6531,22165,35933,38779,86968,1,2]
8.981184 922.700000 36143 0 1 99147 853 [],[13049]
8.981485 923.400000 30567 0 1 99146 854 [],[3]
8.984612 923.900000 30202 0 1 99145 855 [],[83]
8.985066 924.300000 38437 0 1 99144 856 [],[92376]
8.985307 924.900000 26185 0 1 99143 857 [],[189]
8.986202 925.100000 73890 0 1 99142 858 [],[105]
8.990344 925.100000 46450 0 1 99141 859 [],[220]
8.993188 925.100000 56195 0 1 99140 860 [],[5809]
8.994160 925.100000 74275 0 1 99139 861 [],[66655]
8.994589 925.100000 14061 0 1 99138 862 [],[3]
8.994828 925.100000 31270 0 1 99137 863 [],[81787]
8.995061 925.300000 37685 0 1 99136 864 [],[2]
8.999303 925.300000 78532 0 1 99135 865 [],[42]
9.001171 925.300000 45478 0 1 99134 866 [],[18024]
9.001296 925.400000 9746 0 1 99133 867 [],[21,605]
9.002754 925.400000 81322 0 1 99132 868 [],[393]
9.002964 925.400000 6675 0 1 99131 869 [],[3,605]
9.003003 925.700000 48120 0 1 99130 870 [],[21]
9.004234 925.700000 2243 0 1 99129 871 [],[10492]
9.005013 926.900000 59454 0 1 99128 872 [],[2]
9.005466 926.900000 9916 0 1 99127 873 [],[16195]
9.006125 927.200000 91529 0 1 99126 874 [],[3]
9.006327 927.200000 759 0 1 99125 875 [],[3,99]
9.009297 927.900000 19298 0 1 99124 876 [],[2]
9.009479 928.000000 3693 0 1 99123 877 [],[810]
9.014952 934.000000 78450 0 1 99122 878 [],[36143]
9.017489 934.100000 35575 0 1 99121 879 [],[2017]
9.017677 934.100000 8624 0 1 99120 880 [],[30]
9.019220 934.100000 67970 0 1 99119 881 [],[8]
9.021095 934.100000 30433 0 1 99118 882 [],[42]
9.024316 934.300000 47389 0 1 99117 883 [],[83]
9.025545 934.400000 5869 0 1 99116 884 [],[21]
9.026789 934.900000 3349 0 1 99115 885 [],[3693]
9.027550 935.700000 4696 0 1 99114 886 [],[220]
9.027706 936.700000 17641 0 1 99113 887 [],[3]
9.027878 937.000000 42798 0 1 99112 888 [],[8]
9.027960 937.500000 74493 0 1 99111 889 [],[3862]
9.028178 937.500000 51749 0 1 99110 890 [],[329]
9.029259 937.600000 13863 0 1 99109 891 [],[6]
9.030549 937.900000 785 0 1 99108 892 [],[6]
9.031893 939.800000 20545 0 1 99107 893 [],[3]
9.031975 940.000000 6658 0 1 99106 894 [],[6]
9.032107 940.000000 84797 0 1 99105 895 [],[3]
9.032418 940.200000 68681 0 1 99104 896 [],[2]
9.032633 940.200000 91999 0 1 99103 897 [],[30]
9.034653 940.200000 32471 0 1 99102 898 [],[43]
9.035687 940.600000 49934 0 1 99101 899 [],[37,2408]
9.035751 940.400000 18270 0 1 99100 900 [],[21]
9.038292 941.200000 928 0 1 99099 901 [],[220]
9.038443 942.700000 6434 0 1 99098 902 [],[44130]
9.040509 943.400000 73172 0 1 99097 903 [],[4663]
9.040818 943.400000 3226 0 1 99096 904 [],[584]
9.041853 943.900000 6274 0 1 99095 905 [],[8,83]
9.042350 943.900000 79419 0 1 99094 906 [],[42]
9.044194 944.100000 10726 0 1 99093 907 [],[43,2439]
9.044474 944.600000 21641 0 1 99092 908 [],[1506]
9.047043 944.600000 638 0 1 99091 909 [],[3]
9.048748 945.600000 22047 0 1 99090 910 [],[3317]
9.049557 946.000000 25624 0 1 99089 911 [],[8]
9.049858 946.500000 77581 0 1 99088 912 [],[2]
9.051339 946.500000 1682 0 1 99087 913 [],[8058]
9.051439 947.400000 88916 0 1 99086 914 [],[155]
9.053289 947.400000 1922 0 1 99085 915 [],[43]
9.053781 949.400000 31268 0 1 99084 916 [],[3]
9.053979 949.400000 1475 0 1 99083 917 [],[15109,1309]
9.054693 951.800000 44249 0 1 99082 918 [],[1]
9.055699 952.100000 29279 0 1 99081 919 [],[1475]
9.057098 952.200000 728 0 1 99080 920 [],[2]
9.057206 954.000000 54563 0 1 99079 921 [],[43,12836]
9.057232 953.800000 94099 0 1 99078 922 [],[1743]
9.059186 953.800000 93341 0 1 99077 923 [],[398]
9.060722 953.800000 1803 0 1 99076 924 [],[8]
9.061792 954.300000 53575 0 1 99075 925 [],[3]
9.062574 954.300000 20738 0 1 99074 926 [],[3]
9.063402 954.500000 24826 0 1 99073 927 [],[56]
9.064886 954.600000 21462 0 1 99072 928 [],[3132]
9.066149 954.800000 55250 0 1 99071 929 [],[31270]
9.066996 954.800000 46791 0 1 99070 930 [],[3]
9.068000 955.000000 22569 0 1 99069 931 [],[51526]
9.068074 955.900000 914 0 1 99068 932 [],[1567,7936]
9.068173 957.500000 1716 0 1 99067 933 [],[1475]
9.070198 958.300000 6946 0 1 99066 934 [],[3750]
9.070717 958.800000 7538 0 1 99065 935 [],[189]
9.071848 959.300000 49964 0 1 99064 936 [],[56765]
9.071868 959.600000 1530 0 1 99063 937 [],[3]
9.073176 961.200000 67490 0 1 99062 938 [],[1210]
9.073853 961.200000 40227 0 1 99061 939 [],[46780,903]
9.075467 961.100000 56991 0 1 99060 940 [],[189]
9.076405 961.100000 23224 0 1 99059 941 [],[117]
9.076947 961.100000 72299 0 1 99058 942 [],[5030]
9.080854 961.100000 71181 0 1 99057 943 [],[3132]
9.082244 961.200000 1481 0 1 99056 944 [],[42]
9.082772 963.500000 93165 0 1 99055 945 [],[9636]
9.083057 963.500000 1529 0 1 99054 946 [],[105]
9.085025 965.100000 62065 0 1 99053 947 [],[21]
9.085518 965.100000 19811 0 1 99052 948 [],[43]
9.087998 965.200000 8693 0 1 99051 949 [],[398]
9.088286 965.200000 22262 0 1 99050 950 [],[85194]
9.090270 965.600000 13233 0 1 99049 951 [],[4287]
9.090362 965.700000 10137 0 1 99048 952 [],[318]
9.091362 965.800000 26867 0 1 99047 953 [],[84]
9.092380 965.900000 38054 0 1 99046 954 [],[32773]
9.094009 966.000000 8708 0 1 99045 955 [],[1,2017]
9.094112 966.200000 14101 0 1 99044 956 [],[37]
9.095460 966.200000 54224 0 1 99043 957 [],[38]
9.095682 966.400000 26726 0 1 99042 958 [],[318]
9.097018 966.400000 82143 0 1 99041 959 [],[2]
9.097779 966.400000 12816 0 1 99040 960 [],[69,220]
9.097888 966.200000 6849 0 1 99039 961 [],[220]
9.099682 966.400000 28764 0 1 99038 962 [],[1507]
9.100532 966.600000 12661 0 1 99037 963 [],[6904]
9.102319 966.800000 91119 0 1 99036 964 [],[31585]
9.102536 966.800000 80083 0 1 99035 965 [],[24329]
9.102775 966.800000 12465 0 1 99034 966 [],[207,728]
9.104185 967.200000 69036 0 1 99033 967 [],[28053]
9.104257 967.200000 90011 0 1 99032 968 [],[1160]
9.106435 967.400000 1633 0 1 99031 969 [],[21]
9.108180 968.700000 2843 0 1 99030 970 [],[189]
9.109244 970.600000 85205 0 1 99029 971 [],[16854]
9.109768 970.700000 44143 0 1 99028 972 [],[8]
9.109948 970.700000 66607 0 1 99027 973 [],[20142]
9.110578 970.700000 458 0 1 99026 974 [],[2,21]
9.110645 978.500000 62394 0 1 99025 975 [],[27803]
9.110692 978.700000 79282 0 1 99024 976 [],[20719]
9.111058 978.700000 68676 0 1 99023 977 [],[9296]
9.111427 978.700000 1765 0 1 99022 978 [],[12483,15500,21]
9.114573 982.800000 58310 0 1 99021 979 [],[120]
9.114777 983.000000 10704 0 1 99020 980 [],[2581]
9.115219 983.500000 39567 0 1 99019 981 [],[83]
9.115529 983.600000 52341 0 1 99018 982 [],[1160]
9.115967 983.600000 2027 0 1 99017 983 [],[22511]
9.116099 985.100000 10051 0 1 99016 984 [],[9138]
9.116560 985.400000 32576 0 1 99015 985 [],[1160]
9.116633 985.500000 4948 0 1 99014 986 [],[59,105]
9.118367 986.900000 27714 0 1 99013 987 [],[73172]
9.118626 987.500000 39023 0 1 99012 988 [],[50239]
9.119044 988.000000 11644 0 1 99011 989 [],[6]
9.121040 988.000000 55311 0 1 99010 990 [],[3]
9.123608 988.100000 19437 0 1 99009 991 [],[1507]
9.127341 988.300000 41345 0 1 99008 992 [],[60]
9.128314 988.400000 61561 0 1 99007 993 [],[8]
9.128424 988.500000 89146 0 1 99006 994 [],[84797]
9.128634 988.500000 56904 0 1 99005 995 [],[4322]
9.129037 988.600000 20183 0 1 99004 996 [],[2]
9.129956 989.000000 6805 0 1 99003 997 [],[30]
9.132194 989.600000 95989 0 1 99002 998 [],[2]
9.134285 989.600000 52161 0 1 99001 999 [],[105]
9.136629 989.700000 60484 0 1 99000 1000 [],[1147]
9.137454 989.700000 4116 0 1 98999 1001 [],[3,2843]
9.137653 990.000000 39237 0 1 98998 1002 [],[4389]
9.138292 990.200000 4268 0 1 98997 1003 [],[2]
9.139289 991.000000 46916 0 1 98996 1004 [],[1529]
9.139807 991.000000 33111 0 1 98995 1005 [],[9296]
9.140269 991.200000 66537 0 1 98994 1006 [],[39650]
9.140357 991.200000 36953 0 1 98993 1007 [],[26671]
9.140709 991.400000 61010 0 1 98992 1008 [],[4305]
9.141133 991.400000 7864 0 1 98991 1009 [],[1701]
9.141241 991.700000 12950 0 1 98990 1010 [],[117]
9.141334 991.800000 37013 0 1 98989 1011 [],[2]
9.142928 991.800000 67751 0 1 98988 1012 [],[23966]
9.142938 991.900000 24650 0 1 98987 1013 [],[21]
9.143947 991.900000 18903 0 1 98986 1014 [],[3,2860]
9.144010 993.100000 64930 0 1 98985 1015 [],[4601]
9.144350 993.200000 65603 0 1 98984 1016 [],[6]
9.144869 993.200000 42167 0 1 98983 1017 [],[2]
9.146904 993.700000 35871 0 1 98982 1018 [],[2218]
9.147335 993.900000 11642 0 1 98981 1019 [],[3]
9.149310 994.000000 55520 0 1 98980 1020 [],[15458]
9.149719 994.000000 57108 0 1 98979 1021 [],[40]
9.151533 994.000000 38205 0 1 98978 1022 [],[4116]
9.152046 994.200000 39333 0 1 98977 1023 [],[220]
9.153897 994.200000 28290 0 1 98976 1024 [],[21,7740]
9.155629 994.100000 44732 0 1 98975 1025 [],[2843]
9.156163 994.100000 61131 0 1 98974 1026 [],[35871]
9.156735 994.200000 5655 0 1 98973 1027 [],[69]
9.157667 994.600000 1259 0 1 98972 1028 [],[4601]
9.161175 997.300000 10644 0 1 98971 1029 [],[1954]
9.161332 997.500000 84899 0 1 98970 1030 [],[23]
9.162534 997.500000 75278 0 1 98969 1031 [],[21]
9.164025 997.500000 79449 0 1 98968 1032 [],[30]
9.165155 997.500000 2642 0 1 98967 1033 [],[2]
9.165456 998.300000 91423 0 1 98966 1034 [],[56]
9.165712 998.300000 52148 0 1 98965 1035 [],[34241]
9.166359 998.400000 44622 0 1 98964 1036 [],[3]
9.167541 998.600000 94174 0 1 98963 1037 [],[336]
9.167957 998.600000 44009 0 1 98962 1038 [],[448]
9.167969 998.600000 24716 0 1 98961 1039 [],[42]
9.169878 998.800000 15200 0 1 98960 1040 [],[2642]
9.170959 999.300000 2640 0 1 98959 1041 [],[38]
9.172088 1002.200000 194 0 1 98958 1042 [],[109]
9.173137 1003.400000 25592 0 1 98957 1043 [],[3]
9.173992 1003.800000 86144 0 1 98956 1044 [],[6]
9.175814 1003.800000 82106 0 1 98955 1045 [],[605]
9.176081 1003.800000 15440 0 1 98954 1046 [],[14639]
9.177243 1004.600000 30639 0 1 98953 1047 [],[83]
9.177409 1004.900000 8741 0 1 98952 1048 [],[93533]
9.183701 1007.200000 15728 0 1 98951 1049 [],[1]
9.183866 1008.200000 81494 0 1 98950 1050 [],[3]
9.184470 1008.200000 6664 0 1 98949 1051 [],[37]
9.185134 1008.200000 98356 0 1 98948 1052 [],[4268]
9.185820 1008.200000 8722 0 1 98947 1053 [],[8]
9.186085 1008.200000 46119 0 1 98946 1054 [],[318]
9.186631 1008.300000 31014 0 1 98945 1055 [],[60]
9.186804 1008.300000 2064 0 1 98944 1056 [],[1251,1954]
9.188891 1008.700000 92132 0 1 98943 1057 [],[2]
9.189260 1008.700000 14189 0 1 98942 1058 [],[42]
9.189888 1008.800000 2889 0 1 98941 1059 [],[2017]
9.192386 1010.500000 49782 0 1 98940 1060 [],[3522]
9.192965 1010.600000 2307 0 1 98939 1061 [],[10324]
9.194088 1012.800000 41145 0 1 98938 1062 [],[16270]
9.196497 1012.800000 7526 0 1 98937 1063 [],[3]
9.197197 1012.800000 6587 0 1 98936 1064 [],[605]
9.197360 1013.100000 60267 0 1 98935 1065 [],[428]
9.199194 1013.400000 18961 0 1 98934 1066 [],[6]
9.200579 1013.900000 78448 0 1 98933 1067 [],[21]
9.205404 1013.900000 76176 0 1 98932 1068 [],[38699]
9.205875 1013.900000 3651 0 1 98931 1069 [],[12728,8]
9.211323 1015.500000 97175 0 1 98930 1070 [],[25592]
9.211686 1015.500000 62407 0 1 98929 1071 [],[60]
9.213847 1015.600000 55831 0 1 98928 1072 [],[1409]
9.214213 1015.600000 93942 0 1 98927 1073 [],[18903]
9.215116 1015.600000 2825 0 1 98926 1074 [],[2408]
9.215309 1016.800000 5056 0 1 98925 1075 [],[4696]
9.215430 1016.900000 24731 0 1 98924 1076 [],[584]
9.215651 1017.300000 1045 0 1 98923 1077 [],[60]
9.215927 1020.200000 29375 0 1 98922 1078 [],[1506]
9.216856 1020.200000 9075 0 1 98921 1079 [],[42,318]
9.217706 1020.200000 8025 0 1 98920 1080 [],[796]
9.218095 1020.300000 4212 0 1 98919 1081 [],[2,3693]
9.218445 1020.600000 76358 0 1 98918 1082 [],[3]
9.218889 1020.700000 17381 0 1 98917 1083 [],[3132]
9.220664 1021.300000 59738 0 1 98916 1084 [],[3]
9.221128 1021.400000 67472 0 1 98915 1085 [],[3]
9.222038 1021.400000 26681 0 1 98914 1086 [],[21]
9.222831 1021.400000 87406 0 1 98913 1087 [],[8741]
9.223316 1021.400000 15278 0 1 98912 1088 [],[3,393]
9.223534 1021.500000 5071 0 1 98911 1089 [],[3]
9.223698 1021.600000 1069 0 1 98910 1090 [],[52161,21,416]
9.225941 1022.700000 1191 0 1 98909 1091 [],[7917]
9.226118 1025.100000 21353 0 1 98908 1092 [],[3693]
9.226603 1025.200000 5952 0 1 98907 1093 [],[6]
9.226769 1026.400000 23422 0 1 98906 1094 [],[10726]
9.229435 1027.400000 8681 0 1 98905 1095 [],[1160]
9.229470 1027.600000 10631 0 1 98904 1096 [],[2218]
9.229530 1028.500000 9365 0 1 98903 1097 [],[1010]
9.232431 1028.800000 19338 0 1 98902 1098 [],[2]
9.232550 1029.000000 83092 0 1 98901 1099 [],[658]
9.233940 1029.000000 19633 0 1 98900 1100 [],[3]
9.234297 1029.000000 4018 0 1 98899 1101 [],[194]
9.234599 1031.000000 20458 0 1 98898 1102 [],[1]
9.235303 1031.100000 5469 0 1 98897 1103 [],[2]
9.236404 1032.200000 1286 0 1 98896 1104 [],[17391,30]
9.236720 1034.100000 23016 0 1 98895 1105 [],[8]
9.236843 1034.100000 89895 0 1 98894 1106 [],[5028]
9.237600 1034.100000 82479 0 1 98893 1107 [],[347]
9.238712 1034.200000 3206 0 1 98892 1108 [],[50748]
9.239221 1036.300000 25370 0 1 98891 1109 [],[1]
9.244059 1036.400000 20872 0 1 98890 1110 [],[42]
9.244268 1036.600000 4174 0 1 98889 1111 [],[658]
9.248412 1037.100000 43211 0 1 98888 1112 [],[4287]
9.249030 1037.100000 60133 0 1 98887 1113 [],[4640]
9.249321 1037.200000 68896 0 1 98886 1114 [],[3693]
9.254059 1037.200000 19562 0 1 98885 1115 [],[69]
9.256046 1037.300000 51393 0 1 98884 1116 [],[972]
9.256641 1037.300000 82400 0 1 98883 1117 [],[4679]
9.258555 1037.300000 78047 0 1 98882 1118 [],[429]
9.260853 1037.300000 34464 0 1 98881 1119 [],[3693]
9.261723 1037.300000 41046 0 1 98880 1120 [],[347]
9.264240 1037.400000 4384 0 1 98879 1121 [],[21]
9.264899 1038.500000 15375 0 1 98878 1122 [],[5869]
9.265244 1038.600000 58015 0 1 98877 1123 [],[6]
9.269527 1038.600000 5494 0 1 98876 1124 [],[42]
9.272095 1039.300000 24473 0 1 98875 1125 [],[18903]
9.272330 1039.500000 6923 0 1 98874 1126 [],[1]
9.272659 1039.500000 24995 0 1 98873 1127 [],[11763]
9.272665 1040.100000 55325 0 1 98872 1128 [],[34241]
9.273034 1040.100000 9933 0 1 98871 1129 [],[3]
9.273865 1040.600000 52441 0 1 98870 1130 [],[28485]
9.273913 1040.600000 32447 0 1 98869 1131 [],[6]
9.273929 1040.600000 6062 0 1 98868 1132 [],[3651]
9.274003 1041.800000 13418 0 1 98867 1133 [],[189]
9.274622 1042.300000 4091 0 1 98866 1134 [],[44]
9.275440 1042.600000 77140 0 1 98865 1135 [],[575]
9.276509 1042.600000 85718 0 1 98864 1136 [],[1530]
9.277836 1042.700000 15965 0 1 98863 1137 [],[1438]
9.277960 1043.000000 23524 0 1 98862 1138 [],[928]
9.278250 1043.100000 14646 0 1 98861 1139 [],[79861]
9.281202 1043.700000 2012 0 1 98860 1140 [],[42]
9.281224 1045.000000 10906 0 1 98859 1141 [],[99571]
9.281659 1045.400000 69333 0 1 98858 1142 [],[60]
9.283333 1045.700000 8293 0 1 98857 1143 [],[2]
9.284003 1046.300000 52970 0 1 98856 1144 [],[1]
9.284427 1046.400000 87476 0 1 98855 1145 [],[1954]
9.284914 1046.400000 80660 0 1 98854 1146 [],[4116]
9.286024 1046.400000 629 0 1 98853 1147 [],[3]
9.286354 1051.200000 33775 0 1 98852 1148 [],[40837]
9.286857 1051.400000 77936 0 1 98851 1149 [],[347]
9.287903 1051.500000 27757 0 1 98850 1150 [],[1743]
9.289262 1051.700000 47138 0 1 98849 1151 [],[458]
9.289845 1052.000000 47544 0 1 98848 1152 [],[23]
9.290541 1052.000000 161 0 1 98847 1153 [],[2,21]
9.290856 1054.700000 62406 0 1 98846 1154 [],[16195]
9.292221 1054.700000 26784 0 1 98845 1155 [],[60]
9.292603 1055.000000 26453 0 1 98844 1156 [],[2]
9.293831 1055.300000 71047 0 1 98843 1157 [],[14818]
9.296856 1055.300000 33932 0 1 98842 1158 [],[2825]
9.297737 1055.500000 26666 0 1 98841 1159 [],[903]
9.298278 1055.700000 25484 0 1 98840 1160 [],[80660,1743]
9.300390 1055.700000 268 0 1 98839 1161 [],[3]
9.300633 1056.000000 13911 0 1 98838 1162 [],[1191]
9.301423 1056.200000 89568 0 1 98837 1163 [],[38437]
9.302731 1056.200000 72692 0 1 98836 1164 [],[7936]
9.302959 1056.200000 74938 0 1 98835 1165 [],[34241]
9.303825 1056.200000 52648 0 1 98834 1166 [],[3]
9.304722 1056.300000 3326 0 1 98833 1167 [],[37]
9.305375 1057.800000 23155 0 1 98832 1168 [],[3]
9.306013 1057.800000 26482 0 1 98831 1169 [],[393]
9.306319 1058.000000 66776 0 1 98830 1170 [],[3]
9.307173 1058.000000 32223 0 1 98829 1171 [],[458]
9.307433 1058.400000 31093 0 1 98828 1172 [],[27412]
9.308227 1058.400000 87488 0 1 98827 1173 [],[29605]
9.308477 1058.500000 9632 0 1 98826 1174 [],[94092]
9.308738 1059.300000 59635 0 1 98825 1175 [],[3]
9.308903 1059.300000 174 0 1 98824 1176 [],[21]
9.309738 1060.800000 86206 0 1 98823 1177 [],[1]
9.309927 1060.800000 49656 0 1 98822 1178 [],[7410]
9.310784 1061.000000 45618 0 1 98821 1179 [],[22415]
9.312611 1061.200000 11802 0 1 98820 1180 [],[42]
9.312921 1061.300000 54513 0 1 98819 1181 [],[47035]
9.312997 1061.300000 42107 0 1 98818 1182 [],[189]
9.313212 1061.500000 19573 0 1 98817 1183 [],[1286]
9.313232 1061.700000 31371 0 1 98816 1184 [],[416,1059]
9.313847 1061.700000 63084 0 1 98815 1185 [],[3848]
9.315275 1061.700000 33649 0 1 98814 1186 [],[174]
9.315413 1061.700000 31090 0 1 98813 1187 [],[8479]
9.316015 1061.800000 14993 0 1 98812 1188 [],[3108]
9.317701 1062.600000 2703 0 1 98811 1189 [],[2]
9.319840 1063.700000 95 0 1 98810 1190 [],[2953,55325,57390,60424,43]
9.323821 1086.500000 5368 0 1 98809 1191 [],[4018]
9.324930 1086.600000 13862 0 1 98808 1192 [],[15979]
9.325100 1087.000000 49620 0 1 98807 1193 [],[76350]
9.325149 1087.400000 54233 0 1 98806 1194 [],[6]
9.325670 1087.400000 77520 0 1 98805 1195 [],[46119]
9.326059 1087.400000 70553 0 1 98804 1196 [],[8]
9.326179 1087.400000 17749 0 1 98803 1197 [],[69]
9.327722 1088.200000 891 0 1 98802 1198 [],[1918,347]
9.328031 1090.400000 72398 0 1 98801 1199 [],[4663]
9.328247 1090.400000 1114 0 1 98800 1200 [],[109,161]
9.329239 1091.200000 22020 0 1 98799 1201 [],[85417]
9.331591 1091.300000 569 0 1 98798 1202 [],[15826]
9.331654 1097.000000 25 0 1 98797 1203 [],[569,575,880,3206,14154,8]
9.332593 1108.900000 54495 0 1 98796 1204 [],[451]
9.335481 1108.900000 24401 0 1 98795 1205 [],[95]
9.335669 1108.900000 23075 0 1 98794 1206 [],[268,1097]
9.336255 1108.900000 1115 0 1 98793 1207 [],[93824,2]
9.336358 1109.300000 42536 0 1 98792 1208 [],[9138]
9.336585 1109.500000 66122 0 1 98791 1209 [],[8741]
9.336885 1109.500000 52094 0 1 98790 1210 [],[2]
9.337402 1109.500000 52 0 1 98789 1211 [],[1160,4091,49442,61010,25,42]
9.339649 1117.400000 52512 0 1 98788 1212 [],[56]
9.341368 1117.500000 70905 0 1 98787 1213 [],[39470]
9.341791 1117.600000 55410 0 1 98786 1214 [],[117]
9.343496 1117.800000 45489 0 1 98785 1215 [],[19907]
9.343609 1118.000000 35662 0 1 98784 1216 [],[3,6]
9.344540 1118.400000 84282 0 1 98783 1217 [],[2825]
9.344862 1118.400000 18730 0 1 98782 1218 [],[30]
9.345878 1118.500000 63209 0 1 98781 1219 [],[3224]
9.347170 1118.500000 9766 0 1 98780 1220 [],[42]
9.348401 1118.900000 31341 0 1 98779 1221 [],[3]
9.349878 1119.400000 93758 0 1 98778 1222 [],[42]
9.350678 1119.400000 12443 0 1 98777 1223 [],[1765]
9.353711 1119.800000 6461 0 1 98776 1224 [],[189]
9.355088 1120.200000 455 0 1 98775 1225 [],[3750,37510]
9.357339 1129.500000 19683 0 1 98774 1226 [],[336]
9.357944 1129.700000 95902 0 1 98773 1227 [],[37]
9.358734 1129.700000 34313 0 1 98772 1228 [],[38]
9.358924 1130.200000 9292 0 1 98771 1229 [],[54224,728,1954]
9.359069 1130.300000 26037 0 1 98770 1230 [],[1259]
9.360832 1130.400000 86866 0 1 98769 1231 [],[2]
9.360918 1130.400000 11756 0 1 98768 1232 [],[2]
9.363088 1131.000000 96732 0 1 98767 1233 [],[2]
9.364169 1131.000000 50519 0 1 98766 1234 [],[1059]
9.365071 1131.200000 51343 0 1 98765 1235 [],[19710]
9.367216 1131.200000 57891 0 1 98764 1236 [],[12494]
9.368043 1131.300000 67952 0 1 98763 1237 [],[8]
9.369678 1131.300000 3494 0 1 98762 1238 [],[62406]
9.369891 1133.200000 40168 0 1 98761 1239 [],[455]
9.370227 1133.400000 15153 0 1 98760 1240 [],[3108,3768]
9.370395 1133.400000 3073 0 1 98759 1241 [],[22511,23]
9.372388 1134.900000 1805 0 1 98758 1242 [],[3]
9.372443 1136.200000 28645 0 1 98757 1243 [],[2889]
9.375086 1136.200000 31334 0 1 98756 1244 [],[21]
9.375245 1136.200000 28656 0 1 98755 1245 [],[9292]
9.375596 1136.200000 11283 0 1 98754 1246 [],[99]
9.375663 1136.700000 58275 0 1 98753 1247 [],[65379,19569]
9.375980 1136.700000 61425 0 1 98752 1248 [],[6625]
9.377025 1136.700000 875 0 1 98751 1249 [],[325]
9.377639 1137.400000 80288 0 1 98750 1250 [],[17476]
9.379735 1137.500000 99896 0 1 98749 1251 [],[58010]
9.380454 1137.500000 88674 0 1 98748 1252 [],[783]
9.380668 1137.500000 53282 0 1 98747 1253 [],[8]
9.381452 1137.700000 2449 0 1 98746 1254 [],[458]
9.382768 1137.900000 1750 0 1 98745 1255 [],[10051,189]
9.385598 1139.400000 20652 0 1 98744 1256 [],[38]
9.386380 1139.700000 35680 0 1 98743 1257 [],[3]
9.387436 1139.700000 67467 0 1 98742 1258 [],[95]
9.388364 1139.900000 1048 0 1 98741 1259 [],[2,56]
9.388409 1141.800000 2250 0 1 98740 1260 [],[448]
9.389211 1142.200000 48383 0 1 98739 1261 [],[1954]
9.389763 1142.300000 34261 0 1 98738 1262 [],[3582]
9.389780 1142.300000 8655 0 1 98737 1263 [],[3862]
9.390343 1142.300000 22142 0 1 98736 1264 [],[2361]
9.392691 1142.300000 53329 0 1 98735 1265 [],[3]
9.393064 1142.300000 59257 0 1 98734 1266 [],[39023]
9.393322 1142.400000 20668 0 1 98733 1267 [],[8]
9.394391 1142.400000 2113 0 1 98732 1268 [],[44]
9.394976 1144.600000 5012 0 1 98731 1269 [],[1092]
9.396013 1145.400000 11103 0 1 98730 1270 [],[3]
9.397771 1145.700000 84529 0 1 98729 1271 [],[3]
9.398062 1145.800000 492 0 1 98728 1272 [],[2,458]
9.399631 1147.400000 90697 0 1 98727 1273 [],[1]
9.399958 1147.400000 24218 0 1 98726 1274 [],[2012]
9.401364 1148.200000 3553 0 1 98725 1275 [],[2]
9.401941 1148.700000 195 0 1 98724 1276 [],[27714]
9.403715 1154.000000 53961 0 1 98723 1277 [],[2]
9.404244 1154.100000 28433 0 1 98722 1278 [],[8]
9.404859 1154.400000 75210 0 1 98721 1279 [],[220]
9.406073 1154.400000 46 0 1 98720 1280 [],[2,42]
9.407299 1160.200000 40330 0 1 98719 1281 [],[416]
9.407855 1160.400000 96804 0 1 98718 1282 [],[64930]
9.408825 1160.400000 90629 0 1 98717 1283 [],[3]
9.409048 1160.400000 75597 0 1 98716 1284 [],[84]
9.410528 1160.400000 7911 0 1 98715 1285 [],[2]
9.412024 1160.600000 43907 0 1 98714 1286 [],[3]
9.412374 1160.600000 7330 0 1 98713 1287 [],[6062]
9.412487 1160.900000 644 0 1 98712 1288 [],[1591,39260]
9.412806 1168.100000 18086 0 1 98711 1289 [],[59865]
9.415043 1168.500000 8821 0 1 98710 1290 [],[428]
9.415119 1169.400000 24944 0 1 98709 1291 [],[455]
9.415934 1169.400000 16601 0 1 98708 1292 [],[1251]
9.415944 1169.700000 35149 0 1 98707 1293 [],[2]
9.416166 1169.700000 63432 0 1 98706 1294 [],[4018]
9.416166 1169.700000 1444 0 1 98705 1295 [],[1149]
9.416202 1173.000000 40707 0 1 98704 1296 [],[42,38699]
9.416896 1172.900000 47526 0 1 98703 1297 [],[99,1047]
9.417754 1172.800000 34036 0 1 98702 1298 [],[109,325]
9.420483 1172.600000 28493 0 1 98701 1299 [],[2843]
9.420572 1172.900000 1384 0 1 98700 1300 [],[8]
9.421908 1174.600000 50136 0 1 98699 1301 [],[1975]
9.422376 1175.000000 8135 0 1 98698 1302 [],[22262]
9.422378 1176.300000 62617 0 1 98697 1303 [],[5809]
9.423165 1176.500000 79064 0 1 98696 1304 [],[7770]
9.424002 1176.500000 92742 0 1 98695 1305 [],[3]
9.426033 1176.500000 89053 0 1 98694 1306 [],[62394]
9.427911 1176.500000 26940 0 1 98693 1307 [],[109]
9.430207 1176.600000 3667 0 1 98692 1308 [],[458]
9.430354 1176.700000 91453 0 1 98691 1309 [],[9916]
9.431822 1176.700000 56959 0 1 98690 1310 [],[8821]
9.432284 1176.700000 56985 0 1 98689 1311 [],[84]
9.432605 1176.800000 2595 0 1 98688 1312 [],[416]
9.432945 1177.500000 1455 0 1 98687 1313 [],[220,455]
9.433779 1181.100000 31149 0 1 98686 1314 [],[3054]
9.435432 1181.400000 31539 0 1 98685 1315 [],[451]
9.436312 1181.500000 98771 0 1 98684 1316 [],[84]
9.437382 1181.500000 1136 0 1 98683 1317 [],[1530,21]
9.438981 1184.100000 91721 0 1 98682 1318 [],[25]
9.439405 1184.200000 59002 0 1 98681 1319 [],[25624]
9.439523 1184.200000 34233 0 1 98680 1320 [],[619]
9.439960 1184.400000 67124 0 1 98679 1321 [],[3]
9.440605 1184.500000 33884 0 1 98678 1322 [],[21]
9.441453 1184.500000 26855 0 1 98677 1323 [],[3]
9.441752 1184.500000 82902 0 1 98676 1324 [],[57891]
9.441883 1184.500000 88429 0 1 98675 1325 [],[21]
9.444705 1184.500000 67873 0 1 98674 1326 [],[8]
9.444761 1184.500000 50875 0 1 98673 1327 [],[39704]
9.446013 1184.600000 47717 0 1 98672 1328 [],[21]
9.446229 1184.600000 1112 0 1 98671 1329 [],[117,455]
9.446260 1184.400000 11199 0 1 98670 1330 [],[2,1975]
9.446557 1184.500000 19993 0 1 98669 1331 [],[1010]
9.447170 1184.700000 98 0 1 98668 1332 [],[50795,3,42]
9.447611 1193.200000 55901 0 1 98667 1333 [],[2]
9.449520 1193.200000 49210 0 1 98666 1334 [],[56985]
9.449831 1193.600000 40527 0 1 98665 1335 [],[60]
9.450283 1193.600000 50270 0 1 98664 1336 [],[5462]
9.450501 1193.600000 75564 0 1 98663 1337 [],[18024]
9.451163 1193.600000 59491 0 1 98662 1338 [],[91999]
9.451484 1193.800000 63789 0 1 98661 1339 [],[31341]
9.453184 1193.800000 5118 0 1 98660 1340 [],[1765]
9.453658 1195.500000 84545 0 1 98659 1341 [],[2703]
9.454659 1195.500000 54897 0 1 98658 1342 [],[325]
9.457542 1195.500000 6166 0 1 98657 1343 [],[42]
9.457996 1195.700000 78588 0 1 98656 1344 [],[5469]
9.458281 1195.700000 44441 0 1 98655 1345 [],[1633]
9.458623 1195.700000 55378 0 1 98654 1346 [],[984]
9.460751 1195.800000 99545 0 1 98653 1347 [],[83]
9.461648 1195.800000 29872 0 1 98652 1348 [],[19101]
9.461970 1195.800000 8391 0 1 98651 1349 [],[1481]
9.462046 1196.000000 1790 0 1 98650 1350 [],[14001]
9.462344 1199.400000 69507 0 1 98649 1351 [],[1115]
9.463399 1199.500000 20457 0 1 98648 1352 [],[4389]
9.463795 1199.800000 29302 0 1 98647 1353 [],[1210]
9.464000 1200.200000 7197 0 1 98646 1354 [],[220]
9.464024 1200.500000 86824 0 1 98645 1355 [],[47325]
9.464074 1200.500000 1947 0 1 98644 1356 [],[2]
9.464696 1200.900000 19 0 1 98643 1357 [],[3]
9.464812 1203.000000 41819 0 1 98642 1358 [],[2]
9.465872 1203.000000 18758 0 1 98641 1359 [],[13911]
9.466079 1203.500000 34567 0 1 98640 1360 [],[2]
9.466895 1203.500000 16747 0 1 98639 1361 [],[23422]
9.467152 1203.800000 12261 0 1 98638 1362 [],[44]
9.467193 1204.000000 2470 0 1 98637 1363 [],[3]
9.468399 1207.400000 85419 0 1 98636 1364 [],[1092]
9.468668 1207.400000 2150 0 1 98635 1365 [],[8]
9.471222 1209.000000 13938 0 1 98634 1366 [],[2]
9.471287 1209.100000 99255 0 1 98633 1367 [],[4389]
9.473441 1209.100000 6961 0 1 98632 1368 [],[8111,1136]
9.474028 1210.100000 78646 0 1 98631 1369 [],[3206]
9.474115 1210.100000 12514 0 1 98630 1370 [],[37,84]
9.474728 1210.000000 3738 0 1 98629 1371 [],[3108]
9.474756 1210.200000 39985 0 1 98628 1372 [],[82479]
9.475614 1210.700000 24179 0 1 98627 1373 [],[3]
9.477088 1210.800000 86008 0 1 98626 1374 [],[785]
9.477465 1210.800000 93496 0 1 98625 1375 [],[3]
9.477832 1210.800000 9703 0 1 98624 1376 [],[8]
9.478132 1210.900000 38163 0 1 98623 1377 [],[1682]
9.478166 1211.000000 38762 0 1 98622 1378 [],[6062]
9.480034 1211.000000 15930 0 1 98621 1379 [],[455]
9.481930 1211.500000 78862 0 1 98620 1380 [],[2]
9.482784 1211.500000 76878 0 1 98619 1381 [],[23422]
9.486675 1211.500000 15524 0 1 98618 1382 [],[42]
9.487366 1211.500000 73976 0 1 98617 1383 [],[3]
9.487452 1211.500000 15420 0 1 98616 1384 [],[3522]
9.487629 1211.800000 38859 0 1 98615 1385 [],[42]
9.488641 1211.900000 28075 0 1 98614 1386 [],[796,23188]
9.490141 1211.800000 92034 0 1 98613 1387 [],[46]
9.492057 1211.800000 3568 0 1 98612 1388 [],[3]
9.492305 1212.700000 11811 0 1 98611 1389 [],[8]
9.492309 1213.600000 26534 0 1 98610 1390 [],[1097]
9.493357 1213.700000 68458 0 1 98609 1391 [],[43]
9.493897 1213.700000 19725 0 1 98608 1392 [],[448]
9.494091 1214.100000 72716 0 1 98607 1393 [],[14001]
9.494225 1214.100000 5852 0 1 98606 1394 [],[3345]
9.495462 1214.400000 56610 0 1 98605 1395 [],[56]
9.495794 1214.400000 1942 0 1 98604 1396 [],[6]
9.495823 1214.600000 16372 0 1 98603 1397 [],[2608]
9.496590 1215.200000 72706 0 1 98602 1398 [],[21729]
9.497850 1215.300000 64739 0 1 98601 1399 [],[44]
9.498879 1215.300000 65597 0 1 98600 1400 [],[3]
9.499973 1215.300000 72715 0 1 98599 1401 [],[8]
9.500848 1215.300000 295 0 1 98598 1402 [],[75564]
9.501798 1228.900000 1619 0 1 98597 1403 [],[2]
9.502408 1230.300000 53945 0 1 98596 1404 [],[10631]
9.503556 1230.400000 94376 0 1 98595 1405 [],[34443]
9.505456 1230.500000 49714 0 1 98594 1406 [],[3862]
9.506339 1230.500000 82535 0 1 98593 1407 [],[2,9766]
9.506367 1230.400000 50611 0 1 98592 1408 [],[42]
9.506448 1230.600000 11034 0 1 98591 1409 [],[9708]
9.507549 1230.700000 72251 0 1 98590 1410 [],[984]
9.507806 1230.800000 93463 0 1 98589 1411 [],[201]
9.507864 1230.900000 7713 0 1 98588 1412 [],[44]
9.508539 1231.000000 23170 0 1 98587 1413 [],[455]
9.510177 1231.700000 499 0 1 98586 1414 [],[12261,416]
9.510387 1233.400000 86237 0 1 98585 1415 [],[30320]
9.511093 1233.400000 24072 0 1 98584 1416 [],[3016]
9.513603 1233.500000 22215 0 1 98583 1417 [],[6]
9.514166 1233.700000 59202 0 1 98582 1418 [],[1529]
9.515242 1233.900000 0 0 1 98581 1419 [],[2,43,44,56,914,972,1147,1309,1828,3016]
9.515647 1275.400000 14263 0 1 98580 1420 [],[295]
9.517713 1275.400000 31466 0 1 98579 1421 [],[3]
9.517802 1275.400000 17445 0 1 98578 1422 [],[336]
9.517825 1275.500000 4705 0 1 98577 1423 [],[220]
9.517843 1276.200000 11314 0 1 98576 1424 [],[3]
9.517858 1276.800000 8947 0 1 98575 1425 [],[220]
9.517914 1276.900000 18447 0 1 98574 1426 [],[42]
9.518039 1276.900000 43962 0 1 98573 1427 [],[33111]
9.520597 1277.500000 41179 0 1 98572 1428 [],[1133]
9.521565 1277.700000 59807 0 1 98571 1429 [],[2]
9.521702 1277.800000 56629 0 1 98570 1430 [],[3]
9.521831 1277.800000 39064 0 1 98569 1431 [],[56]
9.522264 1278.000000 91952 0 1 98568 1432 [],[458]
9.522474 1278.000000 9449 0 1 98567 1433 [],[3921]
9.523559 1278.500000 61463 0 1 98566 1434 [],[189]
9.523964 1278.500000 18498 0 1 98565 1435 [],[1444]
9.524968 1279.000000 39326 0 1 98564 1436 [],[34313]
9.525193 1279.000000 36109 0 1 98563 1437 [],[13543]
9.526126 1279.500000 8118 0 1 98562 1438 [],[1069]
9.526331 1279.700000 46891 0 1 98561 1439 [],[9449]
9.526346 1280.100000 33981 0 1 98560 1440 [],[18498]
9.527809 1280.300000 46535 0 1 98559 1441 [],[98]
9.528353 1280.300000 53911 0 1 98558 1442 [],[120]
9.528533 1280.300000 10045 0 1 98557 1443 [],[2113]
9.528894 1280.400000 2797 0 1 98556 1444 [],[1975]
9.528986 1282.100000 1582 0 1 98555 1445 [],[38]
9.529485 1284.300000 36280 0 1 98554 1446 [],[10877]
9.530289 1284.500000 83119 0 1 98553 1447 [],[1750]
9.530423 1284.500000 83715 0 1 98552 1448 [],[6]
9.530547 1284.600000 71620 0 1 98551 1449 [],[83]
9.531078 1284.600000 72261 0 1 98550 1450 [],[120]
9.531629 1284.600000 2734 0 1 98549 1451 [],[14061]
9.532154 1285.700000 12830 0 1 98548 1452 [],[83]
9.532179 1285.700000 93865 0 1 98547 1453 [],[3]
9.532951 1285.700000 58853 0 1 98546 1454 [],[99255]
9.533727 1286.100000 59957 0 1 98545 1455 [],[785]
9.534465 1286.100000 31006 0 1 98544 1456 [],[1475]
9.534665 1286.100000 49801 0 1 98543 1457 [],[1790]
9.537956 1286.200000 85308 0 1 98542 1458 [],[220]
9.540132 1286.200000 95239 0 1 98541 1459 [],[46891]
9.540604 1286.200000 68369 0 1 98540 1460 [],[51300]
9.541327 1286.300000 7450 0 1 98539 1461 [],[56]
9.542011 1286.400000 9064 0 1 98538 1462 [],[20545]
9.544140 1286.600000 23924 0 1 98537 1463 [],[318]
9.544275 1287.000000 85558 0 1 98536 1464 [],[21]
9.544280 1287.000000 3156 0 1 98535 1465 [],[1954]
9.544413 1288.900000 59678 0 1 98534 1466 [],[95]
9.544670 1288.900000 74781 0 1 98533 1467 [],[2]
9.545939 1289.000000 20056 0 1 98532 1468 [],[8,429]
9.548333 1289.000000 38588 0 1 98531 1469 [],[448]
9.551921 1289.200000 5316 0 1 98530 1470 [],[4781]
9.552789 1290.300000 64503 0 1 98529 1471 [],[4268]
9.553349 1290.400000 15810 0 1 98528 1472 [],[38699]
9.553667 1290.700000 18466 0 1 98527 1473 [],[2]
9.554181 1290.800000 76462 0 1 98526 1474 [],[120]
9.555273 1290.800000 150 0 1 98525 1475 [],[19]
9.555360 1299.500000 18170 0 1 98524 1476 [],[428]
9.557435 1299.500000 19700 0 1 98523 1477 [],[2]
9.559362 1300.000000 59026 0 1 98522 1478 [],[80375]
9.559669 1300.100000 227 0 1 98521 1479 [],[2361,13543]
9.560505 1303.800000 1981 0 1 98520 1480 [],[3,84]
9.560708 1305.200000 371 0 1 98519 1481 [],[783,785,189]
9.561051 1311.900000 23567 0 1 98518 1482 [],[416]
9.561094 1311.900000 29455 0 1 98517 1483 [],[393]
9.562772 1312.200000 28007 0 1 98516 1484 [],[4305]
9.563801 1312.400000 84411 0 1 98515 1485 [],[98]
9.564614 1312.400000 43225 0 1 98514 1486 [],[3]
9.566409 1312.400000 5685 0 1 98513 1487 [],[95]
9.566659 1313.500000 15633 0 1 98512 1488 [],[120]
9.567724 1313.800000 45392 0 1 98511 1489 [],[21]
9.568589 1313.800000 56692 0 1 98510 1490 [],[12494]
9.570384 1313.900000 54701 0 1 98509 1491 [],[44]
9.571859 1313.900000 45979 0 1 98508 1492 [],[2113,24179]
9.572156 1313.700000 17363 0 1 98507 1493 [],[0]
9.572527 1314.400000 126 0 1 98506 1494 [],[2,21]
9.572769 1316.800000 397 0 1 98505 1495 [],[11802]
9.573216 1327.200000 59486 0 1 98504 1496 [],[19569]
9.573312 1327.200000 3753 0 1 98503 1497 [],[8]
9.573486 1327.400000 43560 0 1 98502 1498 [],[397]
9.574742 1327.600000 4992 0 1 98501 1499 [],[9476,42]
9.575238 1329.000000 21387 0 1 98500 1500 [],[2012]
9.577109 1329.200000 14969 0 1 98499 1501 [],[189,3693]
9.577205 1329.000000 84817 0 1 98498 1502 [],[56]
9.577492 1329.000000 76107 0 1 98497 1503 [],[3]
9.578545 1329.000000 3819 0 1 98496 1504 [],[56]
9.578641 1330.000000 27297 0 1 98495 1505 [],[2]
9.581142 1330.200000 13723 0 1 98494 1506 [],[3819]
9.581537 1330.400000 41813 0 1 98493 1507 [],[6]
9.581617 1330.600000 50982 0 1 98492 1508 [],[0]
9.582874 1330.800000 15 0 1 98491 1509 [],[42,455,4679,10858,20457,2,3]
9.583221 1349.700000 64818 0 1 98490 1510 [],[220]
9.583261 1349.700000 41935 0 1 98489 1511 [],[38205]
9.583857 1349.900000 75860 0 1 98488 1512 [],[371]
9.584419 1349.900000 9955 0 1 98487 1513 [],[8]
9.584856 1350.300000 38248 0 1 98486 1514 [],[53575]
9.586707 1350.400000 1566 0 1 98485 1515 [],[2]
9.587255 1351.200000 95774 0 1 98484 1516 [],[3]
9.589453 1351.200000 5142 0 1 98483 1517 [],[6]
9.589617 1351.400000 41002 0 1 98482 1518 [],[42]
9.590641 1351.600000 27786 0 1 98481 1519 [],[11034]
9.590729 1351.600000 39533 0 1 98480 1520 [],[6805]
9.590971 1351.600000 9340 0 1 98479 1521 [],[62894,318]
9.592974 1352.700000 2549 0 1 98478 1522 [],[1097]
9.595259 1354.500000 85891 0 1 98477 1523 [],[5028]
9.595621 1354.500000 83252 0 1 98476 1524 [],[584]
9.595644 1354.600000 4250 0 1 98475 1525 [],[3,1582]
9.595718 1355.000000 489 0 1 98474 1526 [],[0]
9.598118 1355.700000 14098 0 1 98473 1527 [],[17749,26867]
9.598263 1357.000000 2100 0 1 98472 1528 [],[2]
9.601167 1358.500000 74778 0 1 98471 1529 [],[569]
9.602321 1358.500000 44000 0 1 98470 1530 [],[1805]
9.602524 1358.500000 83859 0 1 98469 1531 [],[81975]
9.603863 1358.500000 89344 0 1 98468 1532 [],[1010]
9.604619 1358.500000 818 0 1 98467 1533 [],[21]
9.604801 1359.100000 46024 0 1 98466 1534 [],[4064]
9.605573 1359.100000 158 0 1 98465 1535 [],[15375,37068,40]
9.605950 1361.200000 94298 0 1 98464 1536 [],[43,14699]
9.606070 1361.000000 27807 0 1 98463 1537 [],[3,796]
9.607173 1360.800000 62607 0 1 98462 1538 [],[3]
9.608981 1360.900000 35941 0 1 98461 1539 [],[25]
9.609410 1361.000000 13941 0 1 98460 1540 [],[87538]
9.610209 1361.800000 18934 0 1 98459 1541 [],[44]
9.610704 1361.800000 11188 0 1 98458 1542 [],[23155]
9.611606 1362.500000 15525 0 1 98457 1543 [],[42]
9.611732 1362.600000 43544 0 1 98456 1544 [],[416]
9.612813 1362.700000 36353 0 1 98455 1545 [],[63254]
9.616061 1363.000000 54356 0 1 98454 1546 [],[1455]
9.618009 1363.000000 6713 0 1 98453 1547 [],[79282]
9.618519 1363.800000 2147 0 1 98452 1548 [],[52]
9.619092 1365.400000 86496 0 1 98451 1549 [],[69338]
9.620364 1365.400000 48201 0 1 98450 1550 [],[67873,83]
9.620954 1365.300000 79103 0 1 98449 1551 [],[1047]
9.622753 1365.300000 58917 0 1 98448 1552 [],[25]
9.623187 1365.300000 6406 0 1 98447 1553 [],[96899]
9.623588 1365.700000 22995 0 1 98446 1554 [],[9340]
9.624812 1366.000000 21427 0 1 98445 1555 [],[371]
9.625266 1366.100000 51482 0 1 98444 1556 [],[2,1954]
9.625472 1366.100000 63956 0 1 98443 1557 [],[92847]
9.626667 1366.200000 276 0 1 98442 1558 [],[2100,13305]
9.626807 1373.600000 69380 0 1 98441 1559 [],[8]
9.629542 1373.600000 32288 0 1 98440 1560 [],[880]
9.630233 1373.700000 61281 0 1 98439 1561 [],[1701,43962]
9.630660 1373.500000 82264 0 1 98438 1562 [],[43]
9.631533 1373.500000 2101 0 1 98437 1563 [],[371]
9.632020 1373.600000 2607 0 1 98436 1564 [],[3]
9.632211 1373.600000 1905 0 1 98435 1565 [],[40]
9.632886 1374.300000 36440 0 1 98434 1566 [],[584]
9.632957 1374.500000 6035 0 1 98433 1567 [],[5685]
9.633832 1374.700000 3989 0 1 98432 1568 [],[3]
9.634456 1374.900000 89131 0 1 98431 1569 [],[43]
9.634652 1374.900000 1745 0 1 98430 1570 [],[83946]
9.636973 1376.600000 99173 0 1 98429 1571 [],[492]
9.638262 1376.600000 70430 0 1 98428 1572 [],[8]
9.638788 1376.600000 94726 0 1 98427 1573 [],[70485]
9.639148 1376.600000 164 0 1 98426 1574 [],[0,3]
9.639270 1379.500000 45861 0 1 98425 1575 [],[2]
9.640160 1379.500000 724 0 1 98424 1576 [],[3,393]
9.641023 1380.600000 3925 0 1 98423 1577 [],[1384]
9.641051 1381.200000 35103 0 1 98422 1578 [],[3349]
9.641446 1381.300000 1943 0 1 98421 1579 [],[4086,3]
9.641952 1383.800000 56393 0 1 98420 1580 [],[25523]
9.642145 1383.800000 10204 0 1 98419 1581 [],[2]
9.642411 1384.700000 93546 0 1 98418 1582 [],[14540]
9.642463 1384.700000 71113 0 1 98417 1583 [],[44]
9.642967 1384.700000 76707 0 1 98416 1584 [],[3164]
9.644368 1384.800000 3603 0 1 98415 1585 [],[458]
9.645235 1386.600000 5647 0 1 98414 1586 [],[1444]
9.645443 1387.200000 35056 0 1 98413 1587 [],[23974]
9.646412 1387.300000 9224 0 1 98412 1588 [],[2]
9.646606 1387.800000 75304 0 1 98411 1589 [],[3]
9.646860 1387.800000 32401 0 1 98410 1590 [],[0]
9.647657 1387.900000 544 0 1 98409 1591 [],[8025]
9.647679 1389.700000 30232 0 1 98408 1592 [],[2]
9.649436 1389.800000 38165 0 1 98407 1593 [],[5685]
9.649911 1389.800000 70936 0 1 98406 1594 [],[6531]
9.650500 1389.800000 488 0 1 98405 1595 [],[81944,21]
9.651354 1393.100000 8116 0 1 98404 1596 [],[24218]
9.652415 1394.000000 89599 0 1 98403 1597 [],[4601]
9.652853 1394.000000 72570 0 1 98402 1598 [],[3]
9.652921 1394.000000 24090 0 1 98401 1599 [],[1045]
9.653089 1394.200000 56573 0 1 98400 1600 [],[2]
9.653950 1394.200000 33482 0 1 98399 1601 [],[37]
9.656006 1394.500000 54461 0 1 98398 1602 [],[488]
9.657013 1394.500000 47338 0 1 98397 1603 [],[21,1954]
9.657241 1394.600000 1287 0 1 98396 1604 [],[105]
9.657504 1396.500000 3887 0 1 98395 1605 [],[3]
9.658556 1396.500000 25618 0 1 98394 1606 [],[36725]
9.659463 1397.100000 4619 0 1 98393 1607 [],[371,4116]
9.664164 1397.800000 57043 0 1 98392 1608 [],[0]
9.664434 1397.800000 58105 0 1 98391 1609 [],[195]
9.666243 1397.800000 96957 0 1 98390 1610 [],[3819]
9.666638 1397.800000 91973 0 1 98389 1611 [],[1286]
9.666690 1397.900000 25700 0 1 98388 1612 [],[42]
9.670343 1398.000000 18944 0 1 98387 1613 [],[7327]
9.671080 1398.100000 3458 0 1 98386 1614 [],[295]
9.671113 1399.600000 72920 0 1 98385 1615 [],[644]
9.674396 1399.600000 63124 0 1 98384 1616 [],[8]
9.674564 1399.800000 4834 0 1 98383 1617 [],[201]
9.675584 1400.300000 44226 0 1 98382 1618 [],[5028]
9.675919 1400.400000 2514 0 1 98381 1619 [],[43]
9.676603 1401.800000 71228 0 1 98380 1620 [],[84]
9.678007 1401.800000 29652 0 1 98379 1621 [],[0]
9.679434 1402.000000 225 0 1 98378 1622 [],[21]
9.680765 1402.500000 64237 0 1 98377 1623 [],[575]
9.681026 1402.600000 96456 0 1 98376 1624 [],[5030]
9.681135 1402.600000 184 0 1 98375 1625 [],[268,3164,9340,74778,3]
9.681655 1409.400000 86248 0 1 98374 1626 [],[605]
9.681815 1409.400000 38643 0 1 98373 1627 [],[83]
9.682913 1409.400000 36295 0 1 98372 1628 [],[0]
9.684920 1409.600000 64845 0 1 98371 1629 [],[27803]
9.685111 1409.600000 6258 0 1 98370 1630 [],[2]
9.685260 1410.100000 18485 0 1 98369 1631 [],[416]
9.685355 1410.500000 38871 0 1 98368 1632 [],[195]
9.686134 1410.600000 15637 0 1 98367 1633 [],[295]
9.686184 1410.700000 19512 0 1 98366 1634 [],[52648]
9.687324 1411.400000 735 0 1 98365 1635 [],[6]
9.688785 1413.800000 9573 0 1 98364 1636 [],[38]
9.689112 1414.900000 43307 0 1 98363 1637 [],[6]
9.689769 1415.100000 10435 0 1 98362 1638 [],[84529,0]
9.690495 1415.400000 500 0 1 98361 1639 [],[5554,8116,95]
9.692150 1420.800000 41151 0 1 98360 1640 [],[220]
9.692376 1420.900000 17674 0 1 98359 1641 [],[4948]
9.692410 1421.100000 58991 0 1 98358 1642 [],[0]
9.692760 1421.100000 141 0 1 98357 1643 [],[0,6]
9.692933 1427.500000 98223 0 1 98356 1644 [],[117]
9.693553 1427.500000 54194 0 1 98355 1645 [],[120]
9.693875 1427.500000 24161 0 1 98354 1646 [],[276]
9.694426 1427.500000 26082 0 1 98353 1647 [],[455,8823]
9.696645 1427.300000 19557 0 1 98352 1648 [],[2408]
9.698421 1427.400000 84847 0 1 98351 1649 [],[19573]
9.698543 1427.400000 7210 0 1 98350 1650 [],[44]
9.698877 1427.700000 16207 0 1 98349 1651 [],[34241]
9.698967 1427.900000 79921 0 1 98348 1652 [],[69]
9.698981 1427.900000 333 0 1 98347 1653 [],[84]
9.701036 1429.700000 25527 0 1 98346 1654 [],[8708]
9.702141 1430.200000 84663 0 1 98345 1655 [],[7631]
9.702459 1430.200000 15859 0 1 98344 1656 [],[1097]
9.702469 1430.300000 99293 0 1 98343 1657 [],[4384]
9.702634 1430.300000 91627 0 1 98342 1658 [],[3]
9.702809 1430.400000 87653 0 1 98341 1659 [],[58310]
9.703359 1430.400000 57587 0 1 98340 1660 [],[336]
9.703425 1430.600000 6292 0 1 98339 1661 [],[21,1210]
9.704847 1431.100000 11077 0 1 98338 1662 [],[86206]
9.705294 1431.500000 50036 0 1 98337 1663 [],[455]
9.705373 1431.500000 49 0 1 98336 1664 [],[117,333,4781,5655]
9.705696 1448.500000 14771 0 1 98335 1665 [],[8]
9.705706 1448.800000 86011 0 1 98334 1666 [],[60133]
9.706648 1448.800000 81632 0 1 98333 1667 [],[184]
9.706842 1448.800000 940 0 1 98332 1668 [],[448]
9.706960 1450.100000 10779 0 1 98331 1669 [],[4679]
9.707591 1450.500000 89 0 1 98330 1670 [],[109,3]
9.707864 1455.200000 20256 0 1 98329 1671 [],[7658]
9.707974 1455.600000 43916 0 1 98328 1672 [],[98272]
9.708447 1455.700000 31076 0 1 98327 1673 [],[1047]
9.708985 1455.900000 34800 0 1 98326 1674 [],[1475]
9.709212 1455.900000 5596 0 1 98325 1675 [],[41151]
9.710445 1457.000000 47327 0 1 98324 1676 [],[5647]
9.710472 1457.100000 9495 0 1 98323 1677 [],[3016]
9.712085 1457.600000 77011 0 1 98322 1678 [],[21]
9.712471 1457.600000 48460 0 1 98321 1679 [],[5118]
9.712531 1457.600000 8165 0 1 98320 1680 [],[84]
9.712812 1458.000000 9931 0 1 98319 1681 [],[3693]
9.712814 1458.000000 3971 0 1 98318 1682 [],[458]
9.713771 1458.500000 20534 0 1 98317 1683 [],[25]
9.714733 1458.600000 17190 0 1 98316 1684 [],[416]
9.716141 1459.000000 87295 0 1 98315 1685 [],[5316]
9.716736 1459.000000 209 0 1 98314 1686 [],[8]
9.717340 1460.900000 1683 0 1 98313 1687 [],[8]
9.718465 1462.300000 37070 0 1 98312 1688 [],[2549]
9.718766 1462.300000 56267 0 1 98311 1689 [],[34241]
9.719271 1462.400000 32534 0 1 98310 1690 [],[120]
9.719576 1462.500000 111 0 1 98309 1691 [],[2843,18961]
9.721308 1466.800000 3660 0 1 98308 1692 [],[150]
9.722438 1467.400000 64741 0 1 98307 1693 [],[25]
9.722506 1467.400000 15714 0 1 98306 1694 [],[15]
9.723785 1467.600000 21808 0 1 98305 1695 [],[17476]
9.725326 1467.800000 38767 0 1 98304 1696 [],[207]
9.727044 1468.100000 392 0 1 98303 1697 [],[397,3925,1,40]
9.727206 1475.100000 98721 0 1 98302 1698 [],[458]
9.727249 1475.100000 45266 0 1 98301 1699 [],[42]
9.727688 1475.400000 19250 0 1 98300 1700 [],[6166]
9.727732 1475.700000 5790 0 1 98299 1701 [],[2]
9.727756 1476.500000 1170 0 1 98298 1702 [],[458,880]
9.729217 1476.500000 9994 0 1 98297 1703 [],[2017]
9.730366 1476.700000 10135 0 1 98296 1704 [],[1160]
9.730536 1476.800000 27095 0 1 98295 1705 [],[629]
9.731750 1477.000000 41132 0 1 98294 1706 [],[57581]
9.732534 1477.500000 14428 0 1 98293 1707 [],[60]
9.732659 1478.300000 55517 0 1 98292 1708 [],[1160]
9.735800 1478.300000 77599 0 1 98291 1709 [],[1]
9.736226 1478.300000 23827 0 1 98290 1710 [],[3]
9.736246 1478.400000 17465 0 1 98289 1711 [],[48201,89]
9.736747 1478.900000 20027 0 1 98288 1712 [],[4781]
9.736780 1479.300000 29841 0 1 98287 1713 [],[20652]
9.737528 1479.300000 10604 0 1 98286 1714 [],[2]
9.738548 1479.600000 43328 0 1 98285 1715 [],[451]
9.739298 1479.600000 54080 0 1 98284 1716 [],[6]
9.740460 1479.600000 51115 0 1 98283 1717 [],[6]
9.741174 1479.700000 70109 0 1 98282 1718 [],[448]
9.741904 1479.700000 41400 0 1 98281 1719 [],[397]
9.743121 1479.800000 21003 0 1 98280 1720 [],[1530]
9.743917 1480.600000 43121 0 1 98279 1721 [],[499]
9.744082 1480.600000 69670 0 1 98278 1722 [],[6]
9.744867 1480.600000 62890 0 1 98277 1723 [],[89]
9.745479 1480.700000 11539 0 1 98276 1724 [],[42]
9.745720 1481.100000 68951 0 1 98275 1725 [],[49]
9.745979 1481.300000 58989 0 1 98274 1726 [],[8]
9.745985 1481.300000 47270 0 1 98273 1727 [],[1750]
9.746225 1481.300000 25977 0 1 98272 1728 [],[1059]
9.746635 1481.300000 1215 0 1 98271 1729 [],[1683]
9.746687 1483.800000 72010 0 1 98270 1730 [],[1]
9.746796 1483.800000 95947 0 1 98269 1731 [],[49]
9.747581 1483.800000 74315 0 1 98268 1732 [],[2]
9.749690 1483.800000 57056 0 1 98267 1733 [],[21]
9.749695 1484.000000 5025 0 1 98266 1734 [],[3]
9.751427 1484.200000 67890 0 1 98265 1735 [],[49620]
9.751475 1484.200000 1704 0 1 98264 1736 [],[21]
9.751522 1484.500000 76843 0 1 98263 1737 [],[0]
9.752563 1484.500000 89849 0 1 98262 1738 [],[2]
9.752894 1484.500000 65668 0 1 98261 1739 [],[24995]
9.754109 1484.700000 11320 0 1 98260 1740 [],[43916,1053]
9.756270 1485.000000 32252 0 1 98259 1741 [],[2]
9.756274 1485.300000 95074 0 1 98258 1742 [],[75771]
9.757556 1485.300000 49056 0 1 98257 1743 [],[38]
9.757760 1485.300000 1916 0 1 98256 1744 [],[0,21]
9.757994 1487.400000 2995 0 1 98255 1745 [],[295]
9.758937 1488.600000 5534 0 1 98254 1746 [],[3108]
9.759124 1489.100000 59994 0 1 98253 1747 [],[15006]
9.759124 1489.200000 1227 0 1 98252 1748 [],[984]
9.760180 1491.200000 134 0 1 98251 1749 [],[1591,6]
9.760383 1495.800000 13210 0 1 98250 1750 [],[141]
9.761495 1495.800000 34106 0 1 98249 1751 [],[875]
9.764219 1496.000000 55552 0 1 98248 1752 [],[0]
9.764336 1496.100000 91943 0 1 98247 1753 [],[42167]
9.765505 1496.100000 85665 0 1 98246 1754 [],[15440]
9.765700 1496.200000 78405 0 1 98245 1755 [],[1790]
9.767067 1496.200000 16287 0 1 98244 1756 [],[728]
9.767698 1496.400000 2788 0 1 98243 1757 [],[1765]
9.769484 1497.700000 45553 0 1 98242 1758 [],[0]
9.769895 1498.100000 11 0 1 98241 1759 [],[19,60,69,1149,1745,3055,77546,3]
9.770821 1508.100000 44644 0 1 98240 1760 [],[4086]
9.771274 1508.200000 5005 0 1 98239 1761 [],[1215]
9.772474 1508.200000 88641 0 1 98238 1762 [],[52326]
9.773500 1508.200000 10438 0 1 98237 1763 [],[98]
9.774750 1509.900000 55779 0 1 98236 1764 [],[7631]
9.775040 1510.000000 1907 0 1 98235 1765 [],[2]
9.777817 1510.100000 1331 0 1 98234 1766 [],[42]
9.778878 1512.200000 26896 0 1 98233 1767 [],[416,20457]
9.779885 1512.100000 98025 0 1 98232 1768 [],[95]
9.781119 1512.100000 24280 0 1 98231 1769 [],[1803]
9.781537 1512.400000 57100 0 1 98230 1770 [],[1309]
9.781949 1512.600000 93345 0 1 98229 1771 [],[5028]
9.785009 1512.600000 12966 0 1 98228 1772 [],[584]
9.785708 1513.400000 88289 0 1 98227 1773 [],[3345]
9.786216 1513.400000 41563 0 1 98226 1774 [],[1507]
9.786549 1513.500000 29434 0 1 98225 1775 [],[1381]
9.786682 1513.800000 42913 0 1 98224 1776 [],[276]
9.789282 1514.000000 77851 0 1 98223 1777 [],[99]
9.789799 1514.000000 54583 0 1 98222 1778 [],[52]
9.790013 1514.300000 7773 0 1 98221 1779 [],[2]
9.790205 1514.900000 70373 0 1 98220 1780 [],[2]
9.791202 1515.000000 45188 0 1 98219 1781 [],[25]
9.791603 1515.000000 75630 0 1 98218 1782 [],[1053]
9.791663 1515.000000 20252 0 1 98217 1783 [],[4217]
9.792591 1515.500000 5639 0 1 98216 1784 [],[1716]
9.792643 1517.600000 11114 0 1 98215 1785 [],[3458]
9.794201 1517.600000 23044 0 1 98214 1786 [],[56]
9.794595 1517.700000 13077 0 1 98213 1787 [],[728]
9.794669 1517.900000 23187 0 1 98212 1788 [],[21]
9.794896 1518.200000 87001 0 1 98211 1789 [],[42]
9.794938 1518.200000 62231 0 1 98210 1790 [],[56]
9.795076 1518.200000 5276 0 1 98209 1791 [],[33482,6]
9.795286 1519.900000 17286 0 1 98208 1792 [],[0,9292]
9.795331 1520.100000 91409 0 1 98207 1793 [],[46]
9.795468 1520.100000 44635 0 1 98206 1794 [],[23422]
9.796389 1520.100000 20701 0 1 98205 1795 [],[3,98]
9.797077 1519.900000 61321 0 1 98204 1796 [],[17749]
9.798436 1519.900000 65832 0 1 98203 1797 [],[3]
9.798530 1519.900000 39393 0 1 98202 1798 [],[98]
9.798735 1519.900000 5 0 1 98201 1799 [],[220,3]
9.799003 1537.600000 1390 0 1 98200 1800 [],[5]
9.799040 1537.900000 4299 0 1 98199 1801 [],[4616,84]
9.802505 1540.500000 96844 0 1 98198 1802 [],[194]
9.804760 1540.500000 64002 0 1 98197 1803 [],[28790]
9.805576 1540.500000 621 0 1 98196 1804 [],[2250,40527]
9.807495 1541.600000 91564 0 1 98195 1805 [],[3]
9.807513 1541.600000 35069 0 1 98194 1806 [],[56]
9.807786 1541.800000 18952 0 1 98193 1807 [],[42]
9.808010 1542.000000 786 0 1 98192 1808 [],[1475,134]
9.808757 1543.100000 90533 0 1 98191 1809 [],[833]
9.809090 1543.100000 9197 0 1 98190 1810 [],[3]
9.809688 1544.200000 97937 0 1 98189 1811 [],[220]
9.809722 1544.200000 14345 0 1 98188 1812 [],[6]
9.810147 1544.400000 8039 0 1 98187 1813 [],[1,98]
9.811857 1544.200000 2206 0 1 98186 1814 [],[3317,40]
9.812467 1547.900000 1042 0 1 98185 1815 [],[8,276]
9.812967 1549.500000 330 0 1 98184 1816 [],[3,42]
9.813387 1552.400000 37535 0 1 98183 1817 [],[23974]
9.813578 1552.400000 1105 0 1 98182 1818 [],[6]
9.814062 1553.500000 35878 0 1 98181 1819 [],[84579]
9.815075 1553.900000 19036 0 1 98180 1820 [],[2]
9.815140 1554.000000 39441 0 1 98179 1821 [],[0]
9.815613 1554.000000 12070 0 1 98178 1822 [],[99]
9.815711 1554.400000 2807 0 1 98177 1823 [],[50677,0]
9.815911 1554.400000 147 0 1 98176 1824 [],[329,336,1097,57058]
9.816898 1572.100000 75415 0 1 98175 1825 [],[3]
9.817755 1572.100000 21857 0 1 98174 1826 [],[42]
9.817978 1572.100000 5688 0 1 98173 1827 [],[23016]
9.818981 1572.800000 40529 0 1 98172 1828 [],[1251]
9.819197 1572.900000 20437 0 1 98171 1829 [],[98]
9.820023 1573.200000 24607 0 1 98170 1830 [],[3568]
9.820829 1573.300000 91430 0 1 98169 1831 [],[220]
9.820852 1573.300000 11699 0 1 98168 1832 [],[88133]
9.821806 1574.400000 8563 0 1 98167 1833 [],[161]
9.821814 1574.900000 54206 0 1 98166 1834 [],[40]
9.823110 1574.900000 65320 0 1 98165 1835 [],[1006]
9.824131 1574.900000 69221 0 1 98164 1836 [],[2]
9.826861 1575.300000 58758 0 1 98163 1837 [],[10704]
9.827148 1575.300000 5163 0 1 98162 1838 [],[0]
9.827265 1576.200000 90652 0 1 98161 1839 [],[220]
9.828792 1576.200000 25249 0 1 98160 1840 [],[21]
9.830142 1576.700000 71048 0 1 98159 1841 [],[56]
9.830534 1576.700000 35552 0 1 98158 1842 [],[0,11]
9.830537 1576.500000 78580 0 1 98157 1843 [],[56]
9.831623 1576.500000 31016 0 1 98156 1844 [],[91539]
9.831800 1577.000000 565 0 1 98155 1845 [],[95]
9.832585 1581.600000 2318 0 1 98154 1846 [],[23364,189]
9.833736 1581.800000 19976 0 1 98153 1847 [],[2860]
9.833885 1582.500000 54133 0 1 98152 1848 [],[184]
9.834668 1582.500000 74998 0 1 98151 1849 [],[295]
9.836403 1582.500000 627 0 1 98150 1850 [],[3,46]
9.836521 1584.700000 29737 0 1 98149 1851 [],[2]
9.837556 1584.900000 63241 0 1 98148 1852 [],[42]
9.838436 1584.900000 3858 0 1 98147 1853 [],[3]
9.838730 1586.100000 39883 0 1 98146 1854 [],[13418]
9.839699 1586.200000 38527 0 1 98145 1855 [],[569]
9.841120 1586.300000 49558 0 1 98144 1856 [],[14639]
9.841575 1586.300000 97628 0 1 98143 1857 [],[72981]
9.841918 1586.300000 24403 0 1 98142 1858 [],[451]
9.842135 1587.200000 12920 0 1 98141 1859 [],[818]
9.842494 1587.500000 37477 0 1 98140 1860 [],[2608]
9.842975 1587.600000 32631 0 1 98139 1861 [],[32773,22215]
9.843023 1588.000000 5820 0 1 98138 1862 [],[8]
9.843206 1589.000000 43360 0 1 98137 1863 [],[15514]
9.844980 1589.100000 39403 0 1 98136 1864 [],[392]
9.847340 1589.200000 21649 0 1 98135 1865 [],[21]
9.848460 1589.600000 59151 0 1 98134 1866 [],[1624]
9.849165 1589.600000 13296 0 1 98133 1867 [],[3206]
9.849456 1589.700000 29148 0 1 98132 1868 [],[6]
9.849516 1589.800000 16245 0 1 98131 1869 [],[1309]
9.849941 1590.200000 44090 0 1 98130 1870 [],[109]
9.849994 1590.400000 34050 0 1 98129 1871 [],[2995]
9.850758 1590.600000 98971 0 1 98128 1872 [],[59865]
9.850942 1590.600000 5343 0 1 98127 1873 [],[833]
9.851158 1590.800000 604 0 1 98126 1874 [],[8,98]
9.851283 1594.300000 23790 0 1 98125 1875 [],[1331]
9.851291 1594.400000 12096 0 1 98124 1876 [],[42]
9.852193 1594.800000 88823 0 1 98123 1877 [],[1506]
9.852712 1594.800000 99541 0 1 98122 1878 [],[49,98]
9.853398 1594.600000 77634 0 1 98121 1879 [],[2860]
9.853422 1594.600000 5272 0 1 98120 1880 [],[1507]
9.853897 1595.200000 45535 0 1 98119 1881 [],[5676]
9.854748 1595.300000 90941 0 1 98118 1882 [],[90627]
9.855575 1595.300000 72939 0 1 98117 1883 [],[3356]
9.855993 1595.500000 7239 0 1 98116 1884 [],[21]
9.856575 1595.500000 1791 0 1 98115 1885 [],[23567,455]
9.856985 1597.500000 417 0 1 98114 1886 [],[2,6]
9.857419 1603.400000 90821 0 1 98113 1887 [],[141]
9.857694 1603.400000 44066 0 1 98112 1888 [],[2150]
9.857700 1603.400000 68789 0 1 98111 1889 [],[66081]
9.858516 1603.400000 89106 0 1 98110 1890 [],[49]
9.858672 1603.400000 41681 0 1 98109 1891 [],[6]
9.858887 1603.900000 97732 0 1 98108 1892 [],[42]
9.859243 1603.900000 14005 0 1 98107 1893 [],[891,2470]
9.859261 1603.800000 89778 0 1 98106 1894 [],[1922]
9.859523 1603.800000 90845 0 1 98105 1895 [],[491]
9.861333 1603.800000 5584 0 1 98104 1896 [],[6795]
9.861453 1605.400000 1998 0 1 98103 1897 [],[15525,46024,120]
9.862919 1606.300000 63628 0 1 98102 1898 [],[0]
9.863055 1606.300000 67615 0 1 98101 1899 [],[3]
9.863144 1606.400000 8123 0 1 98100 1900 [],[1160]
9.863448 1606.400000 6104 0 1 98099 1901 [],[295,2113]
9.863607 1607.200000 79701 0 1 98098 1902 [],[56]
9.863891 1607.200000 84972 0 1 98097 1903 [],[120]
9.864587 1607.200000 16553 0 1 98096 1904 [],[3]
9.864622 1607.600000 11329 0 1 98095 1905 [],[783,1149]
9.865865 1607.900000 2753 0 1 98094 1906 [],[5,1006]
9.867062 1608.900000 20589 0 1 98093 1907 [],[12517]
9.867411 1608.900000 15927 0 1 98092 1908 [],[3073]
9.867512 1609.700000 31880 0 1 98091 1909 [],[415]
9.867637 1610.000000 54291 0 1 98090 1910 [],[5]
9.867721 1610.100000 14112 0 1 98089 1911 [],[6849]
9.868041 1610.300000 13545 0 1 98088 1912 [],[60]
9.868369 1610.800000 49564 0 1 98087 1913 [],[184]
9.868533 1611.000000 39250 0 1 98086 1914 [],[1455]
9.868968 1611.300000 33571 0 1 98085 1915 [],[3356]
9.869149 1611.500000 97459 0 1 98084 1916 [],[2]
9.871172 1611.500000 21330 0 1 98083 1917 [],[8]
9.871178 1611.800000 2209 0 1 98082 1918 [],[6849,54405,59957]
9.871581 1614.400000 46596 0 1 98081 1919 [],[21]
9.871742 1614.400000 233 0 1 98080 1920 [],[3551,64237,2,147]
9.872727 1621.400000 923 0 1 98079 1921 [],[21]
9.872889 1626.300000 36025 0 1 98078 1922 [],[2]
9.873874 1626.300000 50929 0 1 98077 1923 [],[629]
9.874489 1626.500000 446 0 1 98076 1924 [],[22020,11]
9.875050 1628.400000 7949 0 1 98075 1925 [],[3]
9.875119 1628.500000 80308 0 1 98074 1926 [],[3651]
9.876859 1628.500000 43909 0 1 98073 1927 [],[27412]
9.878450 1628.500000 73528 0 1 98072 1928 [],[71566]
9.880421 1628.500000 73958 0 1 98071 1929 [],[56570]
9.882513 1628.600000 22618 0 1 98070 1930 [],[141]
9.882893 1628.600000 16006 0 1 98069 1931 [],[2470]
9.883105 1629.400000 9578 0 1 98068 1932 [],[38]
9.883186 1630.100000 3839 0 1 98067 1933 [],[2361]
9.883359 1630.200000 53938 0 1 98066 1934 [],[4619]
9.883682 1630.200000 17257 0 1 98065 1935 [],[8]
9.884138 1630.500000 4891 0 1 98064 1936 [],[295]
9.884287 1631.100000 677 0 1 98063 1937 [],[27519]
9.885311 1634.000000 3417 0 1 98062 1938 [],[18350]
9.885912 1636.300000 7166 0 1 98061 1939 [],[3]
9.886518 1637.400000 24010 0 1 98060 1940 [],[1582]
9.886688 1637.800000 90567 0 1 98059 1941 [],[134]
9.886808 1637.800000 4082 0 1 98058 1942 [],[14646]
9.888318 1638.000000 25528 0 1 98057 1943 [],[500]
9.889772 1638.200000 231 0 1 98056 1944 [],[42,95]
9.889847 1643.100000 78107 0 1 98055 1945 [],[69221]
9.890749 1643.100000 24144 0 1 98054 1946 [],[25523,52441]
9.890999 1643.700000 4882 0 1 98053 1947 [],[3568]
9.891270 1643.700000 98641 0 1 98052 1948 [],[735]
9.891913 1643.700000 92831 0 1 98051 1949 [],[1287]
9.892185 1643.700000 7668 0 1 98050 1950 [],[3]
9.892363 1644.000000 7454 0 1 98049 1951 [],[392]
9.892711 1645.100000 87352 0 1 98048 1952 [],[1844]
9.893116 1645.100000 56300 0 1 98047 1953 [],[584]
9.894072 1645.100000 38823 0 1 98046 1954 [],[99]
9.894249 1645.300000 3512 0 1 98045 1955 [],[458]
9.894410 1645.800000 43772 0 1 98044 1956 [],[18961]
9.896305 1645.900000 77264 0 1 98043 1957 [],[42798]
9.896981 1645.900000 6155 0 1 98042 1958 [],[24]
9.897179 1646.200000 46488 0 1 98041 1959 [],[1194]
9.897818 1646.700000 8445 0 1 98040 1960 [],[3]
9.899063 1647.300000 51733 0 1 98039 1961 [],[4260]
9.899317 1647.300000 46268 0 1 98038 1962 [],[120]
9.900326 1647.300000 53420 0 1 98037 1963 [],[43]
9.902884 1647.300000 1741 0 1 98036 1964 [],[3]
9.903255 1647.500000 21727 0 1 98035 1965 [],[0]
9.903442 1647.600000 40775 0 1 98034 1966 [],[95]
9.904241 1647.600000 55127 0 1 98033 1967 [],[8]
9.904649 1647.700000 1696 0 1 98032 1968 [],[10435]
9.904985 1649.700000 36075 0 1 98031 1969 [],[6]
9.905023 1649.800000 61001 0 1 98030 1970 [],[58853]
9.905475 1649.800000 34182 0 1 98029 1971 [],[1765]
9.905867 1649.800000 29634 0 1 98028 1972 [],[11629]
9.906118 1649.800000 20305 0 1 98027 1973 [],[880]
9.906465 1649.900000 18845 0 1 98026 1974 [],[189]
9.908677 1650.600000 51254 0 1 98025 1975 [],[8823]
9.908998 1650.600000 51058 0 1 98024 1976 [],[13623]
9.910077 1650.700000 82967 0 1 98023 1977 [],[14818]
9.910189 1650.800000 32168 0 1 98022 1978 [],[12966]
9.910225 1650.900000 20892 0 1 98021 1979 [],[8]
9.910605 1651.400000 98336 0 1 98020 1980 [],[2470]
9.910731 1651.400000 92828 0 1 98019 1981 [],[50440]
9.911052 1651.400000 30640 0 1 98018 1982 [],[201]
9.911602 1651.600000 129 0 1 98017 1983 [],[9035,2,99]
9.912254 1652.900000 23725 0 1 98016 1984 [],[65597]
9.912389 1653.300000 8026 0 1 98015 1985 [],[4608]
9.913563 1653.500000 27289 0 1 98014 1986 [],[7770]
9.913689 1653.500000 2274 0 1 98013 1987 [],[2]
9.913866 1655.800000 7843 0 1 98012 1988 [],[0]
9.913944 1655.800000 4796 0 1 98011 1989 [],[0]
9.914278 1656.400000 59724 0 1 98010 1990 [],[11329]
9.914306 1656.500000 48253 0 1 98009 1991 [],[4287]
9.914624 1656.500000 17511 0 1 98008 1992 [],[4640]
9.914728 1656.500000 95514 0 1 98007 1993 [],[500]
9.914859 1656.500000 20552 0 1 98006 1994 [],[15633]
9.915095 1656.600000 10580 0 1 98005 1995 [],[42]
9.915768 1656.800000 6213 0 1 98004 1996 [],[5790]
9.916502 1657.100000 9463 0 1 98003 1997 [],[38]
9.917326 1657.300000 3037 0 1 98002 1998 [],[6]
9.917819 1657.600000 99177 0 1 98001 1999 [],[968]
9.919752 1657.600000 79360 0 1 98000 2000 [],[141]
