2.310235 0.200000 49378 0 1 99998 2 [],[99999]
5.609437 0.500000 45200 0 1 99997 3 [],[99999]
9.293219 0.700000 55554 0 1 99996 4 [],[49378]
9.863677 0.700000 844 0 1 99995 5 [],[55554]
10.346993 6.300000 3769 0 1 99994 6 [],[844]
10.596986 6.900000 15153 0 1 99993 7 [],[3769]
10.738879 7.000000 28675 0 1 99992 8 [],[3769]
10.869607 7.000000 43291 0 1 99991 9 [],[844]
10.998151 7.100000 77672 0 1 99990 10 [],[844]
11.117298 7.200000 32181 0 1 99989 11 [],[3769]
11.126049 7.300000 21772 0 1 99988 12 [],[844]
11.182812 7.400000 47182 0 1 99987 13 [],[844]
11.506478 7.700000 8140 0 1 99986 14 [],[844]
12.110293 8.100000 13931 0 1 99985 15 [],[844]
12.212987 8.300000 20420 0 1 99984 16 [],[844]
12.225389 8.400000 49696 0 1 99983 17 [],[43291]
12.307919 8.600000 15592 0 1 99982 18 [],[844]
12.312429 8.700000 87922 0 1 99981 19 [],[20420]
12.322295 8.700000 25124 0 1 99980 20 [],[844]
12.333692 9.100000 20227 0 1 99979 21 [],[844]
12.554531 9.800000 77567 0 1 99978 22 [],[47182]
12.598971 9.900000 97588 0 1 99977 23 [],[49696]
12.646705 9.900000 99765 0 1 99976 24 [],[47182]
12.802884 9.900000 41792 0 1 99975 25 [],[25124]
13.057730 9.900000 26317 0 1 99974 26 [],[844]
13.093349 10.200000 8636 0 1 99973 27 [],[844]
13.437984 11.200000 7120 0 1 99972 28 [],[8636]
13.521651 13.200000 253 0 1 99971 29 [],[47182]
13.543007 19.200000 42374 0 1 99970 30 [],[7120]
13.647017 19.300000 6040 0 1 99969 31 [],[13931]
13.749799 19.500000 60531 0 1 99968 32 [],[844]
13.791091 19.500000 56876 0 1 99967 33 [],[844]
13.910208 19.600000 40803 0 1 99966 34 [],[8140]
14.009125 20.000000 43047 0 1 99965 35 [],[7120]
14.092447 20.400000 52005 0 1 99964 36 [],[7120,8636]
14.127210 20.200000 65371 0 1 99963 37 [],[21772]
14.153059 20.300000 5381 0 1 99962 38 [],[253]
14.197685 20.800000 37804 0 1 99961 39 [],[844]
14.252276 20.800000 32964 0 1 99960 40 [],[844]
14.285601 20.800000 77042 0 1 99959 41 [],[253]
14.288470 20.800000 57079 0 1 99958 42 [],[253]
14.384185 21.100000 37118 0 1 99957 43 [],[844]
14.426412 21.100000 70567 0 1 99956 44 [],[32181]
14.430053 21.200000 21105 0 1 99955 45 [],[844]
14.438005 21.400000 70134 0 1 99954 46 [],[253]
14.592203 21.400000 1198 0 1 99953 47 [],[253]
14.703686 22.400000 1267 0 1 99952 48 [],[253]
14.733084 23.200000 16182 0 1 99951 49 [],[7120]
14.802673 23.200000 47761 0 1 99950 50 [],[253]
14.806748 23.300000 67038 0 1 99949 51 [],[56876]
14.816996 23.300000 64304 0 1 99948 52 [],[1198]
14.828613 23.400000 16397 0 1 99947 53 [],[70567]
14.903724 23.800000 32002 0 1 99946 54 [],[253]
14.918891 23.800000 71849 0 1 99945 55 [],[64304]
14.976537 23.900000 3041 0 1 99944 56 [],[253]
15.024278 24.100000 60619 0 1 99943 57 [],[7120]
15.063547 24.100000 87588 0 1 99942 58 [],[7120]
15.115164 24.100000 174 0 1 99941 59 [],[253]
15.158620 34.400000 65562 0 1 99940 60 [],[8636]
15.188124 34.400000 49187 0 1 99939 61 [],[174]
15.239857 34.500000 18221 0 1 99938 62 [],[844]
15.241618 34.500000 47562 0 1 99937 63 [],[174]
15.260656 34.700000 6115 0 1 99936 64 [],[174]
15.276545 34.900000 39175 0 1 99935 65 [],[8140]
15.312973 34.900000 98279 0 1 99934 66 [],[20227]
15.329950 34.900000 12192 0 1 99933 67 [],[1267]
15.415842 35.500000 22662 0 1 99932 68 [],[844]
15.503166 35.600000 196 0 1 99931 69 [],[42374]
15.566727 37.900000 55716 0 1 99930 70 [],[20227]
15.574556 37.900000 1001 0 1 99929 71 [],[3769]
15.599317 40.300000 3685 0 1 99928 72 [],[174]
15.636285 41.500000 34379 0 1 99927 73 [],[1198]
15.721074 41.700000 53065 0 1 99926 74 [],[67038]
15.735971 42.100000 70 0 1 99925 75 [],[196]
15.770475 50.400000 2437 0 1 99924 76 [],[70]
15.778115 51.300000 38337 0 1 99923 77 [],[1001]
15.819663 51.300000 99946 0 1 99922 78 [],[844]
15.832729 51.300000 98054 0 1 99921 79 [],[70]
15.867874 51.300000 81419 0 1 99920 80 [],[253]
15.904969 51.300000 76431 0 1 99919 81 [],[174]
15.923846 51.300000 1498 0 1 99918 82 [],[87922]
15.927717 51.800000 6166 0 1 99917 83 [],[43291]
15.957088 53.700000 85037 0 1 99916 84 [],[3769]
15.983705 53.700000 62664 0 1 99915 85 [],[49187]
15.992509 53.700000 17051 0 1 99914 86 [],[253]
16.000299 54.100000 82654 0 1 99913 87 [],[34379]
16.003123 54.100000 672 0 1 99912 88 [],[174]
16.013209 57.500000 1794 0 1 99911 89 [],[253]
16.029557 60.700000 94025 0 1 99910 90 [],[672]
16.130293 60.700000 16190 0 1 99909 91 [],[196]
16.132434 61.200000 2630 0 1 99908 92 [],[12192]
16.158247 63.800000 446 0 1 99907 93 [],[70]
16.164759 66.800000 43993 0 1 99906 94 [],[1001]
16.283545 67.000000 32738 0 1 99905 95 [],[253]
16.283798 67.100000 20084 0 1 99904 96 [],[40803]
16.291147 67.400000 308 0 1 99903 97 [],[6115,253]
16.305504 73.700000 3657 0 1 99902 98 [],[38337]
16.327354 74.500000 60 0 1 99901 99 [],[21772]
16.368683 87.600000 65271 0 1 99900 100 [],[60]
16.371250 87.600000 4362 0 1 99899 101 [],[446]
16.376376 88.000000 76581 0 1 99898 102 [],[672]
16.382514 88.000000 11991 0 1 99897 103 [],[308]
16.385966 88.300000 6994 0 1 99896 104 [],[1794]
16.413742 88.300000 73754 0 1 99895 105 [],[6166]
16.420841 88.500000 11258 0 1 99894 106 [],[672]
16.441711 88.900000 38071 0 1 99893 107 [],[253]
16.454581 89.000000 92941 0 1 99892 108 [],[60]
16.461333 89.000000 49213 0 1 99891 109 [],[70]
16.469250 89.100000 78030 0 1 99890 110 [],[253]
16.488067 89.100000 37434 0 1 99889 111 [],[60]
16.488196 89.400000 8512 0 1 99888 112 [],[308]
16.502543 90.400000 95839 0 1 99887 113 [],[2437]
16.550353 90.400000 20356 0 1 99886 114 [],[7120]
16.555660 90.700000 5514 0 1 99885 115 [],[174]
16.573600 91.000000 74842 0 1 99884 116 [],[1001]
16.574087 91.000000 35210 0 1 99883 117 [],[60]
16.593996 91.000000 53407 0 1 99882 118 [],[844]
16.594353 91.000000 21253 0 1 99881 119 [],[196]
16.600568 91.600000 20321 0 1 99880 120 [],[174]
16.621188 92.600000 2398 0 1 99879 121 [],[8140]
16.622116 96.500000 2452 0 1 99878 122 [],[174]
16.625700 98.100000 1810 0 1 99877 123 [],[1001]
16.643492 98.800000 39270 0 1 99876 124 [],[20084]
16.653856 98.800000 57692 0 1 99875 125 [],[32738]
16.656355 98.800000 12428 0 1 99874 126 [],[6166]
16.671880 99.000000 2520 0 1 99873 127 [],[672]
16.677845 101.900000 25050 0 1 99872 128 [],[4362]
16.679452 102.100000 76927 0 1 99871 129 [],[70]
16.688696 102.100000 28528 0 1 99870 130 [],[16190]
16.688886 102.200000 27383 0 1 99869 131 [],[70]
16.702828 102.700000 55 0 1 99868 132 [],[2630]
16.703454 119.800000 5869 0 1 99867 133 [],[2520]
16.712253 121.100000 56490 0 1 99866 134 [],[3685]
16.717775 121.100000 72355 0 1 99865 135 [],[45200]
16.723262 121.100000 16176 0 1 99864 136 [],[38071,8512]
16.731480 121.200000 5802 0 1 99863 137 [],[16176]
16.732582 121.500000 66309 0 1 99862 138 [],[174]
16.750867 121.500000 37642 0 1 99861 139 [],[174]
16.752609 121.500000 20172 0 1 99860 140 [],[70]
16.789419 121.500000 77724 0 1 99859 141 [],[5381]
16.813533 121.500000 55148 0 1 99858 142 [],[253]
16.821631 121.500000 278 0 1 99857 143 [],[55]
16.827953 121.700000 99708 0 1 99856 144 [],[446]
16.834129 121.700000 15159 0 1 99855 145 [],[6166]
16.844055 121.700000 74049 0 1 99854 146 [],[60]
16.847363 121.700000 0 0 1 99853 147 [],[55,446,39270,77567]
16.851981 163.300000 30094 0 1 99852 148 [],[0]
16.868875 163.400000 862 0 1 99851 149 [],[7120,21253]
16.891997 167.600000 99305 0 1 99850 150 [],[5802]
16.904158 167.600000 74131 0 1 99849 151 [],[196]
16.905537 167.600000 23316 0 1 99848 152 [],[70]
16.908719 167.600000 7145 0 1 99847 153 [],[2520]
16.911450 168.100000 8973 0 1 99846 154 [],[60]
16.913818 168.100000 7133 0 1 99845 155 [],[1198]
16.914414 168.600000 91897 0 1 99844 156 [],[0]
16.915215 168.600000 33143 0 1 99843 157 [],[0]
16.922245 168.600000 79 0 1 99842 158 [],[2520]
16.940687 178.600000 154 0 1 99841 159 [],[0]
16.944448 182.100000 261 0 1 99840 160 [],[53065]
16.945352 184.400000 64785 0 1 99839 161 [],[672]
16.956073 184.400000 67895 0 1 99838 162 [],[253]
16.959299 184.400000 73579 0 1 99837 163 [],[446]
16.964525 184.400000 32457 0 1 99836 164 [],[5381]
16.982615 184.400000 21806 0 1 99835 165 [],[79]
16.989670 184.400000 85461 0 1 99834 166 [],[5869]
16.997428 184.400000 10793 0 1 99833 167 [],[844]
17.002477 184.500000 35897 0 1 99832 168 [],[60]
17.005300 184.500000 22156 0 1 99831 169 [],[1001]
17.023647 184.600000 840 0 1 99830 170 [],[53407]
17.046822 188.100000 27351 0 1 99829 171 [],[308]
17.049869 188.100000 1086 0 1 99828 172 [],[70]
17.051356 188.500000 95894 0 1 99827 173 [],[55,79]
17.052461 188.300000 50531 0 1 99826 174 [],[47182]
17.060984 188.600000 386 0 1 99825 175 [],[70]
17.062371 194.000000 93703 0 1 99824 176 [],[1794]
17.068398 194.000000 44528 0 1 99823 177 [],[308]
17.073329 194.200000 56502 0 1 99822 178 [],[862]
17.076546 194.200000 42 0 1 99821 179 [],[261,844]
17.078182 208.500000 38613 0 1 99820 180 [],[65371]
17.081144 208.700000 20091 0 1 99819 181 [],[60]
17.082031 208.800000 56869 0 1 99818 182 [],[2630]
17.083339 208.800000 61129 0 1 99817 183 [],[22662]
17.083714 208.800000 29443 0 1 99816 184 [],[60]
17.087638 209.300000 33349 0 1 99815 185 [],[60]
17.088202 209.500000 19 0 1 99814 186 [],[278,0]
17.090668 223.700000 59987 0 1 99813 187 [],[862]
17.094976 223.700000 78276 0 1 99812 188 [],[20227]
17.095986 223.900000 93 0 1 99811 189 [],[79]
17.100538 224.800000 56500 0 1 99810 190 [],[0]
17.105794 224.900000 91937 0 1 99809 191 [],[77567]
17.107358 224.900000 80596 0 1 99808 192 [],[0]
17.112163 224.900000 36825 0 1 99807 193 [],[55]
17.118792 225.100000 7164 0 1 99806 194 [],[672]
17.121040 227.400000 37641 0 1 99805 195 [],[174]
17.123050 227.400000 72924 0 1 99804 196 [],[154]
17.125651 227.500000 281 0 1 99803 197 [],[60]
17.128018 232.300000 22465 0 1 99802 198 [],[386]
17.128205 232.400000 87991 0 1 99801 199 [],[1001]
17.132567 232.400000 27167 0 1 99800 200 [],[19]
17.136014 232.400000 3837 0 1 99799 201 [],[2520]
17.143543 234.400000 67106 0 1 99798 202 [],[154]
17.146367 234.400000 257 0 1 99797 203 [],[281]
17.146930 242.100000 88394 0 1 99796 204 [],[174]
17.149409 242.100000 5667 0 1 99795 205 [],[257]
17.150913 242.300000 16455 0 1 99794 206 [],[19]
17.151440 242.600000 75356 0 1 99793 207 [],[0]
17.154746 242.600000 16868 0 1 99792 208 [],[386]
17.161336 242.800000 53850 0 1 99791 209 [],[174]
17.161669 242.800000 66899 0 1 99790 210 [],[3837]
17.164478 242.800000 22217 0 1 99789 211 [],[174]
17.168995 243.000000 119 0 1 99788 212 [],[19]
17.169124 247.700000 47313 0 1 99787 213 [],[840]
17.171634 247.700000 13 0 1 99786 214 [],[70,261]
17.176285 277.700000 23032 0 1 99785 215 [],[2630]
17.178953 278.100000 11340 0 1 99784 216 [],[60]
17.180492 278.400000 43143 0 1 99783 217 [],[70]
17.181527 278.400000 79638 0 1 99782 218 [],[253]
17.182438 278.500000 88033 0 1 99781 219 [],[3837]
17.187790 278.500000 45977 0 1 99780 220 [],[2398]
17.189123 278.500000 20782 0 1 99779 221 [],[386]
17.193298 278.700000 5786 0 1 99778 222 [],[55]
17.194211 278.800000 13504 0 1 99777 223 [],[0]
17.196213 279.200000 8342 0 1 99776 224 [],[79]
17.199797 279.400000 56581 0 1 99775 225 [],[20227]
17.201535 279.700000 93517 0 1 99774 226 [],[3837]
17.210308 279.700000 55665 0 1 99773 227 [],[5869]
17.212526 279.700000 5218 0 1 99772 228 [],[174]
17.223681 280.000000 10688 0 1 99771 229 [],[60]
17.224425 280.100000 39 0 1 99770 230 [],[257,862,0]
17.231806 287.300000 2965 0 1 99769 231 [],[2452]
17.234261 288.300000 9907 0 1 99768 232 [],[308]
17.235720 288.700000 55301 0 1 99767 233 [],[174]
17.237710 288.800000 7205 0 1 99766 234 [],[13]
17.252912 289.200000 7268 0 1 99765 235 [],[1498]
17.253068 290.600000 80643 0 1 99764 236 [],[42]
17.255147 290.600000 23780 0 1 99763 237 [],[80596]
17.258186 291.000000 4870 0 1 99762 238 [],[13,174]
17.260082 291.400000 26758 0 1 99761 239 [],[74131]
17.262694 291.500000 67900 0 1 99760 240 [],[5514]
17.271811 291.500000 52 0 1 99759 241 [],[13]
17.275458 300.300000 99510 0 1 99758 242 [],[174]
17.278719 300.300000 1759 0 1 99757 243 [],[308]
17.278967 302.900000 4773 0 1 99756 244 [],[253]
17.286519 303.700000 83680 0 1 99755 245 [],[13]
17.287277 303.800000 79584 0 1 99754 246 [],[308]
17.289482 303.800000 63431 0 1 99753 247 [],[52]
17.290170 303.900000 90192 0 1 99752 248 [],[60]
17.291925 303.900000 2659 0 1 99751 249 [],[257]
17.292392 304.100000 49406 0 1 99750 250 [],[52]
17.295764 304.100000 71339 0 1 99749 251 [],[13]
17.296366 304.100000 60777 0 1 99748 252 [],[386]
17.297570 304.200000 37561 0 1 99747 253 [],[0,257]
17.297871 304.000000 2191 0 1 99746 254 [],[37641]
17.301727 305.700000 99899 0 1 99745 255 [],[8512]
17.301742 305.700000 8203 0 1 99744 256 [],[840]
17.303342 306.300000 37775 0 1 99743 257 [],[33349]
17.305181 306.500000 87581 0 1 99742 258 [],[0]
17.305348 306.500000 1025 0 1 99741 259 [],[174]
17.305723 309.600000 79926 0 1 99740 260 [],[70]
17.306570 309.600000 50761 0 1 99739 261 [],[19]
17.306737 309.600000 8895 0 1 99738 262 [],[52]
17.307257 310.100000 26706 0 1 99737 263 [],[174]
17.320001 310.500000 892 0 1 99736 264 [],[60]
17.324715 312.100000 34637 0 1 99735 265 [],[0]
17.325112 312.100000 11586 0 1 99734 266 [],[281]
17.325997 313.600000 46233 0 1 99733 267 [],[39]
17.327979 313.600000 4063 0 1 99732 268 [],[8895]
17.328018 315.400000 28944 0 1 99731 269 [],[892]
17.330914 316.400000 95843 0 1 99730 270 [],[39]
17.332009 316.400000 16641 0 1 99729 271 [],[386]
17.340504 316.600000 53074 0 1 99728 272 [],[3837]
17.343784 316.600000 72014 0 1 99727 273 [],[196]
17.344969 316.600000 94417 0 1 99726 274 [],[2965]
17.346552 316.600000 14873 0 1 99725 275 [],[4773]
17.349183 317.400000 3336 0 1 99724 276 [],[2452]
17.350836 317.900000 84250 0 1 99723 277 [],[308]
17.350915 317.900000 6296 0 1 99722 278 [],[55]
17.351363 318.600000 24882 0 1 99721 279 [],[19]
17.354045 318.700000 39204 0 1 99720 280 [],[19]
17.361185 318.800000 452 0 1 99719 281 [],[42]
17.370972 323.100000 47502 0 1 99718 282 [],[0]
17.371502 323.100000 96981 0 1 99717 283 [],[174]
17.372547 323.100000 25819 0 1 99716 284 [],[2398]
17.373081 323.300000 677 0 1 99715 285 [],[2191,0]
17.374644 326.300000 31251 0 1 99714 286 [],[13]
17.377657 326.400000 94674 0 1 99713 287 [],[0]
17.382332 326.400000 85999 0 1 99712 288 [],[42]
17.383944 326.500000 65691 0 1 99711 289 [],[12192]
17.387156 326.800000 75657 0 1 99710 290 [],[2520]
17.396681 326.800000 70396 0 1 99709 291 [],[0]
17.397238 326.800000 71 0 1 99708 292 [],[0]
17.399298 338.700000 5705 0 1 99707 293 [],[446]
17.401876 338.900000 8088 0 1 99706 294 [],[3837]
17.404402 339.200000 648 0 1 99705 295 [],[0]
17.405502 344.700000 36742 0 1 99704 296 [],[52]
17.411466 344.800000 27223 0 1 99703 297 [],[7164]
17.412092 345.000000 85932 0 1 99702 298 [],[13]
17.417434 345.100000 4049 0 1 99701 299 [],[39]
17.420733 346.000000 3360 0 1 99700 300 [],[174]
17.423143 346.600000 87697 0 1 99699 301 [],[13]
17.423760 346.600000 88653 0 1 99698 302 [],[0]
17.424398 346.600000 79521 0 1 99697 303 [],[39]
17.424598 346.600000 13444 0 1 99696 304 [],[154]
17.426900 346.700000 9858 0 1 99695 305 [],[648]
17.427204 346.800000 6946 0 1 99694 306 [],[52]
17.427809 348.000000 77661 0 1 99693 307 [],[79521]
17.429915 348.200000 1746 0 1 99692 308 [],[0]
17.430574 351.800000 16020 0 1 99691 309 [],[174]
17.432647 352.500000 165 0 1 99690 310 [],[174]
17.433692 359.600000 73210 0 1 99689 311 [],[165]
17.435593 359.600000 27759 0 1 99688 312 [],[20321]
17.438945 359.600000 53997 0 1 99687 313 [],[278]
17.439389 359.600000 1319 0 1 99686 314 [],[5705]
17.439589 363.500000 84481 0 1 99685 315 [],[5218]
17.443055 363.500000 15549 0 1 99684 316 [],[70]
17.445997 364.200000 17288 0 1 99683 317 [],[6166]
17.447875 364.700000 23137 0 1 99682 318 [],[55]
17.447877 364.900000 13309 0 1 99681 319 [],[70]
17.451701 365.200000 3765 0 1 99680 320 [],[677]
17.455038 365.900000 39227 0 1 99679 321 [],[257]
17.455122 366.000000 87442 0 1 99678 322 [],[677]
17.455802 366.000000 97115 0 1 99677 323 [],[8636]
17.458446 366.000000 9156 0 1 99676 324 [],[4063]
17.459485 366.100000 56367 0 1 99675 325 [],[49696]
17.459881 366.100000 23339 0 1 99674 326 [],[11586]
17.462234 366.200000 14121 0 1 99673 327 [],[1319]
17.472246 366.700000 24969 0 1 99672 328 [],[261]
17.472320 366.700000 1645 0 1 99671 329 [],[42,648]
17.473747 367.500000 3033 0 1 99670 330 [],[55]
17.474100 369.900000 348 0 1 99669 331 [],[840]
17.475243 376.100000 6413 0 1 99668 332 [],[0]
17.477055 376.400000 9376 0 1 99667 333 [],[261]
17.480214 377.400000 10460 0 1 99666 334 [],[892]
17.480233 377.500000 93023 0 1 99665 335 [],[1794]
17.481094 377.500000 4501 0 1 99664 336 [],[844]
17.481565 377.500000 57947 0 1 99663 337 [],[70]
17.481745 377.500000 39215 0 1 99662 338 [],[257]
17.481848 377.500000 66625 0 1 99661 339 [],[8512]
17.482212 377.500000 78394 0 1 99660 340 [],[12192]
17.482677 377.500000 668 0 1 99659 341 [],[452]
17.483858 381.100000 61561 0 1 99658 342 [],[52]
17.484380 381.100000 98711 0 1 99657 343 [],[844]
17.489391 381.100000 84288 0 1 99656 344 [],[56581]
17.490922 381.100000 78 0 1 99655 345 [],[13]
17.492667 382.500000 91762 0 1 99654 346 [],[19]
17.497646 382.500000 2179 0 1 99653 347 [],[71]
17.503927 384.900000 51874 0 1 99652 348 [],[70]
17.504232 385.000000 417 0 1 99651 349 [],[0]
17.506370 388.200000 7871 0 1 99650 350 [],[79]
17.507073 388.700000 65972 0 1 99649 351 [],[5869]
17.508005 388.700000 2973 0 1 99648 352 [],[70]
17.508168 389.900000 5071 0 1 99647 353 [],[0]
17.510530 389.900000 9837 0 1 99646 354 [],[648]
17.515654 390.200000 51260 0 1 99645 355 [],[0]
17.516076 390.200000 143 0 1 99644 356 [],[0]
17.518095 398.800000 8124 0 1 99643 357 [],[93703]
17.521179 399.300000 75 0 1 99642 358 [],[348]
17.525770 408.100000 13007 0 1 99641 359 [],[7164]
17.526373 408.500000 11675 0 1 99640 360 [],[7164]
17.536080 408.700000 60213 0 1 99639 361 [],[2659]
17.536317 408.700000 38751 0 1 99638 362 [],[2520]
17.537341 408.800000 45 0 1 99637 363 [],[60,196,308]
17.538189 418.600000 80451 0 1 99636 364 [],[13]
17.539305 418.600000 77759 0 1 99635 365 [],[143]
17.541348 418.700000 25019 0 1 99634 366 [],[13]
17.544416 418.700000 5453 0 1 99633 367 [],[13]
17.545870 419.100000 48771 0 1 99632 368 [],[42]
17.546899 419.200000 10173 0 1 99631 369 [],[119]
17.554246 419.700000 35096 0 1 99630 370 [],[1746]
17.562316 419.800000 21683 0 1 99629 371 [],[1810]
17.563004 419.900000 37632 0 1 99628 372 [],[52]
17.565893 419.900000 40522 0 1 99627 373 [],[52]
17.567330 419.900000 742 0 1 99626 374 [],[0]
17.568373 424.300000 34058 0 1 99625 375 [],[174]
17.571007 424.500000 14914 0 1 99624 376 [],[7120]
17.571839 424.800000 32563 0 1 99623 377 [],[862]
17.574004 424.900000 3135 0 1 99622 378 [],[1086]
17.575270 425.000000 74 0 1 99621 379 [],[13,19]
17.577864 429.800000 71697 0 1 99620 380 [],[677]
17.580453 429.800000 765 0 1 99619 381 [],[308]
17.583573 432.800000 76643 0 1 99618 382 [],[9907]
17.586584 432.800000 98713 0 1 99617 383 [],[13]
17.586845 432.800000 92302 0 1 99616 384 [],[71]
17.594183 432.800000 17710 0 1 99615 385 [],[1025]
17.596473 433.200000 5126 0 1 99614 386 [],[67106]
17.597267 434.600000 22112 0 1 99613 387 [],[74]
17.598965 434.700000 40268 0 1 99612 388 [],[52]
17.599608 434.800000 61605 0 1 99611 389 [],[19]
17.601330 435.100000 49787 0 1 99610 390 [],[281]
17.606371 435.300000 78347 0 1 99609 391 [],[11586]
17.610772 435.300000 36471 0 1 99608 392 [],[7164]
17.614655 435.500000 7942 0 1 99607 393 [],[4870]
17.619392 436.900000 62675 0 1 99606 394 [],[8636]
17.621846 436.900000 48006 0 1 99605 395 [],[1794]
17.622220 437.000000 59985 0 1 99604 396 [],[308]
17.623510 437.000000 5973 0 1 99603 397 [],[19]
17.625636 437.500000 26261 0 1 99602 398 [],[39]
17.628059 437.800000 16970 0 1 99601 399 [],[8895]
17.628141 437.800000 3916 0 1 99600 400 [],[20091]
17.630242 439.200000 11850 0 1 99599 401 [],[308]
17.631943 439.900000 535 0 1 99598 402 [],[862]
17.635001 448.600000 13658 0 1 99597 403 [],[71]
17.647456 449.000000 58165 0 1 99596 404 [],[0]
17.647750 449.000000 71635 0 1 99595 405 [],[844]
17.648904 449.000000 8849 0 1 99594 406 [],[668]
17.649829 449.500000 38830 0 1 99593 407 [],[1794]
17.651161 449.900000 54680 0 1 99592 408 [],[417]
17.651519 449.900000 92130 0 1 99591 409 [],[535]
17.652371 449.900000 12763 0 1 99590 410 [],[119]
17.652513 450.100000 5055 0 1 99589 411 [],[16970]
17.653580 451.200000 1604 0 1 99588 412 [],[6040]
17.654827 452.400000 23611 0 1 99587 413 [],[37804]
17.659807 452.800000 51249 0 1 99586 414 [],[39]
17.660811 452.800000 53828 0 1 99585 415 [],[42]
17.668633 452.800000 1499 0 1 99584 416 [],[74]
17.670612 455.500000 5647 0 1 99583 417 [],[74]
17.671560 456.300000 81327 0 1 99582 418 [],[0]
17.674457 456.400000 24015 0 1 99581 419 [],[42]
17.676189 456.600000 78025 0 1 99580 420 [],[3916]
17.679229 456.600000 17183 0 1 99579 421 [],[143]
17.682956 456.700000 21170 0 1 99578 422 [],[648]
17.683018 456.700000 2580 0 1 99577 423 [],[13658]
17.684190 460.400000 54174 0 1 99576 424 [],[19]
17.685184 460.700000 73354 0 1 99575 425 [],[348]
17.687126 460.800000 58837 0 1 99574 426 [],[386]
17.688042 460.900000 42960 0 1 99573 427 [],[17288]
17.688104 461.000000 29213 0 1 99572 428 [],[79]
17.688231 461.100000 15421 0 1 99571 429 [],[71]
17.688599 461.300000 52992 0 1 99570 430 [],[253]
17.697330 461.400000 46461 0 1 99569 431 [],[16020]
17.698227 461.400000 84436 0 1 99568 432 [],[73754]
17.702309 461.400000 59283 0 1 99567 433 [],[253]
17.703135 461.400000 27928 0 1 99566 434 [],[1499]
17.706251 461.600000 26373 0 1 99565 435 [],[348]
17.706577 461.900000 45362 0 1 99564 436 [],[78]
17.707332 462.000000 8717 0 1 99563 437 [],[348]
17.708612 462.800000 27816 0 1 99562 438 [],[13]
17.708954 463.300000 5922 0 1 99561 439 [],[535]
17.710484 464.500000 8978 0 1 99560 440 [],[742]
17.712304 464.700000 46340 0 1 99559 441 [],[143]
17.713168 464.700000 10666 0 1 99558 442 [],[0]
17.717513 464.800000 65905 0 1 99557 443 [],[2179]
17.718668 464.900000 21237 0 1 99556 444 [],[12192]
17.721675 464.900000 7994 0 1 99555 445 [],[2179]
17.724010 464.900000 20933 0 1 99554 446 [],[535]
17.726066 465.400000 7829 0 1 99553 447 [],[55]
17.727693 465.800000 70576 0 1 99552 448 [],[13]
17.727707 465.800000 4055 0 1 99551 449 [],[1001]
17.727766 466.500000 3662 0 1 99550 450 [],[0]
17.731286 467.400000 58373 0 1 99549 451 [],[19]
17.732486 467.400000 651 0 1 99548 452 [],[0,13]
17.734520 470.200000 37104 0 1 99547 453 [],[71]
17.736672 470.500000 1216 0 1 99546 454 [],[0]
17.737741 471.700000 65396 0 1 99545 455 [],[52992]
17.744392 471.700000 92937 0 1 99544 456 [],[0]
17.745895 471.700000 51130 0 1 99543 457 [],[257]
17.747019 471.800000 80987 0 1 99542 458 [],[52]
17.748983 471.800000 86157 0 1 99541 459 [],[6166]
17.749511 471.800000 34472 0 1 99540 460 [],[60]
17.751042 472.000000 38427 0 1 99539 461 [],[70]
17.752028 472.200000 44653 0 1 99538 462 [],[535]
17.754888 472.300000 48178 0 1 99537 463 [],[71]
17.755507 472.400000 58756 0 1 99536 464 [],[196]
17.758453 472.500000 83023 0 1 99535 465 [],[20227]
17.759033 472.500000 20962 0 1 99534 466 [],[19]
17.760583 472.600000 4895 0 1 99533 467 [],[42]
17.762431 473.500000 76793 0 1 99532 468 [],[13]
17.763322 473.500000 9824 0 1 99531 469 [],[9376]
17.764673 473.900000 34927 0 1 99530 470 [],[79]
17.764757 473.900000 81173 0 1 99529 471 [],[257]
17.766411 473.900000 47498 0 1 99528 472 [],[648]
17.766505 473.900000 13145 0 1 99527 473 [],[2452]
17.766886 474.100000 71935 0 1 99526 474 [],[535]
17.767165 474.200000 36980 0 1 99525 475 [],[672]
17.768785 474.300000 56697 0 1 99524 476 [],[1319]
17.768997 474.300000 28598 0 1 99523 477 [],[2580]
17.769869 474.500000 40082 0 1 99522 478 [],[0]
17.770164 474.500000 9675 0 1 99521 479 [],[165]
17.772160 474.600000 1968 0 1 99520 480 [],[35096]
17.774933 476.400000 40650 0 1 99519 481 [],[0]
17.775060 476.500000 17099 0 1 99518 482 [],[0]
17.779617 476.700000 45952 0 1 99517 483 [],[1025]
17.781523 476.700000 46350 0 1 99516 484 [],[648]
17.784220 476.900000 8536 0 1 99515 485 [],[74]
17.786026 477.500000 16406 0 1 99514 486 [],[165]
17.786638 477.500000 17921 0 1 99513 487 [],[417]
17.787871 477.600000 16696 0 1 99512 488 [],[9907]
17.788371 477.700000 8751 0 1 99511 489 [],[27351]
17.789341 478.700000 19004 0 1 99510 490 [],[7120]
17.790794 478.800000 52180 0 1 99509 491 [],[60]
17.794075 479.000000 21377 0 1 99508 492 [],[165]
17.797291 479.200000 10215 0 1 99507 493 [],[85932]
17.798326 480.400000 93442 0 1 99506 494 [],[11586]
17.800199 480.400000 57276 0 1 99505 495 [],[73754]
17.801443 480.600000 160 0 1 99504 496 [],[5071]
17.803582 494.200000 39352 0 1 99503 497 [],[348]
17.803988 494.400000 3268 0 1 99502 498 [],[60]
17.806033 495.700000 32958 0 1 99501 499 [],[160]
17.806583 495.900000 89064 0 1 99500 500 [],[13]
17.815354 495.900000 4579 0 1 99499 501 [],[0]
17.815514 497.000000 55389 0 1 99498 502 [],[79]
17.818727 497.100000 7142 0 1 99497 503 [],[79]
17.819424 497.500000 3537 0 1 99496 504 [],[19]
17.819805 498.300000 16577 0 1 99495 505 [],[3657]
17.821145 498.500000 42766 0 1 99494 506 [],[70]
17.827594 498.500000 9885 0 1 99493 507 [],[7871]
17.830310 498.500000 13383 0 1 99492 508 [],[7142]
17.838662 498.700000 16351 0 1 99491 509 [],[160]
17.838980 498.800000 12986 0 1 99490 510 [],[71635]
17.839502 498.900000 34149 0 1 99489 511 [],[20321]
17.841136 499.200000 85628 0 1 99488 512 [],[2179]
17.847067 499.200000 27244 0 1 99487 513 [],[0]
17.847309 499.700000 1262 0 1 99486 514 [],[19]
17.847809 501.400000 4135 0 1 99485 515 [],[44653]
17.849425 502.200000 7434 0 1 99484 516 [],[55]
17.849834 502.800000 98475 0 1 99483 517 [],[71]
17.852828 502.800000 62886 0 1 99482 518 [],[1759]
17.854930 502.800000 28357 0 1 99481 519 [],[165]
17.856029 502.800000 85841 0 1 99480 520 [],[417]
17.861576 502.900000 19904 0 1 99479 521 [],[0]
17.865872 504.200000 89111 0 1 99478 522 [],[79]
17.866092 504.200000 7548 0 1 99477 523 [],[9885]
17.866459 504.300000 36234 0 1 99476 524 [],[648]
17.870834 504.300000 10741 0 1 99475 525 [],[60]
17.871245 504.300000 49197 0 1 99474 526 [],[4135]
17.871922 504.300000 68087 0 1 99473 527 [],[3268]
17.877938 504.500000 796 0 1 99472 528 [],[81327]
17.878030 507.800000 129 0 1 99471 529 [],[79]
17.878964 510.600000 28142 0 1 99470 530 [],[8978]
17.879588 511.100000 6958 0 1 99469 531 [],[3837]
17.892300 511.900000 1635 0 1 99468 532 [],[174]
17.896232 512.600000 42749 0 1 99467 533 [],[6946]
17.896375 512.600000 2224 0 1 99466 534 [],[13,160]
17.903178 513.000000 77621 0 1 99465 535 [],[5218]
17.908201 513.000000 67036 0 1 99464 536 [],[742]
17.910278 513.000000 25366 0 1 99463 537 [],[79]
17.913632 513.000000 77897 0 1 99462 538 [],[5869]
17.914263 513.100000 28484 0 1 99461 539 [],[1216]
17.917658 513.300000 25759 0 1 99460 540 [],[281]
17.923718 513.400000 36678 0 1 99459 541 [],[75]
17.925991 513.400000 7138 0 1 99458 542 [],[2965]
17.928232 513.600000 17498 0 1 99457 543 [],[160]
17.928964 514.400000 62404 0 1 99456 544 [],[2398]
17.929916 514.500000 10020 0 1 99455 545 [],[13]
17.932402 515.300000 6139 0 1 99454 546 [],[4055]
17.933665 515.800000 11972 0 1 99453 547 [],[4063]
17.933905 515.900000 157 0 1 99452 548 [],[0]
17.934407 517.000000 26 0 1 99451 549 [],[160,1746]
17.936661 526.200000 29738 0 1 99450 550 [],[60]
17.938536 526.600000 2666 0 1 99449 551 [],[308]
17.938876 528.800000 22193 0 1 99448 552 [],[7120]
17.940547 528.900000 1793 0 1 99447 553 [],[71]
17.940576 531.900000 2844 0 1 99446 554 [],[844]
17.941661 533.300000 7218 0 1 99445 555 [],[157]
17.944175 533.500000 60075 0 1 99444 556 [],[55]
17.947191 533.500000 21096 0 1 99443 557 [],[143]
17.948216 533.500000 54976 0 1 99442 558 [],[8751]
17.950742 533.500000 53639 0 1 99441 559 [],[42]
17.951843 533.500000 61249 0 1 99440 560 [],[78347]
17.953596 533.600000 20757 0 1 99439 561 [],[42]
17.955934 533.800000 11317 0 1 99438 562 [],[6166]
17.956709 533.900000 15395 0 1 99437 563 [],[386]
17.957602 534.100000 29895 0 1 99436 564 [],[668]
17.958062 534.200000 38062 0 1 99435 565 [],[253]
17.958115 534.400000 33020 0 1 99434 566 [],[844]
17.961463 534.400000 11592 0 1 99433 567 [],[0]
17.964589 534.600000 43317 0 1 99432 568 [],[1086]
17.965927 534.800000 111 0 1 99431 569 [],[1499,10793]
17.967066 552.900000 10313 0 1 99430 570 [],[60]
17.971444 552.900000 79307 0 1 99429 571 [],[143]
17.971650 552.900000 83603 0 1 99428 572 [],[78276]
17.971837 552.900000 126 0 1 99427 573 [],[0]
17.973632 555.800000 16608 0 1 99426 574 [],[1001]
17.974993 556.000000 21543 0 1 99425 575 [],[7145]
17.975708 556.400000 2107 0 1 99424 576 [],[651]
17.976436 559.000000 1417 0 1 99423 577 [],[160]
17.976609 560.000000 10526 0 1 99422 578 [],[165]
17.977700 560.500000 9265 0 1 99421 579 [],[8849]
17.978025 560.500000 4308 0 1 99420 580 [],[10020,672]
17.978348 560.500000 20875 0 1 99419 581 [],[196]
17.979057 560.700000 24264 0 1 99418 582 [],[71,13931]
17.981031 560.800000 46078 0 1 99417 583 [],[1499]
17.983421 560.800000 61962 0 1 99416 584 [],[119]
17.985178 560.800000 4036 0 1 99415 585 [],[892]
17.989191 561.100000 3730 0 1 99414 586 [],[446]
17.991817 565.200000 75606 0 1 99413 587 [],[1499]
17.993333 565.200000 494 0 1 99412 588 [],[3537]
17.993587 567.900000 3306 0 1 99411 589 [],[71]
17.993993 568.500000 6649 0 1 99410 590 [],[34058]
17.994272 569.100000 71987 0 1 99409 591 [],[19]
17.994695 569.100000 2064 0 1 99408 592 [],[13,52]
17.997568 569.200000 56700 0 1 99407 593 [],[21253]
17.997655 569.200000 71766 0 1 99406 594 [],[42]
18.002574 569.200000 19666 0 1 99405 595 [],[13]
18.003399 569.500000 27166 0 1 99404 596 [],[160]
18.010388 569.700000 139 0 1 99403 597 [],[3306,90192,79]
18.012686 577.300000 4532 0 1 99402 598 [],[7133]
18.013593 579.500000 509 0 1 99401 599 [],[19]
18.013997 582.300000 834 0 1 99400 600 [],[49787]
18.014564 587.300000 81417 0 1 99399 601 [],[648]
18.017200 587.300000 40468 0 1 99398 602 [],[45]
18.017425 587.400000 15946 0 1 99397 603 [],[75]
18.018505 587.600000 66043 0 1 99396 604 [],[44653]
18.019528 587.600000 17141 0 1 99395 605 [],[535]
18.019651 588.000000 4471 0 1 99394 606 [],[119]
18.019904 588.900000 18198 0 1 99393 607 [],[13444]
18.020681 590.000000 29921 0 1 99392 608 [],[143]
18.021521 590.100000 77246 0 1 99391 609 [],[126]
18.021707 590.100000 14848 0 1 99390 610 [],[13]
18.022815 590.100000 18556 0 1 99389 611 [],[2398,3268]
18.022888 590.000000 783 0 1 99388 612 [],[79]
18.023282 592.700000 9391 0 1 99387 613 [],[1759]
18.025855 592.700000 21605 0 1 99386 614 [],[834]
18.029708 593.500000 704 0 1 99385 615 [],[386]
18.035029 594.900000 94589 0 1 99384 616 [],[26]
18.036432 594.900000 13843 0 1 99383 617 [],[13]
18.037252 595.100000 14176 0 1 99382 618 [],[7164]
18.039906 595.600000 110 0 1 99381 619 [],[509,55]
18.040369 600.600000 1463 0 1 99380 620 [],[52,126]
18.040685 600.900000 31425 0 1 99379 621 [],[28142]
18.041238 601.100000 58954 0 1 99378 622 [],[23032]
18.041265 601.200000 90890 0 1 99377 623 [],[26]
18.041411 601.200000 30568 0 1 99376 624 [],[535]
18.041886 601.400000 2787 0 1 99375 625 [],[862]
18.042321 602.700000 16411 0 1 99374 626 [],[1759]
18.043683 603.300000 32712 0 1 99373 627 [],[840]
18.047645 603.400000 15851 0 1 99372 628 [],[1198]
18.049201 603.800000 66797 0 1 99371 629 [],[535]
18.056278 603.800000 2616 0 1 99370 630 [],[70]
18.058711 604.500000 66035 0 1 99369 631 [],[4049]
18.067159 604.600000 18809 0 1 99368 632 [],[494]
18.071184 604.600000 16956 0 1 99367 633 [],[160]
18.071971 604.900000 93647 0 1 99366 634 [],[79]
18.073450 604.900000 20550 0 1 99365 635 [],[93517]
18.073910 605.200000 91905 0 1 99364 636 [],[2224]
18.074175 605.200000 3100 0 1 99363 637 [],[55]
18.076319 605.800000 403 0 1 99362 638 [],[0]
18.082730 609.600000 71654 0 1 99361 639 [],[9156]
18.082753 609.600000 14880 0 1 99360 640 [],[3730]
18.083093 609.700000 27710 0 1 99359 641 [],[26]
18.083676 610.400000 606 0 1 99358 642 [],[129]
18.086018 613.500000 74268 0 1 99357 643 [],[40468]
18.087110 613.500000 34593 0 1 99356 644 [],[2520]
18.094406 613.600000 39485 0 1 99355 645 [],[452]
18.098264 613.700000 49246 0 1 99354 646 [],[196]
18.100698 613.900000 53490 0 1 99353 647 [],[862]
18.101093 614.000000 67516 0 1 99352 648 [],[5453]
18.101845 614.000000 65642 0 1 99351 649 [],[143]
18.102195 614.000000 24792 0 1 99350 650 [],[4579]
18.106759 614.200000 10018 0 1 99349 651 [],[2630]
18.108435 614.600000 1152 0 1 99348 652 [],[13]
18.108862 620.200000 52364 0 1 99347 653 [],[1793]
18.110026 620.200000 12782 0 1 99346 654 [],[1793]
18.111566 620.900000 63539 0 1 99345 655 [],[71935,3360]
18.112267 620.800000 46750 0 1 99344 656 [],[1968]
18.112686 620.900000 26093 0 1 99343 657 [],[257]
18.114781 620.900000 13494 0 1 99342 658 [],[58165]
18.115120 622.000000 15258 0 1 99341 659 [],[143]
18.117163 622.300000 3060 0 1 99340 660 [],[60]
18.117655 622.800000 3241 0 1 99339 661 [],[12428]
18.117975 623.600000 3299 0 1 99338 662 [],[52]
18.121128 624.200000 11466 0 1 99337 663 [],[174]
18.121653 624.700000 34889 0 1 99336 664 [],[535]
18.121934 624.900000 41302 0 1 99335 665 [],[23032]
18.122496 625.100000 33938 0 1 99334 666 [],[844]
18.122534 625.400000 98578 0 1 99333 667 [],[43993]
18.122696 625.400000 27629 0 1 99332 668 [],[8751]
18.123207 625.400000 57523 0 1 99331 669 [],[160]
18.124357 625.400000 360 0 1 99330 670 [],[742,1319,95843]
18.125352 629.300000 12058 0 1 99329 671 [],[160]
18.125481 629.900000 24968 0 1 99328 672 [],[253]
18.126655 630.200000 1502 0 1 99327 673 [],[13]
18.127947 631.700000 63048 0 1 99326 674 [],[160]
18.129112 632.000000 36303 0 1 99325 675 [],[7138]
18.129439 632.000000 7229 0 1 99324 676 [],[154]
18.131207 632.500000 64807 0 1 99323 677 [],[13,57276]
18.132206 632.300000 41575 0 1 99322 678 [],[74]
18.133449 632.700000 31072 0 1 99321 679 [],[71]
18.139158 633.000000 38332 0 1 99320 680 [],[37104]
18.145162 633.000000 84246 0 1 99319 681 [],[0]
18.148475 633.000000 51 0 1 99318 682 [],[0]
18.153096 638.600000 66777 0 1 99317 683 [],[111]
18.155372 638.700000 9871 0 1 99316 684 [],[71]
18.155562 639.600000 61175 0 1 99315 685 [],[494]
18.157872 639.600000 9192 0 1 99314 686 [],[494]
18.161331 640.100000 2791 0 1 99313 687 [],[17141]
18.161632 641.700000 2893 0 1 99312 688 [],[13494]
18.167084 643.200000 48524 0 1 99311 689 [],[535]
18.167443 643.400000 24723 0 1 99310 690 [],[14873]
18.168269 643.400000 822 0 1 99309 691 [],[52]
18.169059 647.900000 21317 0 1 99308 692 [],[822]
18.170288 648.000000 65126 0 1 99307 693 [],[8512]
18.171261 648.000000 74676 0 1 99306 694 [],[668]
18.171667 648.000000 39984 0 1 99305 695 [],[143]
18.172002 648.400000 58616 0 1 99304 696 [],[119]
18.173310 648.500000 47045 0 1 99303 697 [],[17183]
18.173337 648.700000 34919 0 1 99302 698 [],[509]
18.173432 648.800000 50638 0 1 99301 699 [],[42]
18.175045 648.800000 41380 0 1 99300 700 [],[43143]
18.175239 648.900000 4290 0 1 99299 701 [],[796]
18.175896 649.500000 1399 0 1 99298 702 [],[19]
18.177856 651.600000 37243 0 1 99297 703 [],[119]
18.178157 651.700000 35331 0 1 99296 704 [],[8203]
18.179895 651.700000 10235 0 1 99295 705 [],[79]
18.182868 652.200000 28950 0 1 99294 706 [],[7268]
18.184078 652.400000 10940 0 1 99293 707 [],[143]
18.185495 652.600000 6051 0 1 99292 708 [],[651]
18.185800 652.800000 44889 0 1 99291 709 [],[13]
18.190274 653.000000 77424 0 1 99290 710 [],[55]
18.191039 653.100000 55816 0 1 99289 711 [],[7829]
18.191245 653.100000 5005 0 1 99288 712 [],[60]
18.194990 654.000000 493 0 1 99287 713 [],[45]
18.195616 657.400000 56258 0 1 99286 714 [],[3033]
18.197652 657.600000 6761 0 1 99285 715 [],[45]
18.198294 658.300000 95218 0 1 99284 716 [],[2064]
18.198563 658.300000 4068 0 1 99283 717 [],[55]
18.200310 660.100000 70581 0 1 99282 718 [],[75]
18.201116 660.200000 2076 0 1 99281 719 [],[174]
18.203941 661.300000 951 0 1 99280 720 [],[60]
18.205561 664.000000 25836 0 1 99279 721 [],[677]
18.208760 664.000000 33261 0 1 99278 722 [],[14914]
18.209550 664.300000 79709 0 1 99277 723 [],[34149]
18.209698 664.400000 5991 0 1 99276 724 [],[139]
18.210008 664.600000 31309 0 1 99275 725 [],[32181]
18.210980 664.900000 40591 0 1 99274 726 [],[39]
18.213172 665.200000 15441 0 1 99273 727 [],[7942]
18.215146 666.100000 2982 0 1 99272 728 [],[2580]
18.215312 667.500000 77578 0 1 99271 729 [],[111]
18.216964 667.600000 12295 0 1 99270 730 [],[3765]
18.217947 667.700000 4720 0 1 99269 731 [],[8717]
18.219083 668.700000 40633 0 1 99268 732 [],[862]
18.224685 668.700000 2850 0 1 99267 733 [],[7942]
18.224998 673.300000 55795 0 1 99266 734 [],[26]
18.227898 673.400000 31713 0 1 99265 735 [],[7205]
18.228341 674.000000 59759 0 1 99264 736 [],[13]
18.228893 674.100000 7999 0 1 99263 737 [],[119]
18.231645 674.200000 11077 0 1 99262 738 [],[26758]
18.235780 675.300000 10918 0 1 99261 739 [],[139]
18.236296 676.000000 275 0 1 99260 740 [],[3360,111]
18.236493 678.000000 98627 0 1 99259 741 [],[42]
18.238034 678.000000 87536 0 1 99258 742 [],[4895]
18.239994 678.000000 49372 0 1 99257 743 [],[111]
18.240012 678.000000 2648 0 1 99256 744 [],[6040]
18.246003 678.900000 77240 0 1 99255 745 [],[2844]
18.248097 678.900000 2196 0 1 99254 746 [],[165]
18.248732 680.200000 85621 0 1 99253 747 [],[951]
18.249719 680.200000 86012 0 1 99252 748 [],[28142]
18.250198 680.200000 65096 0 1 99251 749 [],[1793]
18.250906 680.200000 31416 0 1 99250 750 [],[21543]
18.254625 680.400000 135 0 1 99249 751 [],[75]
18.254766 686.400000 9061 0 1 99248 752 [],[160]
18.255758 687.400000 72267 0 1 99247 753 [],[7138]
18.255965 687.500000 25735 0 1 99246 754 [],[11850]
18.257390 687.600000 6 0 1 99245 755 [],[42,60,110,135,253,783,822,1968,3041,6166,8849]
18.257426 742.600000 44640 0 1 99244 756 [],[91937]
18.258489 743.000000 11486 0 1 99243 757 [],[165]
18.261012 743.100000 33338 0 1 99242 758 [],[6]
18.262514 743.100000 22396 0 1 99241 759 [],[111]
18.263111 743.300000 99964 0 1 99240 760 [],[6413]
18.263417 743.300000 75683 0 1 99239 761 [],[535]
18.265740 743.500000 1359 0 1 99238 762 [],[51]
18.265849 745.100000 68626 0 1 99237 763 [],[10215]
18.266849 745.100000 17052 0 1 99236 764 [],[348]
18.270946 745.400000 34055 0 1 99235 765 [],[1152]
18.272227 745.400000 55086 0 1 99234 766 [],[20321]
18.275682 745.400000 79189 0 1 99233 767 [],[7120]
18.276005 745.500000 44125 0 1 99232 768 [],[129]
18.279740 745.600000 75178 0 1 99231 769 [],[79]
18.280028 745.600000 16848 0 1 99230 770 [],[2520]
18.281796 745.800000 54848 0 1 99229 771 [],[4532]
18.283069 745.800000 31802 0 1 99228 772 [],[6]
18.283663 745.900000 49444 0 1 99227 773 [],[13]
18.284022 745.900000 50017 0 1 99226 774 [],[75]
18.284818 746.000000 13091 0 1 99225 775 [],[47562]
18.285256 746.300000 10640 0 1 99224 776 [],[18809]
18.285495 747.000000 7293 0 1 99223 777 [],[0]
18.286295 748.300000 46910 0 1 99222 778 [],[160]
18.290030 748.300000 42127 0 1 99221 779 [],[111]
18.290203 748.400000 35440 0 1 99220 780 [],[55]
18.290713 748.400000 1481 0 1 99219 781 [],[862]
18.291638 749.100000 15214 0 1 99218 782 [],[0]
18.292583 749.600000 1391 0 1 99217 783 [],[51]
18.292779 750.000000 22150 0 1 99216 784 [],[53997]
18.293246 750.100000 68320 0 1 99215 785 [],[42]
18.294256 750.100000 215 0 1 99214 786 [],[39]
18.294769 756.100000 99503 0 1 99213 787 [],[0]
18.296224 756.100000 32571 0 1 99212 788 [],[79926]
18.297768 756.300000 86725 0 1 99211 789 [],[257]
18.299934 756.300000 547 0 1 99210 790 [],[6]
18.309398 758.500000 5284 0 1 99209 791 [],[126]
18.311787 758.700000 73658 0 1 99208 792 [],[31713]
18.313626 758.800000 38116 0 1 99207 793 [],[1968]
18.313661 759.000000 5589 0 1 99206 794 [],[26]
18.314230 759.100000 8117 0 1 99205 795 [],[834]
18.316837 759.300000 97680 0 1 99204 796 [],[509]
18.318928 759.400000 10780 0 1 99203 797 [],[822]
18.320402 759.600000 29996 0 1 99202 798 [],[16641]
18.323176 759.800000 9992 0 1 99201 799 [],[417]
18.324038 760.000000 68332 0 1 99200 800 [],[13504]
18.324661 760.100000 27339 0 1 99199 801 [],[48178]
18.324850 760.700000 25058 0 1 99198 802 [],[0]
18.327796 761.200000 47523 0 1 99197 803 [],[79]
18.327956 761.200000 26883 0 1 99196 804 [],[1025]
18.328019 761.200000 2165 0 1 99195 805 [],[2666]
18.328523 762.400000 21364 0 1 99194 806 [],[20356]
18.329101 762.400000 4894 0 1 99193 807 [],[135,535]
18.329484 762.300000 2170 0 1 99192 808 [],[70]
18.329606 762.900000 16265 0 1 99191 809 [],[4055]
18.332064 763.000000 58666 0 1 99190 810 [],[742]
18.332107 763.000000 30092 0 1 99189 811 [],[452]
18.336485 763.200000 12600 0 1 99188 812 [],[143]
18.337101 763.300000 29884 0 1 99187 813 [],[74268]
18.338347 764.400000 2746 0 1 99186 814 [],[13]
18.340339 765.900000 63178 0 1 99185 815 [],[1152]
18.340794 765.900000 1000 0 1 99184 816 [],[165]
18.342182 767.500000 66766 0 1 99183 817 [],[119]
18.345103 767.600000 45675 0 1 99182 818 [],[55086]
18.349931 767.800000 25804 0 1 99181 819 [],[535]
18.352567 768.100000 46654 0 1 99180 820 [],[0]
18.352621 768.500000 16289 0 1 99179 821 [],[135]
18.353229 769.000000 83428 0 1 99178 822 [],[126]
18.355122 769.000000 19015 0 1 99177 823 [],[0]
18.355409 769.000000 64757 0 1 99176 824 [],[0]
18.356493 769.400000 30131 0 1 99175 825 [],[648,7229]
18.361232 769.500000 1329 0 1 99174 826 [],[98054]
18.361423 771.300000 29424 0 1 99173 827 [],[765]
18.363070 771.600000 10024 0 1 99172 828 [],[111]
18.363414 772.000000 50 0 1 99171 829 [],[75,160,2648,55665,6]
18.363966 796.600000 39571 0 1 99170 830 [],[99964]
18.367752 796.800000 19764 0 1 99169 831 [],[535]
18.367769 796.800000 5813 0 1 99168 832 [],[74]
18.368278 797.400000 1 0 1 99167 833 [],[6,13,26,51,52,78,119,129,165,8973,10688,26093,35897]
18.368517 865.000000 99471 0 1 99166 834 [],[6]
18.371027 865.000000 4341 0 1 99165 835 [],[39]
18.371206 865.300000 71299 0 1 99164 836 [],[75]
18.373845 865.300000 1077 0 1 99163 837 [],[5786,157]
18.374871 865.200000 74591 0 1 99162 838 [],[55]
18.375959 865.300000 32095 0 1 99161 839 [],[174]
18.376049 865.300000 71239 0 1 99160 840 [],[3657]
18.376340 865.300000 77516 0 1 99159 841 [],[1]
18.377409 865.300000 17770 0 1 99158 842 [],[1]
18.379337 865.600000 77788 0 1 99157 843 [],[1]
18.381278 865.600000 52807 0 1 99156 844 [],[10215]
18.381503 865.600000 65521 0 1 99155 845 [],[50]
18.381519 865.600000 625 0 1 99154 846 [],[2580,403]
18.386809 873.200000 9708 0 1 99153 847 [],[0]
18.387077 873.300000 39661 0 1 99152 848 [],[111]
18.387249 873.300000 1731 0 1 99151 849 [],[129]
18.388089 875.300000 12573 0 1 99150 850 [],[13]
18.389520 875.900000 21599 0 1 99149 851 [],[1417]
18.389571 876.000000 9922 0 1 99148 852 [],[2648]
18.397344 876.300000 84594 0 1 99147 853 [],[360]
18.398845 876.300000 54161 0 1 99146 854 [],[6]
18.399061 876.300000 72181 0 1 99145 855 [],[765]
18.399365 876.300000 56387 0 1 99144 856 [],[1968]
18.399558 876.600000 50827 0 1 99143 857 [],[129]
18.401100 876.700000 15952 0 1 99142 858 [],[6]
18.401428 876.800000 3281 0 1 99141 859 [],[1]
18.401731 877.600000 6594 0 1 99140 860 [],[281]
18.401792 878.000000 67155 0 1 99139 861 [],[77672]
18.401838 878.200000 13056 0 1 99138 862 [],[742]
18.402702 878.400000 1633 0 1 99137 863 [],[129]
18.404853 878.800000 16338 0 1 99136 864 [],[1]
18.406529 879.200000 24562 0 1 99135 865 [],[215]
18.407005 879.300000 36135 0 1 99134 866 [],[85999]
18.407103 879.800000 43445 0 1 99133 867 [],[20757]
18.407849 879.900000 211 0 1 99132 868 [],[42,79]
18.410724 882.300000 45871 0 1 99131 869 [],[13]
18.411055 882.400000 24342 0 1 99130 870 [],[0]
18.411800 883.000000 23791 0 1 99129 871 [],[110]
18.414015 883.100000 6460 0 1 99128 872 [],[51]
18.414368 883.100000 1204 0 1 99127 873 [],[1]
18.415224 884.200000 16474 0 1 99126 874 [],[45]
18.416824 884.200000 57842 0 1 99125 875 [],[6]
18.416843 884.200000 36479 0 1 99124 876 [],[38427]
18.418593 884.500000 91317 0 1 99123 877 [],[64757]
18.421315 884.500000 22452 0 1 99122 878 [],[1794]
18.422152 884.500000 5459 0 1 99121 879 [],[2398]
18.422817 885.000000 69638 0 1 99120 880 [],[143]
18.424894 885.000000 25112 0 1 99119 881 [],[13]
18.425315 885.500000 87088 0 1 99118 882 [],[174]
18.426042 885.500000 1121 0 1 99117 883 [],[60]
18.426317 886.100000 14644 0 1 99116 884 [],[1121]
18.426883 886.600000 25480 0 1 99115 885 [],[6]
18.428477 886.700000 69633 0 1 99114 886 [],[11258]
18.430632 886.700000 69843 0 1 99113 887 [],[1]
18.434214 886.800000 83019 0 1 99112 888 [],[21543]
18.435887 886.800000 12265 0 1 99111 889 [],[74]
18.436223 886.900000 48998 0 1 99110 890 [],[51]
18.436862 886.900000 11200 0 1 99109 891 [],[43445,126]
18.439625 887.100000 59348 0 1 99108 892 [],[783]
18.440508 887.300000 53666 0 1 99107 893 [],[417]
18.441261 887.300000 48848 0 1 99106 894 [],[348]
18.444186 887.300000 83020 0 1 99105 895 [],[13]
18.448266 887.300000 76219 0 1 99104 896 [],[6]
18.449651 887.400000 27233 0 1 99103 897 [],[0]
18.451037 887.700000 28758 0 1 99102 898 [],[111]
18.451283 888.100000 38410 0 1 99101 899 [],[98713]
18.451938 888.400000 1458 0 1 99100 900 [],[70]
18.453342 889.300000 17909 0 1 99099 901 [],[3657]
18.454565 889.400000 54537 0 1 99098 902 [],[13]
18.454710 889.400000 57508 0 1 99097 903 [],[840]
18.456529 889.400000 28377 0 1 99096 904 [],[39]
18.457663 889.400000 90475 0 1 99095 905 [],[215]
18.461007 889.400000 75481 0 1 99094 906 [],[648]
18.463568 889.400000 32902 0 1 99093 907 [],[174,16608]
18.466496 889.300000 33708 0 1 99092 908 [],[174]
18.467925 889.800000 76998 0 1 99091 909 [],[625]
18.468649 889.800000 37325 0 1 99090 910 [],[39]
18.468803 889.900000 71591 0 1 99089 911 [],[60]
18.468947 889.900000 501 0 1 99088 912 [],[20962]
18.469691 891.800000 82399 0 1 99087 913 [],[1502]
18.471772 891.900000 14655 0 1 99086 914 [],[70]
18.476983 892.100000 48243 0 1 99085 915 [],[135]
18.478103 892.100000 65036 0 1 99084 916 [],[79]
18.478184 892.200000 3554 0 1 99083 917 [],[1]
18.480284 892.500000 46425 0 1 99082 918 [],[1]
18.480294 892.500000 24973 0 1 99081 919 [],[1759]
18.481383 892.900000 994 0 1 99080 920 [],[1,742]
18.482513 894.400000 85270 0 1 99079 921 [],[2224]
18.483531 894.400000 12 0 1 99078 922 [],[13,50,48006,0,1]
18.484368 903.900000 812 0 1 99077 923 [],[1]
18.484425 904.300000 80224 0 1 99076 924 [],[51]
18.484999 904.300000 44441 0 1 99075 925 [],[1399]
18.486574 904.400000 8544 0 1 99074 926 [],[143]
18.487390 904.600000 32362 0 1 99073 927 [],[1]
18.490318 904.700000 35857 0 1 99072 928 [],[1]
18.492295 904.900000 36762 0 1 99071 929 [],[1]
18.493002 905.000000 25333 0 1 99070 930 [],[1502]
18.494012 905.200000 75069 0 1 99069 931 [],[6]
18.494798 905.200000 6799 0 1 99068 932 [],[796]
18.497209 905.800000 68781 0 1 99067 933 [],[75]
18.498335 905.900000 20432 0 1 99066 934 [],[160]
18.501084 906.100000 98907 0 1 99065 935 [],[37104]
18.501502 906.100000 66400 0 1 99064 936 [],[77788]
18.502391 906.300000 49985 0 1 99063 937 [],[2893]
18.502785 906.500000 88149 0 1 99062 938 [],[126]
18.505814 906.600000 35529 0 1 99061 939 [],[535]
18.505908 906.600000 68321 0 1 99060 940 [],[822]
18.506540 906.600000 5863 0 1 99059 941 [],[52]
18.508546 907.700000 8503 0 1 99058 942 [],[348]
18.509367 907.900000 51093 0 1 99057 943 [],[36980]
18.510077 908.000000 34534 0 1 99056 944 [],[765]
18.511201 908.500000 12652 0 1 99055 945 [],[994]
18.511600 908.900000 1464 0 1 99054 946 [],[19]
18.514554 911.500000 36686 0 1 99053 947 [],[6]
18.514777 912.000000 83637 0 1 99052 948 [],[71]
18.516255 912.000000 61002 0 1 99051 949 [],[49213]
18.518061 912.000000 9818 0 1 99050 950 [],[28944,1]
18.521320 913.900000 77226 0 1 99049 951 [],[6]
18.521982 913.900000 6503 0 1 99048 952 [],[52]
18.522339 914.300000 31574 0 1 99047 953 [],[27244]
18.527324 914.500000 16270 0 1 99046 954 [],[3537]
18.527709 914.600000 44772 0 1 99045 955 [],[75]
18.528921 914.600000 3788 0 1 99044 956 [],[50]
18.529022 914.600000 92969 0 1 99043 957 [],[1198]
18.529111 914.600000 2859 0 1 99042 958 [],[765]
18.529305 915.500000 38834 0 1 99041 959 [],[139]
18.530552 915.500000 5507 0 1 99040 960 [],[1]
18.531540 916.300000 20211 0 1 99039 961 [],[52]
18.533030 916.500000 1984 0 1 99038 962 [],[69638]
18.534406 918.200000 91869 0 1 99037 963 [],[7120]
18.534517 918.200000 2631 0 1 99036 964 [],[501]
18.536020 919.000000 25996 0 1 99035 965 [],[8849]
18.537570 919.200000 5770 0 1 99034 966 [],[13]
18.542017 919.400000 30973 0 1 99033 967 [],[129]
18.543664 919.800000 37549 0 1 99032 968 [],[4068]
18.546061 920.100000 23336 0 1 99031 969 [],[6]
18.547295 920.600000 25289 0 1 99030 970 [],[6,2437]
18.547318 920.500000 69388 0 1 99029 971 [],[154]
18.547556 920.500000 93381 0 1 99028 972 [],[41575]
18.548379 920.600000 444 0 1 99027 973 [],[2398]
18.550027 928.300000 47448 0 1 99026 974 [],[2398]
18.551190 928.300000 7594 0 1 99025 975 [],[13]
18.551336 929.800000 19920 0 1 99024 976 [],[9871]
18.553307 929.900000 7563 0 1 99023 977 [],[91905]
18.554092 931.500000 79254 0 1 99022 978 [],[0]
18.554902 931.500000 4368 0 1 99021 979 [],[0]
18.556356 932.300000 77056 0 1 99020 980 [],[509,64757]
18.559257 932.100000 66342 0 1 99019 981 [],[12573]
18.559891 932.300000 1465 0 1 99018 982 [],[26]
18.561291 932.800000 113 0 1 99017 983 [],[1,71]
18.563450 934.800000 68371 0 1 99016 984 [],[70]
18.565234 934.800000 8169 0 1 99015 985 [],[6]
18.567750 935.400000 31990 0 1 99014 986 [],[625]
18.568103 935.700000 57351 0 1 99013 987 [],[0]
18.570154 935.700000 39278 0 1 99012 988 [],[46654]
18.571874 936.000000 67609 0 1 99011 989 [],[1001]
18.572201 936.100000 33033 0 1 99010 990 [],[6]
18.573001 936.100000 49048 0 1 99009 991 [],[74,1731]
18.573557 936.000000 21847 0 1 99008 992 [],[2850]
18.574609 936.000000 83928 0 1 99007 993 [],[1152]
18.576416 936.100000 54477 0 1 99006 994 [],[535]
18.578599 936.200000 72069 0 1 99005 995 [],[11850]
18.579739 936.200000 10359 0 1 99004 996 [],[55,160]
18.580832 936.300000 29580 0 1 99003 997 [],[1]
18.581660 936.400000 57004 0 1 99002 998 [],[2452]
18.582453 936.400000 26337 0 1 99001 999 [],[1759]
18.583526 936.800000 55112 0 1 99000 1000 [],[113]
