2.310235 0.200000 33079 0 1 99998 2 [],[99999]
5.609437 0.400000 3372 0 1 99997 3 [],[99999]
6.179896 1.100000 379 0 1 99996 4 [],[3372]
6.222468 6.300000 7068 0 1 99995 5 [],[3372]
6.472461 6.700000 49701 0 1 99994 6 [],[7068]
6.614354 6.700000 404 0 1 99993 7 [],[7068]
6.663211 17.200000 491 0 1 99992 8 [],[379]
6.713796 19.700000 21887 0 1 99991 9 [],[404]
6.768234 19.700000 9960 0 1 99990 10 [],[491]
6.772173 19.800000 19562 0 1 99989 11 [],[404]
6.825305 19.900000 38106 0 1 99988 12 [],[404]
6.903778 19.900000 37334 0 1 99987 13 [],[3372]
6.912508 19.900000 40214 0 1 99986 14 [],[404]
6.958989 19.900000 232 0 1 99985 15 [],[404]
6.979061 25.500000 34807 0 1 99984 16 [],[404]
6.987937 25.500000 27578 0 1 99983 17 [],[404]
7.086025 25.500000 6145 0 1 99982 18 [],[404]
7.094943 26.200000 40136 0 1 99981 19 [],[404]
7.169917 26.300000 7328 0 1 99980 20 [],[404]
7.185826 27.000000 65386 0 1 99979 21 [],[379]
7.234353 27.000000 10101 0 1 99978 22 [],[491]
7.314369 27.000000 93925 0 1 99977 23 [],[379]
7.316903 27.000000 54024 0 1 99976 24 [],[404]
7.393763 27.000000 1785 0 1 99975 25 [],[404]
7.442268 30.200000 12462 0 1 99974 26 [],[379]
7.455659 30.400000 67705 0 1 99973 27 [],[12462]
7.499030 30.700000 69775 0 1 99972 28 [],[379]
7.551797 30.700000 562 0 1 99971 29 [],[34807]
7.553988 32.600000 40021 0 1 99970 30 [],[232]
7.570368 32.600000 69058 0 1 99969 31 [],[404]
7.618556 32.600000 48638 0 1 99968 32 [],[1785]
7.722939 32.800000 19346 0 1 99967 33 [],[232]
7.725808 33.500000 7586 0 1 99966 34 [],[232]
7.733762 34.000000 54 0 1 99965 35 [],[491]
7.822696 37.700000 2818 0 1 99964 36 [],[379]
7.871300 38.000000 91657 0 1 99963 37 [],[7586]
7.875343 38.000000 14431 0 1 99962 38 [],[232]
7.944260 38.300000 493 0 1 99961 39 [],[91657]
7.958311 43.200000 2077 0 1 99960 40 [],[491]
7.970136 43.300000 1963 0 1 99959 41 [],[404]
7.974645 44.200000 84707 0 1 99958 42 [],[232]
7.986073 44.200000 9750 0 1 99957 43 [],[404]
7.988862 44.800000 54322 0 1 99956 44 [],[491]
8.020027 44.900000 68641 0 1 99955 45 [],[1785]
8.049006 45.000000 61901 0 1 99954 46 [],[404]
8.078247 45.100000 10339 0 1 99953 47 [],[404]
8.151078 45.400000 20828 0 1 99952 48 [],[404]
8.168681 45.800000 4835 0 1 99951 49 [],[21887]
8.192864 46.600000 21661 0 1 99950 50 [],[562]
8.207092 46.800000 79302 0 1 99949 51 [],[19346]
8.240010 46.800000 3208 0 1 99948 52 [],[232]
8.249506 46.800000 21277 0 1 99947 53 [],[491]
8.252833 46.900000 99498 0 1 99946 54 [],[68641]
8.267916 46.900000 86131 0 1 99945 55 [],[404]
8.288774 46.900000 33494 0 1 99944 56 [],[491]
8.292899 47.000000 69355 0 1 99943 57 [],[404]
8.341062 47.000000 1265 0 1 99942 58 [],[232]
8.369985 49.200000 76024 0 1 99941 59 [],[67705]
8.372241 49.200000 6225 0 1 99940 60 [],[4835]
8.375565 49.700000 51954 0 1 99939 61 [],[1265]
8.379488 49.700000 57620 0 1 99938 62 [],[493]
8.426512 50.100000 6496 0 1 99937 63 [],[379]
8.437845 50.200000 46401 0 1 99936 64 [],[1785]
8.458327 50.200000 2210 0 1 99935 65 [],[69058]
8.478296 52.700000 65991 0 1 99934 66 [],[232]
8.501682 52.700000 38335 0 1 99933 67 [],[404]
8.529206 53.000000 11988 0 1 99932 68 [],[379]
8.552501 53.700000 37628 0 1 99931 69 [],[232]
8.597264 54.200000 977 0 1 99930 70 [],[1963]
8.624137 55.700000 10104 0 1 99929 71 [],[379]
8.630706 55.900000 19966 0 1 99928 72 [],[1785]
8.638514 56.200000 18374 0 1 99927 73 [],[379]
8.649911 56.500000 11829 0 1 99926 74 [],[379]
8.679625 56.800000 87045 0 1 99925 75 [],[404]
8.718926 56.800000 393 0 1 99924 76 [],[54024]
8.734066 60.400000 1350 0 1 99923 77 [],[493]
8.739842 61.700000 38852 0 1 99922 78 [],[493]
8.758885 62.000000 8981 0 1 99921 79 [],[4835]
8.760500 63.000000 12809 0 1 99920 80 [],[1350]
8.763337 63.700000 27469 0 1 99919 81 [],[1265]
8.919148 64.100000 45958 0 1 99918 82 [],[232]
8.953194 64.100000 10399 0 1 99917 83 [],[404]
9.018085 64.400000 15154 0 1 99916 84 [],[404]
9.065832 64.600000 15147 0 1 99915 85 [],[84707]
9.106823 65.600000 66840 0 1 99914 86 [],[1350]
9.110401 65.700000 4084 0 1 99913 87 [],[7328]
9.116731 67.700000 21877 0 1 99912 88 [],[19966]
9.126752 67.900000 43325 0 1 99911 89 [],[7068]
9.136644 67.900000 39954 0 1 99910 90 [],[393]
9.166304 67.900000 42480 0 1 99909 91 [],[7586]
9.167726 67.900000 71544 0 1 99908 92 [],[4835]
9.183688 67.900000 17957 0 1 99907 93 [],[2210]
9.196516 68.100000 38560 0 1 99906 94 [],[1963]
9.213067 68.100000 41668 0 1 99905 95 [],[69775]
9.219167 68.200000 18921 0 1 99904 96 [],[54]
9.229892 68.200000 29592 0 1 99903 97 [],[19346]
9.252422 68.300000 21411 0 1 99902 98 [],[404]
9.261274 68.300000 77030 0 1 99901 99 [],[11988]
9.293219 68.400000 43553 0 1 99900 100 [],[33079]
9.305212 68.900000 31576 0 1 99899 101 [],[232]
9.323405 69.200000 7572 0 1 99898 102 [],[4084]
9.325901 71.000000 245 0 1 99897 103 [],[977]
9.369466 73.300000 42 0 1 99896 104 [],[54]
9.371290 92.600000 59156 0 1 99895 105 [],[404]
9.373949 92.600000 22938 0 1 99894 106 [],[379]
9.384586 92.800000 23643 0 1 99893 107 [],[43553]
9.387684 93.000000 15835 0 1 99892 108 [],[393]
9.389853 93.200000 20886 0 1 99891 109 [],[54322]
9.391443 93.700000 80615 0 1 99890 110 [],[404]
9.396126 93.700000 59176 0 1 99889 111 [],[57620]
9.401808 93.800000 63020 0 1 99888 112 [],[2210]
9.409567 94.000000 3169 0 1 99887 113 [],[379]
9.410796 96.100000 30246 0 1 99886 114 [],[42]
9.496693 96.400000 38589 0 1 99885 115 [],[42]
9.498682 96.400000 58455 0 1 99884 116 [],[1785]
9.516273 96.400000 12157 0 1 99883 117 [],[69355]
9.530179 96.800000 17847 0 1 99882 118 [],[42]
9.536615 97.000000 22122 0 1 99881 119 [],[42480]
9.549053 97.400000 62034 0 1 99880 120 [],[57620]
9.561678 97.400000 653 0 1 99879 121 [],[493]
9.572744 100.100000 2 0 1 99878 122 [],[404,4835]
9.577362 153.100000 99033 0 1 99877 123 [],[2]
9.580962 153.100000 20223 0 1 99876 124 [],[2]
9.581823 153.100000 73781 0 1 99875 125 [],[20828]
9.593634 153.200000 51120 0 1 99874 126 [],[404]
9.604318 153.200000 27 0 1 99873 127 [],[2]
9.615515 155.400000 6830 0 1 99872 128 [],[404]
9.616200 155.500000 16655 0 1 99871 129 [],[42]
9.633352 155.700000 41327 0 1 99870 130 [],[404]
9.636226 155.800000 14366 0 1 99869 131 [],[15147]
9.637634 156.100000 4817 0 1 99868 132 [],[1963]
9.637971 157.300000 31654 0 1 99867 133 [],[977]
9.645494 157.400000 55179 0 1 99866 134 [],[37628]
9.654959 157.600000 47640 0 1 99865 135 [],[1265]
9.656191 157.800000 9 0 1 99864 136 [],[54,2]
9.661155 197.200000 91457 0 1 99863 137 [],[393]
9.666068 197.200000 31529 0 1 99862 138 [],[2]
9.666074 197.200000 22885 0 1 99861 139 [],[1265]
9.676061 197.200000 47145 0 1 99860 140 [],[42]
9.691548 197.400000 1118 0 1 99859 141 [],[2]
9.715379 200.400000 24152 0 1 99858 142 [],[1785]
9.716561 200.500000 33804 0 1 99857 143 [],[9]
9.720883 200.600000 1589 0 1 99856 144 [],[232]
9.722331 201.400000 85877 0 1 99855 145 [],[4835]
9.723242 201.500000 3098 0 1 99854 146 [],[9]
9.725305 202.300000 78761 0 1 99853 147 [],[9]
9.733261 202.300000 21468 0 1 99852 148 [],[2]
9.753464 202.600000 62103 0 1 99851 149 [],[42]
9.775581 202.600000 3361 0 1 99850 150 [],[491]
9.783077 203.800000 23310 0 1 99849 151 [],[54]
9.785292 203.900000 15597 0 1 99848 152 [],[9]
9.787917 204.000000 7518 0 1 99847 153 [],[1589]
9.801668 204.100000 99830 0 1 99846 154 [],[9]
9.809583 204.100000 30 0 1 99845 155 [],[2]
9.809662 213.500000 16693 0 1 99844 156 [],[12809]
9.810324 214.000000 48 0 1 99843 157 [],[33804]
9.819504 216.400000 21752 0 1 99842 158 [],[20886]
9.823109 216.400000 445 0 1 99841 159 [],[2]
9.823170 218.000000 14345 0 1 99840 160 [],[7586]
9.829480 218.500000 56325 0 1 99839 161 [],[54322]
9.829932 218.500000 19449 0 1 99838 162 [],[9]
9.834595 218.900000 33342 0 1 99837 163 [],[393]
9.838555 219.100000 66924 0 1 99836 164 [],[9]
9.846535 219.100000 13 0 1 99835 165 [],[2,9]
9.847389 238.900000 47330 0 1 99834 166 [],[404]
9.858960 239.100000 17862 0 1 99833 167 [],[2]
9.859048 239.300000 64580 0 1 99832 168 [],[9]
9.860645 239.300000 9682 0 1 99831 169 [],[9]
9.877985 239.400000 10548 0 1 99830 170 [],[9]
9.879048 239.400000 2108 0 1 99829 171 [],[232]
9.882257 239.900000 98243 0 1 99828 172 [],[42]
9.886084 239.900000 73225 0 1 99827 173 [],[42]
9.886168 239.900000 35705 0 1 99826 174 [],[42]
9.890899 239.900000 10922 0 1 99825 175 [],[13]
9.902848 240.000000 4075 0 1 99824 176 [],[2210]
9.906408 240.800000 67376 0 1 99823 177 [],[40136]
9.906587 240.900000 19370 0 1 99822 178 [],[232]
9.909246 241.200000 5779 0 1 99821 179 [],[13]
9.910725 241.800000 27175 0 1 99820 180 [],[19449]
9.911454 241.900000 95707 0 1 99819 181 [],[4084]
9.916186 241.900000 1267 0 1 99818 182 [],[9]
9.919228 244.200000 43667 0 1 99817 183 [],[1267]
9.919592 244.200000 71855 0 1 99816 184 [],[2]
9.921515 244.200000 66211 0 1 99815 185 [],[14431]
9.923468 244.200000 3840 0 1 99814 186 [],[404]
9.925856 244.700000 39135 0 1 99813 187 [],[54]
9.926330 244.700000 35716 0 1 99812 188 [],[977]
9.930160 245.000000 26912 0 1 99811 189 [],[9]
9.933693 245.200000 12089 0 1 99810 190 [],[3169]
9.934286 245.200000 93675 0 1 99809 191 [],[9]
9.934901 245.200000 64007 0 1 99808 192 [],[5779]
9.939795 245.200000 3704 0 1 99807 193 [],[93925]
9.940193 246.700000 0 0 1 99806 194 [],[2,9,27,10399]
9.953563 290.600000 3584 0 1 99805 195 [],[42]
9.954508 290.900000 7521 0 1 99804 196 [],[404]
9.958624 291.300000 37712 0 1 99803 197 [],[3098]
9.960268 291.500000 720 0 1 99802 198 [],[9]
9.966891 294.800000 160 0 1 99801 199 [],[245,30]
9.971556 299.900000 440 0 1 99800 200 [],[65386]
9.976027 300.900000 3268 0 1 99799 201 [],[493]
9.976246 301.800000 64884 0 1 99798 202 [],[27175]
9.977398 302.000000 16343 0 1 99797 203 [],[30246]
9.982080 302.300000 7827 0 1 99796 204 [],[2]
9.986846 302.300000 461 0 1 99795 205 [],[48]
9.988595 303.300000 86050 0 1 99794 206 [],[0,6145]
9.994324 303.100000 61254 0 1 99793 207 [],[13]
9.995899 303.100000 93719 0 1 99792 208 [],[14431]
10.006268 303.100000 13978 0 1 99791 209 [],[0]
10.012116 303.800000 12625 0 1 99790 210 [],[9]
10.015429 304.300000 54177 0 1 99789 211 [],[15147]
10.023366 304.300000 87282 0 1 99788 212 [],[13]
10.028079 304.400000 70349 0 1 99787 213 [],[2210]
10.028508 304.400000 30211 0 1 99786 214 [],[19346]
10.040369 304.700000 4818 0 1 99785 215 [],[0]
10.044590 305.800000 16728 0 1 99784 216 [],[42]
10.047043 306.000000 95193 0 1 99783 217 [],[12625]
10.049173 306.000000 9031 0 1 99782 218 [],[54]
10.050384 306.300000 15252 0 1 99781 219 [],[2]
10.055078 306.400000 61007 0 1 99780 220 [],[0]
10.058421 306.400000 79590 0 1 99779 221 [],[17862]
10.061744 306.600000 31691 0 1 99778 222 [],[1267]
10.061935 306.800000 96571 0 1 99777 223 [],[15154]
10.063214 306.800000 2962 0 1 99776 224 [],[2]
10.064322 307.200000 51480 0 1 99775 225 [],[0]
10.064903 307.200000 23382 0 1 99774 226 [],[13]
10.066017 307.200000 79093 0 1 99773 227 [],[379]
10.066844 307.200000 82013 0 1 99772 228 [],[9031]
10.068463 307.200000 2930 0 1 99771 229 [],[160]
10.073380 307.400000 26671 0 1 99770 230 [],[160]
10.078684 307.500000 12896 0 1 99769 231 [],[9]
10.079598 307.800000 17494 0 1 99768 232 [],[2]
10.080054 308.800000 53761 0 1 99767 233 [],[160]
10.080153 309.300000 25591 0 1 99766 234 [],[2]
10.083298 309.500000 22345 0 1 99765 235 [],[2]
10.084146 309.600000 64266 0 1 99764 236 [],[6225]
10.100656 309.600000 28743 0 1 99763 237 [],[7572]
10.102802 309.600000 33615 0 1 99762 238 [],[43325]
10.104555 309.800000 10012 0 1 99761 239 [],[493]
10.107310 309.800000 77278 0 1 99760 240 [],[379]
10.109695 309.900000 9965 0 1 99759 241 [],[13]
10.110573 310.300000 25140 0 1 99758 242 [],[2077]
10.112341 310.400000 12225 0 1 99757 243 [],[9]
10.112346 310.400000 62265 0 1 99756 244 [],[245]
10.112378 310.600000 18625 0 1 99755 245 [],[13]
10.113095 310.700000 75177 0 1 99754 246 [],[1265]
10.113735 310.700000 34811 0 1 99753 247 [],[5779]
10.114009 310.700000 2226 0 1 99752 248 [],[9]
10.115750 313.000000 23683 0 1 99751 249 [],[2]
10.116110 313.200000 16334 0 1 99750 250 [],[48]
10.122619 313.500000 30031 0 1 99749 251 [],[2]
10.123257 313.700000 10025 0 1 99748 252 [],[42]
10.125826 314.400000 13437 0 1 99747 253 [],[42]
10.129751 314.700000 15766 0 1 99746 254 [],[42]
10.129783 314.900000 35425 0 1 99745 255 [],[2]
10.133985 314.900000 11 0 1 99744 256 [],[30,160,977]
10.139209 336.200000 75612 0 1 99743 257 [],[13]
10.140102 336.200000 58742 0 1 99742 258 [],[9]
10.142001 336.200000 120 0 1 99741 259 [],[11]
10.142049 339.600000 17 0 1 99740 260 [],[461,18921,2]
10.142418 375.700000 17489 0 1 99739 261 [],[10104]
10.143094 375.700000 95330 0 1 99738 262 [],[17]
10.143203 375.700000 26408 0 1 99737 263 [],[0]
10.144499 375.800000 82150 0 1 99736 264 [],[10025]
10.145460 375.800000 36138 0 1 99735 265 [],[17]
10.146304 375.900000 25818 0 1 99734 266 [],[22122]
10.149674 376.200000 7953 0 1 99733 267 [],[0,9]
10.155295 376.000000 40781 0 1 99732 268 [],[2]
10.155592 376.000000 391 0 1 99731 269 [],[26408]
10.160926 381.700000 75755 0 1 99730 270 [],[3169]
10.164413 381.700000 24971 0 1 99729 271 [],[17]
10.164531 381.700000 53973 0 1 99728 272 [],[38335]
10.164547 381.900000 13453 0 1 99727 273 [],[17]
10.166864 382.200000 13265 0 1 99726 274 [],[160]
10.167510 382.300000 29266 0 1 99725 275 [],[12625]
10.168305 382.400000 12215 0 1 99724 276 [],[36138]
10.173671 382.800000 35667 0 1 99723 277 [],[2]
10.174061 382.800000 55832 0 1 99722 278 [],[4818]
10.180626 382.900000 25772 0 1 99721 279 [],[3584]
10.180651 383.900000 62115 0 1 99720 280 [],[0]
10.182140 384.000000 8711 0 1 99719 281 [],[17]
10.182997 384.800000 93694 0 1 99718 282 [],[42]
10.183990 384.800000 74264 0 1 99717 283 [],[9]
10.186485 384.800000 3793 0 1 99716 284 [],[9]
10.186972 385.300000 80436 0 1 99715 285 [],[54]
10.187496 385.300000 23224 0 1 99714 286 [],[17]
10.188798 385.400000 71527 0 1 99713 287 [],[9]
10.190058 385.500000 25469 0 1 99712 288 [],[2]
10.191702 385.700000 62887 0 1 99711 289 [],[0]
10.198180 385.700000 92943 0 1 99710 290 [],[15835]
10.200599 385.700000 6988 0 1 99709 291 [],[493]
10.200624 385.900000 54309 0 1 99708 292 [],[2]
10.201208 386.000000 8188 0 1 99707 293 [],[11]
10.203921 386.100000 30403 0 1 99706 294 [],[2210]
10.205509 386.400000 146 0 1 99705 295 [],[9]
10.205728 391.000000 3278 0 1 99704 296 [],[27]
10.212604 391.800000 71134 0 1 99703 297 [],[11]
10.215683 391.800000 3029 0 1 99702 298 [],[1118]
10.216026 393.000000 99348 0 1 99701 299 [],[11]
10.220831 393.000000 3005 0 1 99700 300 [],[2]
10.221066 394.600000 6491 0 1 99699 301 [],[42]
10.222692 395.600000 109 0 1 99698 302 [],[59176,48]
10.225771 405.800000 36452 0 1 99697 303 [],[404]
10.226283 406.000000 22809 0 1 99696 304 [],[2210]
10.229613 406.200000 34734 0 1 99695 305 [],[2]
10.229787 406.400000 96239 0 1 99694 306 [],[0]
10.231151 406.400000 98875 0 1 99693 307 [],[59176]
10.231399 406.400000 27301 0 1 99692 308 [],[10339]
10.232588 406.600000 2313 0 1 99691 309 [],[9]
10.233548 407.600000 52146 0 1 99690 310 [],[2]
10.235920 407.700000 26300 0 1 99689 311 [],[2]
10.236333 407.700000 49666 0 1 99688 312 [],[43553]
10.239363 407.700000 80027 0 1 99687 313 [],[42]
10.239424 407.800000 65839 0 1 99686 314 [],[13,43553]
10.240317 407.700000 26240 0 1 99685 315 [],[9]
10.241457 407.800000 31230 0 1 99684 316 [],[2]
10.242409 407.800000 77585 0 1 99683 317 [],[120]
10.248177 407.800000 13428 0 1 99682 318 [],[17]
10.248985 407.800000 15521 0 1 99681 319 [],[15597]
10.250871 409.000000 7179 0 1 99680 320 [],[232]
10.251000 409.100000 35128 0 1 99679 321 [],[13]
10.252588 409.400000 17682 0 1 99678 322 [],[146]
10.253216 409.500000 210 0 1 99677 323 [],[95707,17]
10.253512 413.200000 71931 0 1 99676 324 [],[13]
10.254116 413.300000 71719 0 1 99675 325 [],[13]
10.255477 413.300000 38854 0 1 99674 326 [],[11]
10.259481 413.300000 5005 0 1 99673 327 [],[0]
10.261220 414.100000 35665 0 1 99672 328 [],[9031]
10.261234 414.200000 150 0 1 99671 329 [],[39135]
10.261743 424.500000 16312 0 1 99670 330 [],[493]
10.263682 424.600000 27253 0 1 99669 331 [],[22122]
10.264452 424.800000 4469 0 1 99668 332 [],[11]
10.265794 426.100000 4473 0 1 99667 333 [],[42]
10.266380 426.500000 53806 0 1 99666 334 [],[17]
10.268753 426.500000 1696 0 1 99665 335 [],[11]
10.274099 427.500000 1483 0 1 99664 336 [],[7179]
10.278907 429.800000 74731 0 1 99663 337 [],[30]
10.288020 429.800000 316 0 1 99662 338 [],[2]
10.292711 432.300000 36448 0 1 99661 339 [],[2]
10.306748 432.300000 56412 0 1 99660 340 [],[0]
10.306970 432.400000 73714 0 1 99659 341 [],[6491]
10.309907 432.400000 23051 0 1 99658 342 [],[0]
10.312974 432.500000 11597 0 1 99657 343 [],[0]
10.313213 432.600000 26682 0 1 99656 344 [],[11829]
10.316204 432.600000 68977 0 1 99655 345 [],[160]
10.317690 432.600000 192 0 1 99654 346 [],[3704]
10.317791 441.800000 5690 0 1 99653 347 [],[2]
10.318098 441.900000 1719 0 1 99652 348 [],[0]
10.322032 443.700000 470 0 1 99651 349 [],[245]
10.331563 445.700000 72323 0 1 99650 350 [],[4818]
10.331656 445.700000 6430 0 1 99649 351 [],[17]
10.332282 446.100000 37834 0 1 99648 352 [],[42]
10.332978 446.300000 135 0 1 99647 353 [],[493]
10.333650 457.500000 17361 0 1 99646 354 [],[64007,2226]
10.338515 458.500000 77602 0 1 99645 355 [],[13]
10.338768 458.500000 94451 0 1 99644 356 [],[11]
10.339060 458.500000 82772 0 1 99643 357 [],[977]
10.339687 458.500000 36892 0 1 99642 358 [],[192]
10.343664 458.600000 1931 0 1 99641 359 [],[2]
10.349385 460.000000 37144 0 1 99640 360 [],[3098]
10.351452 460.000000 15947 0 1 99639 361 [],[4084]
10.355143 460.100000 71565 0 1 99638 362 [],[0]
10.355215 460.100000 65058 0 1 99637 363 [],[109]
10.357431 460.100000 41985 0 1 99636 364 [],[135]
10.357940 460.200000 25151 0 1 99635 365 [],[13]
10.361479 460.300000 48258 0 1 99634 366 [],[720]
10.362114 460.400000 141 0 1 99633 367 [],[42]
10.363118 465.800000 90514 0 1 99632 368 [],[42]
10.367522 465.800000 51302 0 1 99631 369 [],[8981]
10.367524 465.900000 790 0 1 99630 370 [],[4818]
10.368625 469.000000 46024 0 1 99629 371 [],[491]
10.369620 469.200000 41893 0 1 99628 372 [],[109]
10.370105 469.200000 7807 0 1 99627 373 [],[445]
10.375596 471.100000 92247 0 1 99626 374 [],[67705]
10.376363 471.100000 17511 0 1 99625 375 [],[2]
10.376693 471.200000 88522 0 1 99624 376 [],[13]
10.379811 471.300000 691 0 1 99623 377 [],[17]
10.381026 479.000000 61850 0 1 99622 378 [],[135]
10.381843 479.000000 800 0 1 99621 379 [],[13]
10.381910 479.800000 33904 0 1 99620 380 [],[3029]
10.383414 480.400000 29259 0 1 99619 381 [],[2]
10.384421 480.600000 14966 0 1 99618 382 [],[404]
10.385590 481.000000 3091 0 1 99617 383 [],[245]
10.386131 482.100000 60717 0 1 99616 384 [],[210,36452]
10.393410 481.900000 10465 0 1 99615 385 [],[232]
10.393848 482.200000 80082 0 1 99614 386 [],[30]
10.395313 482.200000 1967 0 1 99613 387 [],[2,13]
10.395505 483.100000 12691 0 1 99612 388 [],[8981]
10.395693 483.300000 60322 0 1 99611 389 [],[48638]
10.397637 483.300000 53524 0 1 99610 390 [],[391]
10.398108 483.500000 4494 0 1 99609 391 [],[0]
10.402026 485.500000 52448 0 1 99608 392 [],[790]
10.402273 485.600000 7988 0 1 99607 393 [],[160]
10.402516 486.500000 5206 0 1 99606 394 [],[80027]
10.402844 488.200000 28377 0 1 99605 395 [],[2226]
10.407494 488.200000 28042 0 1 99604 396 [],[30]
10.408025 488.200000 62588 0 1 99603 397 [],[3005,15835]
10.408805 488.000000 62027 0 1 99602 398 [],[17]
10.409989 488.200000 85345 0 1 99601 399 [],[135]
10.410131 488.200000 629 0 1 99600 400 [],[141]
10.411053 488.700000 14852 0 1 99599 401 [],[192]
10.412350 488.800000 9843 0 1 99598 402 [],[17]
10.413032 489.500000 19946 0 1 99597 403 [],[192]
10.415243 489.900000 3379 0 1 99596 404 [],[11]
10.416592 490.300000 3026 0 1 99595 405 [],[146]
10.419260 490.600000 11041 0 1 99594 406 [],[9]
10.420603 491.400000 14837 0 1 99593 407 [],[17]
10.422031 492.100000 99820 0 1 99592 408 [],[71527]
10.422051 492.100000 36517 0 1 99591 409 [],[9]
10.423569 492.100000 1746 0 1 99590 410 [],[0]
10.425717 495.000000 39570 0 1 99589 411 [],[17361]
10.426695 495.100000 91460 0 1 99588 412 [],[16693,30031]
10.428953 494.900000 88582 0 1 99587 413 [],[691]
10.432750 494.900000 1761 0 1 99586 414 [],[6988]
10.433041 496.500000 858 0 1 99585 415 [],[17]
10.433097 497.100000 1268 0 1 99584 416 [],[1118]
10.435159 500.900000 39719 0 1 99583 417 [],[3793]
10.437181 500.900000 189 0 1 99582 418 [],[2]
10.438347 503.900000 3364 0 1 99581 419 [],[109]
10.438548 505.100000 67869 0 1 99580 420 [],[2]
10.441350 505.200000 30324 0 1 99579 421 [],[17]
10.442523 505.200000 23967 0 1 99578 422 [],[13]
10.442558 505.300000 15514 0 1 99577 423 [],[109]
10.443344 506.200000 8 0 1 99576 424 [],[109,391,3793]
10.444579 551.600000 19151 0 1 99575 425 [],[10025]
10.445212 551.600000 45492 0 1 99574 426 [],[15521]
10.446721 551.700000 9183 0 1 99573 427 [],[109]
10.447934 551.900000 1245 0 1 99572 428 [],[8]
10.449902 552.100000 69820 0 1 99571 429 [],[56412]
10.450212 552.100000 20932 0 1 99570 430 [],[8]
10.453147 552.500000 48845 0 1 99569 431 [],[2]
10.454926 552.600000 14112 0 1 99568 432 [],[8]
10.457630 553.300000 25663 0 1 99567 433 [],[2]
10.459772 553.300000 225 0 1 99566 434 [],[36892]
10.462053 559.900000 39647 0 1 99565 435 [],[2]
10.463197 559.900000 74966 0 1 99564 436 [],[491]
10.465791 559.900000 7100 0 1 99563 437 [],[691]
10.466780 560.100000 28287 0 1 99562 438 [],[8]
10.472233 560.200000 94182 0 1 99561 439 [],[0]
10.473398 560.200000 3077 0 1 99560 440 [],[2210]
10.477171 560.600000 24865 0 1 99559 441 [],[0]
10.479330 560.600000 2676 0 1 99558 442 [],[17]
10.479567 562.700000 71622 0 1 99557 443 [],[17]
10.479714 562.700000 21119 0 1 99556 444 [],[1268]
10.480388 563.100000 1409 0 1 99555 445 [],[9]
10.480563 565.900000 290 0 1 99554 446 [],[8]
10.480573 570.800000 17163 0 1 99553 447 [],[19966,2]
10.481842 571.400000 18419 0 1 99552 448 [],[8]
10.482968 571.700000 51968 0 1 99551 449 [],[393]
10.484988 571.800000 2844 0 1 99550 450 [],[391]
10.487280 573.800000 34 0 1 99549 451 [],[48,9]
10.489618 580.200000 24901 0 1 99548 452 [],[13]
10.491751 580.400000 1067 0 1 99547 453 [],[0]
10.491776 585.000000 39011 0 1 99546 454 [],[146]
10.493620 585.000000 124 0 1 99545 455 [],[30]
10.495428 594.000000 78265 0 1 99544 456 [],[17]
10.496252 594.000000 51386 0 1 99543 457 [],[0]
10.498294 594.200000 23412 0 1 99542 458 [],[653]
10.498619 594.500000 37452 0 1 99541 459 [],[9]
10.499698 594.600000 3464 0 1 99540 460 [],[17]
10.500441 595.100000 77686 0 1 99539 461 [],[2]
10.502494 595.100000 74289 0 1 99538 462 [],[42]
10.503477 595.100000 81107 0 1 99537 463 [],[17]
10.504058 595.100000 17148 0 1 99536 464 [],[17]
10.505097 595.100000 37657 0 1 99535 465 [],[109]
10.505934 595.400000 6435 0 1 99534 466 [],[316]
10.511279 595.600000 9250 0 1 99533 467 [],[8]
10.513904 595.800000 63808 0 1 99532 468 [],[379]
10.517366 595.800000 8152 0 1 99531 469 [],[13]
10.519170 596.500000 16454 0 1 99530 470 [],[17]
10.520501 596.600000 62997 0 1 99529 471 [],[160]
10.523360 596.600000 86415 0 1 99528 472 [],[160]
10.525550 596.600000 7442 0 1 99527 473 [],[9960]
10.525858 597.000000 88757 0 1 99526 474 [],[35716]
10.526214 597.000000 19153 0 1 99525 475 [],[8]
10.526640 597.000000 26062 0 1 99524 476 [],[192]
10.526824 597.300000 22819 0 1 99523 477 [],[27]
10.527248 597.300000 26535 0 1 99522 478 [],[17]
10.530990 597.300000 53738 0 1 99521 479 [],[0]
10.531888 597.500000 26840 0 1 99520 480 [],[27]
10.533629 597.800000 93940 0 1 99519 481 [],[79590]
10.540735 597.800000 50919 0 1 99518 482 [],[2]
10.541384 598.100000 82605 0 1 99517 483 [],[7807]
10.541695 598.100000 333 0 1 99516 484 [],[1931,54]
10.543303 608.300000 96904 0 1 99515 485 [],[124]
10.543501 608.300000 3942 0 1 99514 486 [],[2210]
10.543915 610.000000 67689 0 1 99513 487 [],[109]
10.543978 610.000000 82935 0 1 99512 488 [],[4075]
10.549461 610.000000 47077 0 1 99511 489 [],[9]
10.550155 610.200000 45629 0 1 99510 490 [],[20828]
10.552674 610.300000 25064 0 1 99509 491 [],[9]
10.553220 610.800000 3415 0 1 99508 492 [],[9]
10.553344 611.500000 4821 0 1 99507 493 [],[141]
10.556668 613.800000 6640 0 1 99506 494 [],[10548,8]
10.560869 614.100000 94930 0 1 99505 495 [],[7807]
10.564332 614.100000 85890 0 1 99504 496 [],[17]
10.566182 614.100000 19672 0 1 99503 497 [],[109]
10.568495 614.100000 50941 0 1 99502 498 [],[379]
10.570133 614.200000 396 0 1 99501 499 [],[8]
10.570144 618.500000 510 0 1 99500 500 [],[404]
10.572448 618.800000 95055 0 1 99499 501 [],[2]
10.574488 618.800000 53254 0 1 99498 502 [],[109]
10.575142 618.800000 64556 0 1 99497 503 [],[0]
10.576483 618.800000 94164 0 1 99496 504 [],[7807]
10.576549 618.800000 2063 0 1 99495 505 [],[333]
10.577756 619.000000 83 0 1 99494 506 [],[13]
10.579953 624.700000 13961 0 1 99493 507 [],[2676]
10.581171 625.100000 72489 0 1 99492 508 [],[9750]
10.581991 625.100000 68292 0 1 99491 509 [],[396]
10.582398 625.100000 52139 0 1 99490 510 [],[333]
10.586189 625.200000 4320 0 1 99489 511 [],[2676]
10.586957 626.800000 82270 0 1 99488 512 [],[2]
10.588278 626.800000 89528 0 1 99487 513 [],[2226]
10.594645 626.800000 6974 0 1 99486 514 [],[17]
10.595983 627.100000 3645 0 1 99485 515 [],[2]
10.599819 628.200000 52677 0 1 99484 516 [],[9]
10.602802 628.500000 21078 0 1 99483 517 [],[4494]
10.604107 628.500000 15556 0 1 99482 518 [],[17]
10.605065 628.600000 69942 0 1 99481 519 [],[8]
10.606268 628.600000 6211 0 1 99480 520 [],[1118]
10.607199 629.700000 3625 0 1 99479 521 [],[11]
10.608457 630.200000 87353 0 1 99478 522 [],[225]
10.609620 630.300000 4370 0 1 99477 523 [],[52146,192]
10.611077 630.600000 42077 0 1 99476 524 [],[17]
10.611104 630.600000 6358 0 1 99475 525 [],[24152]
10.611977 631.800000 19461 0 1 99474 526 [],[9]
10.615521 632.200000 10609 0 1 99473 527 [],[333]
10.617254 632.200000 16525 0 1 99472 528 [],[8]
10.618864 632.300000 20505 0 1 99471 529 [],[232]
10.620879 632.900000 87875 0 1 99470 530 [],[8]
10.627059 632.900000 16000 0 1 99469 531 [],[7328]
10.629036 633.100000 2064 0 1 99468 532 [],[17,691]
10.638979 633.300000 2177 0 1 99467 533 [],[83]
10.644215 634.100000 5046 0 1 99466 534 [],[3584]
10.644225 636.000000 35939 0 1 99465 535 [],[9]
10.645300 636.000000 893 0 1 99464 536 [],[8]
10.645494 636.000000 24566 0 1 99463 537 [],[7988]
10.646574 636.300000 2404 0 1 99462 538 [],[83]
10.648990 636.400000 60404 0 1 99461 539 [],[8]
10.649867 636.500000 57283 0 1 99460 540 [],[1409]
10.650096 636.500000 1964 0 1 99459 541 [],[1118]
10.653952 636.900000 62901 0 1 99458 542 [],[42]
10.654478 637.000000 65573 0 1 99457 543 [],[7572]
10.657455 637.000000 8394 0 1 99456 544 [],[91457,109]
10.658561 637.500000 298 0 1 99455 545 [],[192]
10.659285 640.900000 31530 0 1 99454 546 [],[2]
10.660272 640.900000 62397 0 1 99453 547 [],[1118]
10.661076 641.000000 38169 0 1 99452 548 [],[160]
10.661369 641.000000 60667 0 1 99451 549 [],[1265]
10.663759 641.100000 67956 0 1 99450 550 [],[35665]
10.668965 641.100000 1764 0 1 99449 551 [],[333,491]
10.671431 642.700000 37804 0 1 99448 552 [],[26240]
10.672428 642.700000 55 0 1 99447 553 [],[440,8]
10.673343 652.200000 18746 0 1 99446 554 [],[0,333]
10.674445 652.800000 21340 0 1 99445 555 [],[0,83]
10.676227 652.700000 97527 0 1 99444 556 [],[9]
10.676860 652.700000 7 0 1 99443 557 [],[8,17,34,83,124,12215,35667,40781,0]
10.677295 717.300000 39839 0 1 99442 558 [],[7068]
10.677650 717.400000 34668 0 1 99441 559 [],[7]
10.678450 717.400000 4881 0 1 99440 560 [],[135]
10.679921 718.000000 133 0 1 99439 561 [],[790]
10.680789 724.500000 13574 0 1 99438 562 [],[124]
10.681721 724.700000 2230 0 1 99437 563 [],[3379]
10.683780 726.600000 79579 0 1 99436 564 [],[30]
10.685245 726.600000 166 0 1 99435 565 [],[21078,124]
10.685310 733.800000 73240 0 1 99434 566 [],[120]
10.686011 733.800000 72521 0 1 99433 567 [],[17]
10.686633 733.800000 18507 0 1 99432 568 [],[30]
10.686844 733.900000 70243 0 1 99431 569 [],[2]
10.687813 734.000000 7200 0 1 99430 570 [],[8]
10.690910 734.300000 11532 0 1 99429 571 [],[141]
10.692804 734.500000 5520 0 1 99428 572 [],[41893]
10.695756 735.600000 7052 0 1 99427 573 [],[3005]
10.697218 736.200000 30630 0 1 99426 574 [],[2]
10.698475 736.300000 16004 0 1 99425 575 [],[0]
10.699137 736.300000 543 0 1 99424 576 [],[1746,0]
10.700403 737.200000 62434 0 1 99423 577 [],[379]
10.700724 737.200000 98334 0 1 99422 578 [],[0]
10.700933 737.200000 85301 0 1 99421 579 [],[1746]
10.700990 737.200000 8061 0 1 99420 580 [],[790]
10.703907 737.800000 71129 0 1 99419 581 [],[37628]
10.703924 737.900000 14832 0 1 99418 582 [],[333]
10.705659 738.500000 38858 0 1 99417 583 [],[691]
10.705790 738.700000 46 0 1 99416 584 [],[2210,77686,2]
10.706029 748.200000 6926 0 1 99415 585 [],[135,290]
10.706234 748.500000 9098 0 1 99414 586 [],[333]
10.706367 748.700000 81179 0 1 99413 587 [],[35128]
10.711461 748.700000 6615 0 1 99412 588 [],[31230,7]
10.713086 749.700000 352 0 1 99411 589 [],[8]
10.713933 755.700000 56600 0 1 99410 590 [],[1268]
10.719341 755.800000 3564 0 1 99409 591 [],[2]
10.719560 758.000000 19168 0 1 99408 592 [],[83]
10.720520 758.000000 84862 0 1 99407 593 [],[9]
10.722086 758.000000 46981 0 1 99406 594 [],[39839]
10.722331 758.100000 4411 0 1 99405 595 [],[1764]
10.722465 758.700000 13914 0 1 99404 596 [],[9]
10.723208 758.800000 43777 0 1 99403 597 [],[13]
10.723710 758.800000 951 0 1 99402 598 [],[7]
10.726223 759.900000 88576 0 1 99401 599 [],[9]
10.729876 759.900000 472 0 1 99400 600 [],[396]
10.730186 760.500000 11936 0 1 99399 601 [],[8]
10.733736 760.900000 26628 0 1 99398 602 [],[17]
10.737356 761.000000 37946 0 1 99397 603 [],[17]
10.739310 761.000000 27323 0 1 99396 604 [],[133]
10.739670 761.000000 4873 0 1 99395 605 [],[11]
10.740645 762.100000 48885 0 1 99394 606 [],[8]
10.740657 762.200000 36762 0 1 99393 607 [],[141]
10.741936 762.400000 16827 0 1 99392 608 [],[393]
10.743005 762.400000 19915 0 1 99391 609 [],[124]
10.743310 762.600000 3393 0 1 99390 610 [],[192]
10.743314 762.800000 77218 0 1 99389 611 [],[7]
10.744311 762.800000 41509 0 1 99388 612 [],[4469]
10.745294 763.200000 56651 0 1 99387 613 [],[333]
10.745645 763.200000 4208 0 1 99386 614 [],[135]
10.746272 764.300000 12375 0 1 99385 615 [],[379]
10.748235 764.700000 65619 0 1 99384 616 [],[94451]
10.748334 764.800000 83707 0 1 99383 617 [],[46]
10.752212 764.800000 20482 0 1 99382 618 [],[17]
10.752605 764.800000 27585 0 1 99381 619 [],[13]
10.754620 765.000000 3765 0 1 99380 620 [],[0]
10.755059 765.200000 16628 0 1 99379 621 [],[9]
10.755924 765.500000 63157 0 1 99378 622 [],[42]
10.756835 765.500000 21200 0 1 99377 623 [],[9]
10.759673 765.800000 5038 0 1 99376 624 [],[10465,232]
10.759866 767.900000 8969 0 1 99375 625 [],[0]
10.759987 768.200000 46189 0 1 99374 626 [],[33342]
10.762824 768.500000 52015 0 1 99373 627 [],[94182]
10.764994 768.600000 73255 0 1 99372 628 [],[13]
10.765108 768.600000 3007 0 1 99371 629 [],[8]
10.767253 769.100000 16 0 1 99370 630 [],[8]
10.767422 774.300000 89218 0 1 99369 631 [],[1268]
10.768894 774.300000 31132 0 1 99368 632 [],[3942]
10.769133 774.400000 32506 0 1 99367 633 [],[166]
10.769848 774.500000 3101 0 1 99366 634 [],[8]
10.771323 774.800000 62633 0 1 99365 635 [],[4208]
10.772857 774.900000 1315 0 1 99364 636 [],[1761]
10.779506 775.300000 60730 0 1 99363 637 [],[17]
10.782922 775.300000 17841 0 1 99362 638 [],[2]
10.783327 776.100000 30174 0 1 99361 639 [],[17]
10.785990 776.500000 45982 0 1 99360 640 [],[290]
10.788338 776.800000 2490 0 1 99359 641 [],[1067]
10.788831 777.400000 13112 0 1 99358 642 [],[13453]
10.789447 777.700000 32780 0 1 99357 643 [],[1350]
10.790215 778.000000 1958 0 1 99356 644 [],[290]
10.790266 779.700000 19308 0 1 99355 645 [],[0]
10.790849 779.700000 1436 0 1 99354 646 [],[0]
10.790863 781.000000 65 0 1 99353 647 [],[93694,7]
10.791624 791.100000 16620 0 1 99352 648 [],[42]
10.794125 791.100000 13474 0 1 99351 649 [],[7]
10.794928 791.400000 34612 0 1 99350 650 [],[15766]
10.799663 791.400000 56 0 1 99349 651 [],[135,192]
10.799696 806.400000 12731 0 1 99348 652 [],[55]
10.801700 807.100000 34431 0 1 99347 653 [],[2]
10.803655 807.200000 91977 0 1 99346 654 [],[38858]
10.805146 807.200000 73816 0 1 99345 655 [],[0]
10.805918 807.200000 52867 0 1 99344 656 [],[9]
10.811120 807.300000 624 0 1 99343 657 [],[0]
10.812108 811.100000 97241 0 1 99342 658 [],[0]
10.813392 811.100000 21408 0 1 99341 659 [],[8]
10.814092 811.600000 10553 0 1 99340 660 [],[2]
10.814099 811.600000 70887 0 1 99339 661 [],[8]
10.815609 811.800000 32995 0 1 99338 662 [],[0,7]
10.815854 811.700000 71982 0 1 99337 663 [],[1067]
10.820967 811.700000 13586 0 1 99336 664 [],[7]
10.821365 812.100000 28759 0 1 99335 665 [],[2844]
10.822454 812.300000 45677 0 1 99334 666 [],[4821]
10.824049 812.300000 21566 0 1 99333 667 [],[12157]
10.824417 812.900000 49652 0 1 99332 668 [],[7]
10.827518 812.900000 34030 0 1 99331 669 [],[7]
10.828770 812.900000 17072 0 1 99330 670 [],[82772]
10.829202 814.000000 5645 0 1 99329 671 [],[9]
10.829440 815.000000 2983 0 1 99328 672 [],[141]
10.830776 816.500000 59956 0 1 99327 673 [],[1483]
10.831180 816.500000 72155 0 1 99326 674 [],[124]
10.831398 816.500000 41203 0 1 99325 675 [],[333]
10.832332 816.700000 97 0 1 99324 676 [],[133,0,2]
10.832906 817.500000 23988 0 1 99323 677 [],[42]
10.834754 817.600000 76309 0 1 99322 678 [],[15521]
10.834940 817.700000 65036 0 1 99321 679 [],[55]
10.839026 817.700000 28062 0 1 99320 680 [],[225]
10.840202 818.100000 19125 0 1 99319 681 [],[245]
10.841246 818.300000 77494 0 1 99318 682 [],[245]
10.841319 818.300000 68067 0 1 99317 683 [],[8]
10.842363 818.300000 72949 0 1 99316 684 [],[5520]
10.842668 818.300000 1631 0 1 99315 685 [],[0,166]
10.844943 818.600000 57339 0 1 99314 686 [],[9]
10.846031 818.600000 65217 0 1 99313 687 [],[1436]
10.846100 818.600000 1081 0 1 99312 688 [],[42]
10.847385 821.100000 152 0 1 99311 689 [],[189,470,1483,7]
10.849206 838.900000 40909 0 1 99310 690 [],[1785]
10.852433 838.900000 60998 0 1 99309 691 [],[13978]
10.853879 838.900000 23751 0 1 99308 692 [],[65]
10.855282 839.300000 89266 0 1 99307 693 [],[7988]
10.855554 839.300000 1040 0 1 99306 694 [],[8,150]
10.856005 840.400000 3763 0 1 99305 695 [],[19346,38589]
10.862610 841.500000 70618 0 1 99304 696 [],[53524]
10.862638 841.500000 61796 0 1 99303 697 [],[7]
10.863739 841.500000 35376 0 1 99302 698 [],[65]
10.866795 841.500000 29530 0 1 99301 699 [],[858,18746]
10.867088 842.200000 86874 0 1 99300 700 [],[60404]
10.867206 842.200000 47309 0 1 99299 701 [],[11]
10.867420 842.300000 4990 0 1 99298 702 [],[951]
10.867944 842.400000 9637 0 1 99297 703 [],[1081,3840]
10.869871 842.900000 12321 0 1 99296 704 [],[1409]
10.870367 843.300000 58401 0 1 99295 705 [],[396]
10.873377 843.300000 25994 0 1 99294 706 [],[396]
10.873643 843.600000 15044 0 1 99293 707 [],[1040]
10.873856 843.600000 29480 0 1 99292 708 [],[2]
10.874626 843.800000 46023 0 1 99291 709 [],[192]
10.876994 843.800000 7606 0 1 99290 710 [],[0]
10.878804 846.700000 5551 0 1 99289 711 [],[1931]
10.884424 848.200000 63121 0 1 99288 712 [],[34]
10.885843 848.200000 73418 0 1 99287 713 [],[0]
10.888015 848.200000 9640 0 1 99286 714 [],[9]
10.891718 848.300000 5119 0 1 99285 715 [],[65]
10.892154 849.000000 683 0 1 99284 716 [],[56]
10.894029 850.500000 39813 0 1 99283 717 [],[29259]
10.895213 850.700000 8168 0 1 99282 718 [],[0]
10.895882 851.400000 94232 0 1 99281 719 [],[15514]
10.900183 851.400000 364 0 1 99280 720 [],[17]
10.900597 855.400000 6177 0 1 99279 721 [],[22938]
10.901976 857.000000 36291 0 1 99278 722 [],[1436]
10.902210 857.100000 4287 0 1 99277 723 [],[28062]
10.905740 858.400000 75914 0 1 99276 724 [],[189]
10.906469 858.400000 78311 0 1 99275 725 [],[30]
10.908708 858.500000 10897 0 1 99274 726 [],[16]
10.909415 858.600000 77555 0 1 99273 727 [],[3005]
10.910150 858.600000 37573 0 1 99272 728 [],[36762]
10.911936 858.600000 17078 0 1 99271 729 [],[56]
10.911940 858.900000 846 0 1 99270 730 [],[691]
10.911954 859.500000 69433 0 1 99269 731 [],[5551]
10.912901 859.600000 59607 0 1 99268 732 [],[1067]
10.912946 859.700000 5218 0 1 99267 733 [],[42]
10.913842 860.400000 28767 0 1 99266 734 [],[9]
10.914347 860.700000 20270 0 1 99265 735 [],[1785]
10.918883 860.800000 40795 0 1 99264 736 [],[150]
10.919018 860.800000 35673 0 1 99263 737 [],[6435]
10.919372 861.100000 2014 0 1 99262 738 [],[8,232]
10.921545 862.400000 63511 0 1 99261 739 [],[150]
10.921984 862.400000 87462 0 1 99260 740 [],[9]
10.923084 862.400000 15160 0 1 99259 741 [],[7606]
10.923511 862.500000 2592 0 1 99258 742 [],[55]
10.926249 863.400000 27491 0 1 99257 743 [],[66924]
10.926687 863.800000 33635 0 1 99256 744 [],[16]
10.926771 863.800000 9152 0 1 99255 745 [],[2962]
10.926804 863.800000 55070 0 1 99254 746 [],[63157,352]
10.928149 864.000000 6332 0 1 99253 747 [],[46]
10.928196 865.300000 2414 0 1 99252 748 [],[8]
10.934071 867.700000 2292 0 1 99251 749 [],[2,56]
10.934080 869.700000 45662 0 1 99250 750 [],[17163]
10.934574 869.700000 49366 0 1 99249 751 [],[1265]
10.934746 869.700000 77074 0 1 99248 752 [],[0]
10.936135 869.700000 1041 0 1 99247 753 [],[2]
10.937743 871.800000 51991 0 1 99246 754 [],[189]
10.940306 871.800000 5631 0 1 99245 755 [],[18374,0]
10.940365 873.000000 4750 0 1 99244 756 [],[150]
10.941345 873.800000 5452 0 1 99243 757 [],[4084]
10.942399 874.100000 14147 0 1 99242 758 [],[7]
10.943008 874.600000 16444 0 1 99241 759 [],[135]
10.943186 874.700000 41285 0 1 99240 760 [],[135]
10.943201 874.800000 3691 0 1 99239 761 [],[0]
10.948515 874.900000 9847 0 1 99238 762 [],[846]
10.949054 875.300000 2399 0 1 99237 763 [],[0]
10.949847 876.400000 6208 0 1 99236 764 [],[7]
10.951158 876.700000 5704 0 1 99235 765 [],[624,3704]
10.952099 876.700000 616 0 1 99234 766 [],[2177,7]
10.952563 877.800000 60989 0 1 99233 767 [],[8]
10.952797 877.800000 12079 0 1 99232 768 [],[470]
10.953446 878.100000 769 0 1 99231 769 [],[160]
10.953990 884.200000 1713 0 1 99230 770 [],[9]
10.954876 885.500000 14806 0 1 99229 771 [],[11]
10.954918 885.700000 16455 0 1 99228 772 [],[120]
10.955442 885.800000 5730 0 1 99227 773 [],[192]
10.957499 886.300000 65456 0 1 99226 774 [],[17]
10.957515 886.300000 46248 0 1 99225 775 [],[23412]
10.958409 886.300000 36450 0 1 99224 776 [],[461]
10.958701 886.500000 70356 0 1 99223 777 [],[135]
10.961508 886.500000 32556 0 1 99222 778 [],[769]
10.961744 886.900000 28260 0 1 99221 779 [],[440]
10.963070 887.000000 45358 0 1 99220 780 [],[56]
10.964505 887.200000 32562 0 1 99219 781 [],[769]
10.964607 887.900000 17196 0 1 99218 782 [],[7]
10.964872 888.400000 68222 0 1 99217 783 [],[8]
10.965551 888.600000 57394 0 1 99216 784 [],[232]
10.966465 888.700000 80339 0 1 99215 785 [],[11]
10.967891 888.700000 74642 0 1 99214 786 [],[17]
10.968017 888.800000 60962 0 1 99213 787 [],[8]
10.970271 888.900000 46649 0 1 99212 788 [],[48]
10.970439 889.000000 59896 0 1 99211 789 [],[8]
10.970710 889.000000 179 0 1 99210 790 [],[769,2]
10.972440 890.500000 58242 0 1 99209 791 [],[124]
10.974084 890.500000 71575 0 1 99208 792 [],[42]
10.974216 890.500000 92448 0 1 99207 793 [],[1761]
10.976861 890.500000 12567 0 1 99206 794 [],[1067]
10.978773 890.500000 13468 0 1 99205 795 [],[42]
10.981514 891.100000 17781 0 1 99204 796 [],[4370]
10.984377 891.300000 8402 0 1 99203 797 [],[7,55]
10.985963 891.700000 53929 0 1 99202 798 [],[7]
10.986366 892.400000 18556 0 1 99201 799 [],[3026]
10.986662 892.900000 8824 0 1 99200 800 [],[210]
10.987460 893.200000 55652 0 1 99199 801 [],[493]
10.988404 893.700000 77803 0 1 99198 802 [],[124]
10.988761 893.700000 95114 0 1 99197 803 [],[62265]
10.989733 893.800000 8495 0 1 99196 804 [],[15044]
10.990971 894.600000 33861 0 1 99195 805 [],[109,5631]
10.993112 894.600000 34469 0 1 99194 806 [],[34668]
10.993376 894.800000 27612 0 1 99193 807 [],[146]
10.993917 894.900000 22029 0 1 99192 808 [],[8]
10.994558 895.100000 56696 0 1 99191 809 [],[54]
10.996759 895.100000 19095 0 1 99190 810 [],[9]
10.996900 895.800000 45229 0 1 99189 811 [],[0]
10.998167 895.900000 58782 0 1 99188 812 [],[13]
10.999906 896.200000 20 0 1 99187 813 [],[135,17361,52677,9,13]
11.000006 910.100000 24230 0 1 99186 814 [],[4494]
11.000281 910.400000 52645 0 1 99185 815 [],[24230]
11.002926 910.400000 97094 0 1 99184 816 [],[4320]
11.006400 910.400000 8835 0 1 99183 817 [],[9]
11.009179 910.700000 3953 0 1 99182 818 [],[42]
11.010876 911.500000 57092 0 1 99181 819 [],[2]
11.011367 911.600000 57332 0 1 99180 820 [],[7]
11.011497 911.600000 9933 0 1 99179 821 [],[141,192]
11.012809 911.800000 19159 0 1 99178 822 [],[7]
11.012891 911.800000 5287 0 1 99177 823 [],[152]
11.013687 912.500000 49553 0 1 99176 824 [],[9]
11.014499 912.700000 38538 0 1 99175 825 [],[7]
11.014569 912.700000 2702 0 1 99174 826 [],[491]
11.015151 912.800000 5158 0 1 99173 827 [],[12079]
11.016326 912.900000 83455 0 1 99172 828 [],[52867]
11.017019 912.900000 74034 0 1 99171 829 [],[2]
11.017237 912.900000 60907 0 1 99170 830 [],[624]
11.017620 913.000000 28231 0 1 99169 831 [],[7]
11.018719 913.300000 35581 0 1 99168 832 [],[2]
11.019576 913.300000 49455 0 1 99167 833 [],[653]
11.019896 913.400000 9080 0 1 99166 834 [],[7]
11.020930 913.900000 71624 0 1 99165 835 [],[352]
11.021169 914.000000 63263 0 1 99164 836 [],[189]
11.021960 914.100000 84931 0 1 99163 837 [],[7]
11.022979 914.100000 291 0 1 99162 838 [],[653]
11.024010 920.300000 7330 0 1 99161 839 [],[7]
11.024077 920.900000 1675 0 1 99160 840 [],[150]
11.024338 922.300000 66859 0 1 99159 841 [],[7521]
11.026465 922.500000 13218 0 1 99158 842 [],[62103]
11.028342 923.200000 43403 0 1 99157 843 [],[4873]
11.029483 923.200000 87371 0 1 99156 844 [],[8]
11.029503 923.200000 6040 0 1 99155 845 [],[3364]
11.030022 923.400000 63516 0 1 99154 846 [],[3169]
11.030593 923.400000 392 0 1 99153 847 [],[2230]
11.034271 929.500000 8728 0 1 99152 848 [],[135,166]
11.043207 930.000000 8386 0 1 99151 849 [],[7]
11.044721 930.200000 40720 0 1 99150 850 [],[6211]
11.045211 930.400000 9333 0 1 99149 851 [],[2064]
11.046852 930.900000 30748 0 1 99148 852 [],[17841]
11.047261 930.900000 30142 0 1 99147 853 [],[6332]
11.048141 931.000000 73270 0 1 99146 854 [],[1041]
11.049060 931.100000 5 0 1 99145 855 [],[11,4835,5158,0]
11.049919 960.200000 34292 0 1 99144 856 [],[97]
11.049981 960.200000 345 0 1 99143 857 [],[391,2676,8]
11.050196 962.700000 65191 0 1 99142 858 [],[17]
11.050231 962.800000 86700 0 1 99141 859 [],[2]
11.050236 962.800000 23679 0 1 99140 860 [],[2414]
11.051405 962.900000 1777 0 1 99139 861 [],[120,1041]
11.051557 963.900000 90360 0 1 99138 862 [],[42]
11.052214 963.900000 37098 0 1 99137 863 [],[2414]
11.052222 964.000000 38337 0 1 99136 864 [],[0]
11.053895 964.400000 41074 0 1 99135 865 [],[1675]
11.054757 964.900000 75 0 1 99134 866 [],[4208,5]
11.056303 977.800000 69943 0 1 99133 867 [],[39813]
11.057028 977.800000 49304 0 1 99132 868 [],[1265]
11.059001 977.900000 23493 0 1 99131 869 [],[124,225]
11.060190 978.200000 12684 0 1 99130 870 [],[2]
11.060204 978.200000 50216 0 1 99129 871 [],[8]
11.061743 978.200000 43659 0 1 99128 872 [],[9]
11.062014 978.300000 4457 0 1 99127 873 [],[17196,166]
11.069458 978.800000 30281 0 1 99126 874 [],[17361]
11.070020 979.000000 91833 0 1 99125 875 [],[0]
11.071840 979.000000 42012 0 1 99124 876 [],[23493]
11.072823 979.100000 21165 0 1 99123 877 [],[7]
11.072969 979.100000 999 0 1 99122 878 [],[8824,42]
11.073037 983.100000 48162 0 1 99121 879 [],[1081]
11.073467 983.700000 81198 0 1 99120 880 [],[63020]
11.074493 983.700000 67718 0 1 99119 881 [],[9750]
11.074939 983.700000 1374 0 1 99118 882 [],[2063,34]
11.076993 984.500000 54961 0 1 99117 883 [],[75]
11.078030 984.500000 5607 0 1 99116 884 [],[9]
11.079953 984.800000 48779 0 1 99115 885 [],[75]
11.080502 984.900000 81255 0 1 99114 886 [],[2]
11.081004 984.900000 11899 0 1 99113 887 [],[37628]
11.081045 985.500000 29714 0 1 99112 888 [],[3379]
11.083648 985.800000 15519 0 1 99111 889 [],[17,1081]
11.085094 985.600000 78782 0 1 99110 890 [],[54]
11.085247 985.600000 6304 0 1 99109 891 [],[166]
11.085255 985.600000 9518 0 1 99108 892 [],[225]
11.088549 986.100000 37403 0 1 99107 893 [],[291]
11.089580 986.200000 85436 0 1 99106 894 [],[0]
11.090995 986.200000 82195 0 1 99105 895 [],[7]
11.092095 986.200000 33915 0 1 99104 896 [],[2230]
11.092210 986.200000 10943 0 1 99103 897 [],[7]
11.095348 987.100000 24934 0 1 99102 898 [],[75]
11.099068 987.600000 15872 0 1 99101 899 [],[1719]
11.103597 987.900000 4583 0 1 99100 900 [],[9]
11.104612 989.300000 84480 0 1 99099 901 [],[135]
11.104908 989.300000 45511 0 1 99098 902 [],[11]
11.106610 989.300000 7954 0 1 99097 903 [],[16334]
11.106870 991.600000 1416 0 1 99096 904 [],[720]
11.106905 993.800000 9428 0 1 99095 905 [],[0]
11.107273 994.300000 1382 0 1 99094 906 [],[7]
11.107331 994.900000 65828 0 1 99093 907 [],[8]
11.108042 994.900000 82750 0 1 99092 908 [],[6225]
11.110119 994.900000 87243 0 1 99091 909 [],[20]
11.110189 994.900000 21944 0 1 99090 910 [],[192]
11.111261 994.900000 5669 0 1 99089 911 [],[150]
11.111305 997.500000 30732 0 1 99088 912 [],[7,3005]
11.112190 998.100000 64974 0 1 99087 913 [],[2]
11.113380 998.100000 3853 0 1 99086 914 [],[0]
11.115761 998.600000 22322 0 1 99085 915 [],[225]
11.118616 998.600000 22666 0 1 99084 916 [],[8]
11.119813 998.800000 19098 0 1 99083 917 [],[7]
11.121554 999.000000 1270 0 1 99082 918 [],[2,192]
11.122378 1000.600000 11321 0 1 99081 919 [],[11]
11.123468 1001.600000 90053 0 1 99080 920 [],[47330]
11.124407 1001.600000 27746 0 1 99079 921 [],[152]
11.126357 1002.400000 12359 0 1 99078 922 [],[364]
11.126611 1002.400000 69963 0 1 99077 923 [],[152]
11.126625 1002.400000 63850 0 1 99076 924 [],[124]
11.127641 1002.400000 40444 0 1 99075 925 [],[7]
11.128643 1002.600000 776 0 1 99074 926 [],[7,8]
11.129173 1007.600000 74947 0 1 99073 927 [],[11041]
11.130633 1007.600000 62341 0 1 99072 928 [],[0,166]
11.133875 1007.400000 30534 0 1 99071 929 [],[65573]
11.134723 1008.400000 30524 0 1 99070 930 [],[5]
11.135505 1008.400000 68915 0 1 99069 931 [],[12809]
11.136436 1008.400000 86341 0 1 99068 932 [],[2]
11.136617 1008.400000 39604 0 1 99067 933 [],[2226]
11.136705 1008.500000 92993 0 1 99066 934 [],[1719]
11.138556 1008.500000 95028 0 1 99065 935 [],[41327]
11.138802 1008.500000 64485 0 1 99064 936 [],[27491]
11.139117 1008.500000 90322 0 1 99063 937 [],[150]
11.139517 1008.500000 97675 0 1 99062 938 [],[18746]
11.139647 1008.500000 7916 0 1 99061 939 [],[232]
11.140236 1009.000000 585 0 1 99060 940 [],[8]
11.140398 1011.300000 86359 0 1 99059 941 [],[404]
11.143624 1011.300000 42525 0 1 99058 942 [],[75]
11.146922 1011.500000 20677 0 1 99057 943 [],[39954,17]
11.146946 1011.500000 24587 0 1 99056 944 [],[683]
11.147948 1011.800000 93470 0 1 99055 945 [],[38852]
11.148845 1011.800000 74924 0 1 99054 946 [],[396]
11.149460 1011.900000 42531 0 1 99053 947 [],[59156]
11.149723 1012.100000 13571 0 1 99052 948 [],[7328]
11.150506 1012.900000 61004 0 1 99051 949 [],[4411]
11.151244 1013.000000 15628 0 1 99050 950 [],[8]
11.151353 1013.200000 12919 0 1 99049 951 [],[333]
11.153707 1013.200000 55563 0 1 99048 952 [],[8,30]
11.155726 1013.100000 85254 0 1 99047 953 [],[15521]
11.156356 1013.100000 80646 0 1 99046 954 [],[55]
11.156648 1013.100000 17863 0 1 99045 955 [],[0]
11.158666 1013.600000 2085 0 1 99044 956 [],[34]
11.158967 1014.900000 41726 0 1 99043 957 [],[109]
11.160119 1015.100000 7743 0 1 99042 958 [],[2]
11.161839 1015.300000 14753 0 1 99041 959 [],[8]
11.163026 1015.400000 11928 0 1 99040 960 [],[352]
11.163379 1016.000000 72336 0 1 99039 961 [],[1081]
11.163961 1016.000000 37980 0 1 99038 962 [],[4821]
11.164103 1016.400000 8961 0 1 99037 963 [],[491]
11.165618 1017.000000 54832 0 1 99036 964 [],[404]
11.165650 1017.200000 69331 0 1 99035 965 [],[13112]
11.165656 1017.300000 64237 0 1 99034 966 [],[55,11928]
11.165771 1017.300000 79372 0 1 99033 967 [],[1746]
11.166000 1017.300000 55084 0 1 99032 968 [],[4835]
11.166438 1017.300000 19933 0 1 99031 969 [],[352]
11.166778 1017.300000 12427 0 1 99030 970 [],[152]
11.169972 1017.700000 20184 0 1 99029 971 [],[8]
11.170031 1017.900000 9861 0 1 99028 972 [],[2844]
11.170197 1018.500000 3147 0 1 99027 973 [],[2,192]
11.170289 1019.700000 20110 0 1 99026 974 [],[3147]
11.170996 1020.400000 93737 0 1 99025 975 [],[56]
11.172161 1020.400000 20615 0 1 99024 976 [],[1081]
11.172892 1020.400000 17295 0 1 99023 977 [],[9]
11.175032 1020.800000 94072 0 1 99022 978 [],[2]
11.175240 1020.800000 11233 0 1 99021 979 [],[543]
11.175984 1020.900000 34790 0 1 99020 980 [],[75]
11.177020 1021.300000 99514 0 1 99019 981 [],[26840]
11.177563 1021.300000 31421 0 1 99018 982 [],[17]
11.178236 1021.500000 66028 0 1 99017 983 [],[7]
11.178307 1021.500000 32786 0 1 99016 984 [],[192]
11.178757 1021.700000 57189 0 1 99015 985 [],[5046]
11.179283 1021.800000 33905 0 1 99014 986 [],[0]
11.180175 1022.000000 48395 0 1 99013 987 [],[7]
11.180191 1022.100000 45747 0 1 99012 988 [],[291]
11.180892 1022.200000 114 0 1 99011 989 [],[2]
11.182209 1024.800000 7691 0 1 99010 990 [],[0,790]
11.183244 1025.300000 21807 0 1 99009 991 [],[46,56]
11.184745 1025.600000 34666 0 1 99008 992 [],[19098]
11.185892 1025.800000 96918 0 1 99007 993 [],[21200]
11.186731 1025.800000 32955 0 1 99006 994 [],[470]
11.188843 1025.900000 31447 0 1 99005 995 [],[3564]
11.191384 1026.200000 6018 0 1 99004 996 [],[3953]
11.192196 1026.400000 3016 0 1 99003 997 [],[290]
11.192372 1027.100000 71002 0 1 99002 998 [],[720]
11.193452 1027.100000 23825 0 1 99001 999 [],[0]
11.194359 1027.100000 6110 0 1 99000 1000 [],[11041]
