6.498124 0.200000 130 0 1 99998 2 [],[99999]
6.843292 6.400000 2051 0 1 99997 3 [],[130]
7.012662 8.000000 82465 0 1 99996 4 [],[130]
7.315909 8.000000 28101 0 1 99995 5 [],[130]
7.336709 8.900000 58870 0 1 99994 6 [],[130]
7.353777 8.900000 55911 0 1 99993 7 [],[130]
7.416777 8.900000 1387 0 1 99992 8 [],[130]
7.610723 10.700000 90965 0 1 99991 9 [],[130]
7.742353 10.700000 6665 0 1 99990 10 [],[130]
7.876895 11.400000 99840 0 1 99989 11 [],[2051]
7.901687 11.400000 11185 0 1 99988 12 [],[130]
8.209284 11.700000 18164 0 1 99987 13 [],[130]
8.349887 11.700000 34844 0 1 99986 14 [],[28101]
8.389726 11.800000 42528 0 1 99985 15 [],[6665]
8.510570 11.900000 36755 0 1 99984 16 [],[130]
8.515266 12.200000 4628 0 1 99983 17 [],[82465]
8.588989 14.000000 781 0 1 99982 18 [],[130]
8.860622 15.800000 67372 0 1 99981 19 [],[4628]
8.872958 15.800000 68804 0 1 99980 20 [],[130]
9.021431 15.800000 58233 0 1 99979 21 [],[99840]
9.040838 16.000000 12886 0 1 99978 22 [],[130]
9.080119 16.400000 19359 0 1 99977 23 [],[2051]
9.141472 16.400000 57415 0 1 99976 24 [],[2051]
9.313036 16.400000 12985 0 1 99975 25 [],[130]
9.338983 17.000000 19438 0 1 99974 26 [],[130]
9.373785 17.300000 26509 0 1 99973 27 [],[130]
9.382754 17.400000 5632 0 1 99972 28 [],[1387]
9.393894 18.800000 2609 0 1 99971 29 [],[55911]
9.396161 19.900000 20666 0 1 99970 30 [],[781]
9.426497 20.000000 83074 0 1 99969 31 [],[130]
9.475731 20.000000 48414 0 1 99968 32 [],[1387]
9.505715 20.100000 9 0 1 99967 33 [],[130]
9.512146 65.200000 143 0 1 99966 34 [],[9]
9.512530 68.500000 59803 0 1 99965 35 [],[130]
9.513735 68.600000 19526 0 1 99964 36 [],[9]
9.530297 69.000000 56788 0 1 99963 37 [],[9]
9.604408 69.100000 18228 0 1 99962 38 [],[9]
9.617458 69.100000 5853 0 1 99961 39 [],[9]
9.631202 70.000000 16 0 1 99960 40 [],[9]
9.637840 92.700000 8538 0 1 99959 41 [],[9]
9.651904 92.800000 1453 0 1 99958 42 [],[9]
9.652008 97.300000 16259 0 1 99957 43 [],[9]
9.666841 97.300000 8708 0 1 99956 44 [],[16]
9.667504 97.800000 87724 0 1 99955 45 [],[16]
9.691687 97.800000 45674 0 1 99954 46 [],[9]
9.712865 97.800000 302 0 1 99953 47 [],[16]
9.743392 103.900000 7290 0 1 99952 48 [],[9]
9.747607 104.100000 86620 0 1 99951 49 [],[9]
9.751476 104.100000 10130 0 1 99950 50 [],[9]
9.761400 104.800000 23123 0 1 99949 51 [],[5853]
9.776614 105.100000 17054 0 1 99948 52 [],[2051]
9.780680 106.000000 64497 0 1 99947 53 [],[16]
9.782736 106.100000 90920 0 1 99946 54 [],[9]
9.785853 106.100000 23345 0 1 99945 55 [],[9]
9.790650 106.500000 21248 0 1 99944 56 [],[16]
9.798512 106.500000 97176 0 1 99943 57 [],[9]
9.799266 106.500000 71 0 1 99942 58 [],[9]
9.800144 110.800000 464 0 1 99941 59 [],[7290]
9.810644 116.600000 8995 0 1 99940 60 [],[8708]
9.814293 117.000000 3799 0 1 99939 61 [],[2051]
9.830267 118.200000 65464 0 1 99938 62 [],[6665]
9.851185 118.200000 75382 0 1 99937 63 [],[143]
9.872717 118.200000 69535 0 1 99936 64 [],[9]
9.882778 118.200000 44416 0 1 99935 65 [],[16]
9.892366 118.200000 10684 0 1 99934 66 [],[16]
9.898058 118.400000 66968 0 1 99933 67 [],[9]
9.904102 118.400000 26124 0 1 99932 68 [],[9]
9.912447 118.700000 26453 0 1 99931 69 [],[9]
9.917732 118.700000 42911 0 1 99930 70 [],[9]
9.919828 118.800000 18800 0 1 99929 71 [],[1453]
9.942743 119.000000 6727 0 1 99928 72 [],[9]
9.954361 119.700000 14546 0 1 99927 73 [],[302]
9.962244 119.700000 56219 0 1 99926 74 [],[16]
9.973229 119.700000 20648 0 1 99925 75 [],[5853]
9.979927 119.700000 25955 0 1 99924 76 [],[9]
9.980765 119.800000 33463 0 1 99923 77 [],[9]
10.003358 119.800000 19239 0 1 99922 78 [],[464]
10.007609 119.800000 68100 0 1 99921 79 [],[23345]
10.007844 119.800000 19455 0 1 99920 80 [],[1453]
10.011397 120.000000 136 0 1 99919 81 [],[71]
10.018549 131.100000 57662 0 1 99918 82 [],[16]
10.019704 131.100000 2210 0 1 99917 83 [],[9]
10.021633 131.400000 95646 0 1 99916 84 [],[136]
10.024291 131.400000 80223 0 1 99915 85 [],[143]
10.030742 131.400000 87635 0 1 99914 86 [],[16]
10.034025 131.400000 86431 0 1 99913 87 [],[9]
10.035918 131.400000 18682 0 1 99912 88 [],[3799]
10.044696 131.400000 29870 0 1 99911 89 [],[4628]
10.057425 131.500000 91139 0 1 99910 90 [],[9]
10.082351 131.500000 57207 0 1 99909 91 [],[23123]
10.082402 131.600000 88860 0 1 99908 92 [],[9]
10.084132 131.600000 83208 0 1 99907 93 [],[9]
10.084247 131.600000 71005 0 1 99906 94 [],[16]
10.103305 131.600000 1574 0 1 99905 95 [],[6727]
10.113703 132.600000 78 0 1 99904 96 [],[9]
10.119687 138.000000 19519 0 1 99903 97 [],[9]
10.123768 138.300000 33915 0 1 99902 98 [],[28101]
10.131734 138.400000 404 0 1 99901 99 [],[26509]
10.132437 143.300000 96400 0 1 99900 100 [],[136]
10.137117 143.300000 52185 0 1 99899 101 [],[17054]
10.137861 143.300000 44155 0 1 99898 102 [],[781]
10.142273 143.600000 54312 0 1 99897 103 [],[464]
10.153535 143.600000 598 0 1 99896 104 [],[302]
10.166535 145.800000 1654 0 1 99895 105 [],[26124]
10.174549 147.900000 55319 0 1 99894 106 [],[1453]
10.191698 148.000000 94970 0 1 99893 107 [],[10684]
10.193755 148.000000 3971 0 1 99892 108 [],[1453]
10.196880 150.100000 24304 0 1 99891 109 [],[143]
10.199624 150.200000 10381 0 1 99890 110 [],[9]
10.202403 150.400000 7500 0 1 99889 111 [],[75382]
10.219185 151.200000 22783 0 1 99888 112 [],[9]
10.221451 151.700000 70590 0 1 99887 113 [],[2609]
10.226482 151.700000 33279 0 1 99886 114 [],[78]
10.237894 152.000000 50567 0 1 99885 115 [],[302]
10.250689 152.000000 10747 0 1 99884 116 [],[9]
10.253801 152.300000 47138 0 1 99883 117 [],[781]
10.258919 152.400000 85178 0 1 99882 118 [],[781]
10.261838 152.400000 2896 0 1 99881 119 [],[136]
10.270395 152.400000 1512 0 1 99880 120 [],[7500]
10.270746 154.600000 41217 0 1 99879 121 [],[64497]
10.274405 155.000000 51012 0 1 99878 122 [],[9]
10.280054 155.000000 19255 0 1 99877 123 [],[16]
10.280376 155.100000 234 0 1 99876 124 [],[16]
10.281137 164.200000 52454 0 1 99875 125 [],[130]
10.285016 164.700000 39926 0 1 99874 126 [],[302]
10.287348 164.900000 46559 0 1 99873 127 [],[4628]
10.292756 165.100000 286 0 1 99872 128 [],[598]
10.294059 170.200000 15436 0 1 99871 129 [],[91139]
10.296103 171.400000 21780 0 1 99870 130 [],[9]
10.298545 171.400000 59360 0 1 99869 131 [],[9]
10.304913 171.600000 1604 0 1 99868 132 [],[9]
10.307370 173.800000 24935 0 1 99867 133 [],[10747]
10.320865 174.100000 60705 0 1 99866 134 [],[9]
10.324614 174.100000 17477 0 1 99865 135 [],[1574]
10.328383 174.600000 95139 0 1 99864 136 [],[234]
10.334698 174.700000 50181 0 1 99863 137 [],[9]
10.336668 174.800000 96477 0 1 99862 138 [],[78]
10.340792 174.800000 57077 0 1 99861 139 [],[5632]
10.341755 174.900000 61070 0 1 99860 140 [],[302]
10.343558 175.100000 93617 0 1 99859 141 [],[16]
10.346578 175.100000 5001 0 1 99858 142 [],[1654]
10.356512 175.700000 17874 0 1 99857 143 [],[9]
10.361240 175.700000 27101 0 1 99856 144 [],[9]
10.366150 175.800000 50766 0 1 99855 145 [],[9]
10.367445 175.800000 93590 0 1 99854 146 [],[52454]
10.375822 175.800000 79291 0 1 99853 147 [],[136]
10.378827 175.800000 20529 0 1 99852 148 [],[6727]
10.383466 175.900000 13086 0 1 99851 149 [],[136]
10.384084 176.900000 57675 0 1 99850 150 [],[286]
10.390096 176.900000 24643 0 1 99849 151 [],[136]
10.392647 177.000000 1258 0 1 99848 152 [],[11185]
10.395137 177.800000 89006 0 1 99847 153 [],[1453]
10.400702 177.800000 20006 0 1 99846 154 [],[66968]
10.401831 178.100000 56496 0 1 99845 155 [],[3971]
10.413393 178.100000 4574 0 1 99844 156 [],[9]
10.424095 178.400000 30810 0 1 99843 157 [],[1604]
10.426159 178.600000 13801 0 1 99842 158 [],[286]
10.429814 178.700000 3157 0 1 99841 159 [],[9]
10.430901 179.800000 74822 0 1 99840 160 [],[16]
10.432866 179.800000 37010 0 1 99839 161 [],[16]
10.434953 180.000000 35084 0 1 99838 162 [],[404]
10.443678 180.000000 67896 0 1 99837 163 [],[1654]
10.445186 180.000000 32014 0 1 99836 164 [],[9]
10.445693 180.400000 81334 0 1 99835 165 [],[19455]
10.446028 180.700000 56723 0 1 99834 166 [],[16]
10.457879 180.700000 54849 0 1 99833 167 [],[78]
10.459881 180.800000 61493 0 1 99832 168 [],[13801]
10.460000 180.900000 45266 0 1 99831 169 [],[19519]
10.461467 181.000000 31865 0 1 99830 170 [],[97176]
10.461983 181.200000 24475 0 1 99829 171 [],[1604]
10.464811 181.300000 5170 0 1 99828 172 [],[16]
10.466215 181.500000 56059 0 1 99827 173 [],[3971]
10.466910 181.500000 90841 0 1 99826 174 [],[9]
10.473998 181.500000 424 0 1 99825 175 [],[136]
10.477956 182.600000 55620 0 1 99824 176 [],[234]
10.479640 182.600000 36660 0 1 99823 177 [],[16]
10.486977 182.700000 26651 0 1 99822 178 [],[9]
10.489758 182.800000 38266 0 1 99821 179 [],[20666]
10.492238 182.800000 16146 0 1 99820 180 [],[51012]
10.494501 183.400000 4153 0 1 99819 181 [],[404]
10.495960 183.500000 21269 0 1 99818 182 [],[302]
10.498265 183.800000 3926 0 1 99817 183 [],[58870]
10.498382 185.600000 16071 0 1 99816 184 [],[9]
10.502770 185.700000 38222 0 1 99815 185 [],[9]
10.504880 185.900000 82383 0 1 99814 186 [],[9]
10.522702 185.900000 99814 0 1 99813 187 [],[16]
10.524709 185.900000 31898 0 1 99812 188 [],[1654]
10.528821 185.900000 13816 0 1 99811 189 [],[136]
10.539067 186.100000 8638 0 1 99810 190 [],[16]
10.543190 186.400000 86579 0 1 99809 191 [],[24304]
10.548375 186.400000 91075 0 1 99808 192 [],[48414]
10.553883 186.400000 19246 0 1 99807 193 [],[9]
10.560785 186.600000 70451 0 1 99806 194 [],[16]
10.564978 186.700000 93579 0 1 99805 195 [],[1654]
10.569289 186.700000 33849 0 1 99804 196 [],[52454]
10.569433 187.000000 72300 0 1 99803 197 [],[9]
10.581772 187.000000 87731 0 1 99802 198 [],[286]
10.589775 187.100000 14549 0 1 99801 199 [],[9]
10.590727 187.200000 80453 0 1 99800 200 [],[2051]
10.598554 187.200000 23111 0 1 99799 201 [],[1387]
10.598713 187.200000 20716 0 1 99798 202 [],[9]
10.602815 187.900000 74290 0 1 99797 203 [],[9]
10.604079 187.900000 47215 0 1 99796 204 [],[16]
10.619726 188.000000 28309 0 1 99795 205 [],[23345]
10.620779 188.000000 245 0 1 99794 206 [],[9]
10.633248 191.100000 77966 0 1 99793 207 [],[16]
10.635141 191.100000 6707 0 1 99792 208 [],[77966]
10.654848 191.300000 74909 0 1 99791 209 [],[302]
10.657035 191.300000 30576 0 1 99790 210 [],[78]
10.680547 191.600000 350 0 1 99789 211 [],[234]
10.684034 192.000000 99504 0 1 99788 212 [],[1453]
10.690117 192.000000 23219 0 1 99787 213 [],[20716]
10.698418 192.000000 79332 0 1 99786 214 [],[286]
10.698883 192.000000 46039 0 1 99785 215 [],[1258]
10.699235 192.000000 27821 0 1 99784 216 [],[234]
10.706077 192.200000 41170 0 1 99783 217 [],[1453]
10.708442 192.200000 46023 0 1 99782 218 [],[9]
10.715663 192.400000 49817 0 1 99781 219 [],[464]
10.720086 192.400000 52007 0 1 99780 220 [],[9]
10.726161 192.400000 800 0 1 99779 221 [],[1258]
10.749076 195.400000 35931 0 1 99778 222 [],[136]
10.752688 195.500000 7548 0 1 99777 223 [],[23111]
10.756279 196.000000 7794 0 1 99776 224 [],[136]
10.759540 196.000000 7501 0 1 99775 225 [],[78]
10.760867 197.900000 81345 0 1 99774 226 [],[130]
10.761910 197.900000 74483 0 1 99773 227 [],[1387]
10.762571 197.900000 16704 0 1 99772 228 [],[464]
10.762773 198.500000 13523 0 1 99771 229 [],[21269]
10.765761 199.400000 14800 0 1 99770 230 [],[136]
10.773730 199.800000 74685 0 1 99769 231 [],[464]
10.780770 199.800000 99011 0 1 99768 232 [],[71]
10.784514 199.800000 88879 0 1 99767 233 [],[245]
10.787073 199.800000 83448 0 1 99766 234 [],[234]
10.787580 199.800000 38421 0 1 99765 235 [],[1387]
10.788590 199.800000 58110 0 1 99764 236 [],[33849]
10.803215 200.000000 205 0 1 99763 237 [],[71]
10.805024 216.500000 70674 0 1 99762 238 [],[16]
10.806284 216.500000 25386 0 1 99761 239 [],[78]
10.809101 216.900000 42379 0 1 99760 240 [],[404]
10.810904 216.900000 17875 0 1 99759 241 [],[78]
10.811465 217.100000 29878 0 1 99758 242 [],[7501]
10.813428 217.400000 52891 0 1 99757 243 [],[9]
10.817500 217.400000 79483 0 1 99756 244 [],[136]
10.818893 217.400000 89771 0 1 99755 245 [],[9]
10.823029 217.400000 14002 0 1 99754 246 [],[3799]
10.823999 217.400000 7385 0 1 99753 247 [],[27821]
10.825065 218.200000 72951 0 1 99752 248 [],[598]
10.825124 218.300000 10276 0 1 99751 249 [],[464]
10.828939 219.000000 61206 0 1 99750 250 [],[24935]
10.835146 219.000000 32427 0 1 99749 251 [],[598]
10.840008 219.100000 6322 0 1 99748 252 [],[90965]
10.841286 221.100000 59290 0 1 99747 253 [],[16]
10.845945 221.100000 3109 0 1 99746 254 [],[286]
10.846423 221.100000 3917 0 1 99745 255 [],[2051]
10.847032 222.800000 26104 0 1 99744 256 [],[16]
10.847355 223.100000 40143 0 1 99743 257 [],[26104]
10.848353 223.200000 85897 0 1 99742 258 [],[9]
10.848971 223.200000 31545 0 1 99741 259 [],[1453]
10.859891 223.200000 59727 0 1 99740 260 [],[44155]
10.866394 223.300000 949 0 1 99739 261 [],[1512,9]
10.881160 227.100000 49 0 1 99738 262 [],[9]
10.882645 227.200000 59487 0 1 99737 263 [],[234]
10.884023 227.200000 67054 0 1 99736 264 [],[32427]
10.891707 227.300000 2903 0 1 99735 265 [],[302]
10.907673 227.400000 33086 0 1 99734 266 [],[56219]
10.912487 227.700000 62807 0 1 99733 267 [],[302]
10.914075 227.700000 50300 0 1 99732 268 [],[424]
10.917512 227.700000 4621 0 1 99731 269 [],[9]
10.925780 227.800000 94121 0 1 99730 270 [],[28101]
10.930394 227.800000 44055 0 1 99729 271 [],[71]
10.933098 227.800000 59769 0 1 99728 272 [],[464]
10.936371 227.800000 90975 0 1 99727 273 [],[9]
10.941981 227.800000 21575 0 1 99726 274 [],[16]
10.950782 227.900000 76809 0 1 99725 275 [],[205]
10.954659 227.900000 25631 0 1 99724 276 [],[404]
10.959085 228.000000 11510 0 1 99723 277 [],[949]
10.959616 228.100000 23886 0 1 99722 278 [],[302]
10.961251 228.800000 46872 0 1 99721 279 [],[205]
10.961690 229.100000 19915 0 1 99720 280 [],[7501]
10.968201 230.000000 39297 0 1 99719 281 [],[1512]
10.969321 230.100000 22255 0 1 99718 282 [],[136]
10.977622 230.300000 4853 0 1 99717 283 [],[9]
10.982576 230.500000 3556 0 1 99716 284 [],[71]
10.983868 231.100000 6172 0 1 99715 285 [],[2051]
10.986676 231.400000 20121 0 1 99714 286 [],[36660]
10.988742 231.800000 84892 0 1 99713 287 [],[9]
10.992865 231.900000 3485 0 1 99712 288 [],[16]
10.998540 232.300000 3550 0 1 99711 289 [],[9]
10.998977 232.300000 14867 0 1 99710 290 [],[16]
11.004795 232.500000 38960 0 1 99709 291 [],[9]
11.012670 232.900000 1008 0 1 99708 292 [],[598]
11.016410 236.500000 13130 0 1 99707 293 [],[58233]
11.017648 237.000000 48849 0 1 99706 294 [],[9]
11.021804 237.100000 10219 0 1 99705 295 [],[3971]
11.022017 237.200000 45290 0 1 99704 296 [],[205]
11.032473 237.200000 978 0 1 99703 297 [],[71]
11.038314 238.200000 80582 0 1 99702 298 [],[61493]
11.038855 238.200000 7437 0 1 99701 299 [],[4628]
11.042301 238.700000 72277 0 1 99700 300 [],[33086]
11.046849 238.700000 56917 0 1 99699 301 [],[800]
11.046851 238.800000 203 0 1 99698 302 [],[16]
11.047567 241.200000 1369 0 1 99697 303 [],[2609]
11.053506 243.000000 26746 0 1 99696 304 [],[9]
11.053885 243.100000 89181 0 1 99695 305 [],[800]
11.054176 243.100000 65491 0 1 99694 306 [],[56788]
11.077886 243.100000 18567 0 1 99693 307 [],[130]
11.078287 243.600000 4585 0 1 99692 308 [],[404]
11.083122 244.200000 12423 0 1 99691 309 [],[302]
11.090584 244.900000 92440 0 1 99690 310 [],[1654]
11.092801 244.900000 63218 0 1 99689 311 [],[36660]
11.097549 245.000000 23884 0 1 99688 312 [],[3926]
11.102682 246.400000 14315 0 1 99687 313 [],[16]
11.105897 246.600000 8883 0 1 99686 314 [],[31545]
11.111186 247.700000 78854 0 1 99685 315 [],[205]
11.112376 247.700000 33443 0 1 99684 316 [],[16]
11.121210 247.700000 84385 0 1 99683 317 [],[16]
11.125688 247.700000 61777 0 1 99682 318 [],[16]
11.127106 247.700000 59939 0 1 99681 319 [],[78]
11.127499 247.700000 35030 0 1 99680 320 [],[16]
11.127636 248.000000 71226 0 1 99679 321 [],[7501]
11.128391 248.000000 6006 0 1 99678 322 [],[9]
11.133288 248.400000 50762 0 1 99677 323 [],[22255]
11.133672 248.400000 43273 0 1 99676 324 [],[1369]
11.137378 248.500000 16725 0 1 99675 325 [],[42528]
11.140564 248.900000 93967 0 1 99674 326 [],[404]
11.141955 248.900000 81276 0 1 99673 327 [],[136]
11.146940 248.900000 75860 0 1 99672 328 [],[781]
11.147170 248.900000 247 0 1 99671 329 [],[71]
11.152002 249.800000 2826 0 1 99670 330 [],[136]
11.158607 250.300000 85393 0 1 99669 331 [],[16]
11.164836 250.300000 4406 0 1 99668 332 [],[205]
11.165582 252.200000 71712 0 1 99667 333 [],[1008]
11.168583 252.200000 80433 0 1 99666 334 [],[3971]
11.172208 252.200000 4702 0 1 99665 335 [],[9]
11.175965 253.300000 80187 0 1 99664 336 [],[3926,4702]
11.184211 253.100000 175 0 1 99663 337 [],[17875]
11.185829 261.100000 10431 0 1 99662 338 [],[6322]
11.202167 263.200000 26036 0 1 99661 339 [],[3799]
11.203546 263.200000 7423 0 1 99660 340 [],[78]
11.220471 263.800000 11345 0 1 99659 341 [],[203]
11.222024 263.800000 22527 0 1 99658 342 [],[1654]
11.223245 263.900000 35020 0 1 99657 343 [],[71]
11.225139 263.900000 78220 0 1 99656 344 [],[78]
11.229893 263.900000 42100 0 1 99655 345 [],[9]
11.231456 264.000000 22910 0 1 99654 346 [],[16]
11.234898 264.000000 28969 0 1 99653 347 [],[9]
11.238083 264.200000 5747 0 1 99652 348 [],[9]
11.238607 264.200000 50889 0 1 99651 349 [],[205]
11.243454 264.400000 37170 0 1 99650 350 [],[1008]
11.244513 264.600000 18093 0 1 99649 351 [],[6727]
11.248219 265.300000 18021 0 1 99648 352 [],[302]
11.253632 265.600000 5882 0 1 99647 353 [],[143]
11.262211 266.800000 34745 0 1 99646 354 [],[1512]
11.263056 266.800000 35170 0 1 99645 355 [],[3917]
11.267565 266.800000 6384 0 1 99644 356 [],[9]
11.275652 267.200000 32911 0 1 99643 357 [],[12423]
11.278644 267.400000 77767 0 1 99642 358 [],[9]
11.287361 267.500000 4732 0 1 99641 359 [],[4702]
11.288049 268.200000 70376 0 1 99640 360 [],[136]
11.289029 268.200000 1773 0 1 99639 361 [],[205]
11.289630 269.200000 5289 0 1 99638 362 [],[143]
11.301645 271.200000 84545 0 1 99637 363 [],[949]
11.302300 271.200000 94500 0 1 99636 364 [],[78]
11.307942 271.200000 45274 0 1 99635 365 [],[205]
11.308041 271.300000 67549 0 1 99634 366 [],[18567]
11.310407 271.300000 85201 0 1 99633 367 [],[598]
11.315567 271.300000 9120 0 1 99632 368 [],[16146]
11.320326 271.700000 13251 0 1 99631 369 [],[234]
11.328918 271.900000 3944 0 1 99630 370 [],[5289,15436]
11.331614 272.800000 1873 0 1 99629 371 [],[94500]
11.332969 276.000000 86797 0 1 99628 372 [],[16]
11.337852 276.000000 69248 0 1 99627 373 [],[50889]
11.342929 276.000000 48598 0 1 99626 374 [],[18093]
11.345023 276.100000 37561 0 1 99625 375 [],[9]
11.349924 276.300000 48623 0 1 99624 376 [],[32911]
11.352062 276.400000 76469 0 1 99623 377 [],[36755]
11.354064 276.400000 60481 0 1 99622 378 [],[46559]
11.354903 276.500000 52 0 1 99621 379 [],[18800,9]
11.374155 282.500000 69916 0 1 99620 380 [],[52454]
11.376337 282.500000 22085 0 1 99619 381 [],[464]
11.378740 282.500000 91374 0 1 99618 382 [],[464]
11.380224 282.500000 93224 0 1 99617 383 [],[9]
11.389783 282.500000 40962 0 1 99616 384 [],[234]
11.395396 282.500000 8832 0 1 99615 385 [],[9]
11.395998 282.900000 70866 0 1 99614 386 [],[10431]
11.399225 282.900000 12792 0 1 99613 387 [],[1369]
11.400637 283.500000 433 0 1 99612 388 [],[16]
11.404534 286.700000 5689 0 1 99611 389 [],[205]
11.405608 287.900000 74295 0 1 99610 390 [],[10130]
11.407118 288.100000 74678 0 1 99609 391 [],[9]
11.411030 288.200000 33791 0 1 99608 392 [],[71]
11.414708 288.400000 9179 0 1 99607 393 [],[286]
11.415252 289.400000 2 0 1 99606 394 [],[49,800,1654]
11.415921 401.200000 1847 0 1 99605 395 [],[9]
11.417033 402.100000 11829 0 1 99604 396 [],[464]
11.417076 402.400000 973 0 1 99603 397 [],[9]
11.419497 403.000000 69146 0 1 99602 398 [],[10130]
11.419598 403.000000 999 0 1 99601 399 [],[2]
11.420808 403.800000 29935 0 1 99600 400 [],[1008]
