2.373800 0.200000 10648 0 1 99998 2 [],[99999]
2.573412 0.600000 9147 0 1 99997 3 [],[10648]
2.872749 0.800000 15849 0 1 99996 4 [],[10648]
3.542782 0.800000 98354 0 1 99995 5 [],[9147]
6.050599 0.800000 73317 0 1 99994 6 [],[98354]
6.071425 1.100000 61 0 1 99993 7 [],[10648]
6.220855 9.800000 77366 0 1 99992 8 [],[61]
6.304993 9.900000 35292 0 1 99991 9 [],[61]
6.425184 10.400000 31417 0 1 99990 10 [],[61]
6.580037 10.400000 83444 0 1 99989 11 [],[61]
6.585116 10.400000 23614 0 1 99988 12 [],[61]
6.744158 10.600000 22404 0 1 99987 13 [],[61]
6.773887 10.700000 29993 0 1 99986 14 [],[61]
6.791892 10.900000 5663 0 1 99985 15 [],[61]
6.886416 11.600000 91 0 1 99984 16 [],[22404]
6.889453 21.800000 91780 0 1 99983 17 [],[61]
6.893608 21.800000 28124 0 1 99982 18 [],[91]
6.898904 21.900000 955 0 1 99981 19 [],[91]
6.924271 25.300000 11991 0 1 99980 20 [],[955]
6.946387 25.900000 27059 0 1 99979 21 [],[91]
6.955969 26.100000 95350 0 1 99978 22 [],[91]
6.980519 26.100000 27790 0 1 99977 23 [],[61]
6.988591 26.200000 22232 0 1 99976 24 [],[955]
7.182322 26.600000 48551 0 1 99975 25 [],[91]
7.203444 26.600000 254 0 1 99974 26 [],[61]
7.208841 27.700000 79135 0 1 99973 27 [],[5663]
7.211153 27.700000 78645 0 1 99972 28 [],[91]
7.249846 27.700000 12724 0 1 99971 29 [],[955]
7.310102 28.300000 12879 0 1 99970 30 [],[91]
7.323014 29.100000 74777 0 1 99969 31 [],[91]
7.323130 29.100000 14050 0 1 99968 32 [],[91]
7.409280 29.200000 12832 0 1 99967 33 [],[12724]
7.413077 29.200000 21000 0 1 99966 34 [],[91]
7.422624 29.400000 872 0 1 99965 35 [],[91]
7.440783 29.900000 7348 0 1 99964 36 [],[12724]
7.482302 30.700000 84902 0 1 99963 37 [],[61]
7.486277 30.700000 92919 0 1 99962 38 [],[61]
7.548518 30.700000 39334 0 1 99961 39 [],[11991]
7.647035 30.800000 28141 0 1 99960 40 [],[29993]
7.655258 31.100000 84149 0 1 99959 41 [],[12724]
7.658145 31.100000 13077 0 1 99958 42 [],[78645]
7.679713 31.700000 9 0 1 99957 43 [],[91,28141,31417]
7.685657 70.000000 8232 0 1 99956 44 [],[9]
7.690732 70.300000 63649 0 1 99955 45 [],[9]
7.712256 70.300000 42192 0 1 99954 46 [],[27059]
7.733763 70.300000 268 0 1 99953 47 [],[9]
7.734525 71.400000 86858 0 1 99952 48 [],[9]
7.738445 71.400000 8675 0 1 99951 49 [],[9]
7.751743 71.900000 89942 0 1 99950 50 [],[61]
7.790292 71.900000 8827 0 1 99949 51 [],[9]
7.801733 72.700000 22337 0 1 99948 52 [],[61]
7.803399 72.800000 20932 0 1 99947 53 [],[254]
7.807400 73.200000 73814 0 1 99946 54 [],[61]
7.810351 73.200000 5397 0 1 99945 55 [],[9]
7.852133 74.300000 6066 0 1 99944 56 [],[9]
7.855435 74.600000 13 0 1 99943 57 [],[9]
7.862373 79.100000 1731 0 1 99942 58 [],[27059]
7.876716 80.200000 202 0 1 99941 59 [],[9]
7.905481 85.900000 79241 0 1 99940 60 [],[955]
7.906782 85.900000 63307 0 1 99939 61 [],[8675]
7.917597 85.900000 24268 0 1 99938 62 [],[872]
7.922393 85.900000 9303 0 1 99937 63 [],[9]
7.929715 86.300000 76251 0 1 99936 64 [],[1731]
7.929847 86.300000 59699 0 1 99935 65 [],[8232]
7.949730 86.400000 1825 0 1 99934 66 [],[13]
7.959134 88.200000 90470 0 1 99933 67 [],[91]
7.980729 88.300000 26747 0 1 99932 68 [],[91]
7.983834 88.600000 2991 0 1 99931 69 [],[9]
7.994166 88.800000 16777 0 1 99930 70 [],[91]
8.014598 89.800000 39720 0 1 99929 71 [],[9]
8.031735 90.000000 83148 0 1 99928 72 [],[61]
8.037542 90.000000 18607 0 1 99927 73 [],[20932]
8.043136 90.500000 96865 0 1 99926 74 [],[9]
8.047821 90.500000 4393 0 1 99925 75 [],[9]
8.071515 91.100000 34347 0 1 99924 76 [],[955]
8.076524 91.200000 67186 0 1 99923 77 [],[9303]
8.104627 91.500000 29237 0 1 99922 78 [],[9]
8.105108 91.800000 5120 0 1 99921 79 [],[9]
8.110162 92.300000 7178 0 1 99920 80 [],[9]
8.110892 92.400000 62052 0 1 99919 81 [],[268]
8.111403 92.400000 84728 0 1 99918 82 [],[91]
8.126595 92.400000 1606 0 1 99917 83 [],[11991]
8.153118 95.500000 63167 0 1 99916 84 [],[955]
8.159867 95.500000 1685 0 1 99915 85 [],[9]
8.162617 95.600000 29046 0 1 99914 86 [],[1606]
8.178257 95.600000 21989 0 1 99913 87 [],[9]
8.180583 95.700000 95263 0 1 99912 88 [],[9303]
8.181402 95.700000 64 0 1 99911 89 [],[18607]
8.185086 102.000000 22530 0 1 99910 90 [],[4393]
8.194521 102.700000 62525 0 1 99909 91 [],[1606]
8.206140 102.700000 9940 0 1 99908 92 [],[84728]
8.261875 103.200000 2284 0 1 99907 93 [],[91780]
8.275636 103.700000 68446 0 1 99906 94 [],[9]
8.283371 103.700000 67581 0 1 99905 95 [],[9]
8.289106 103.900000 96494 0 1 99904 96 [],[91]
8.290392 103.900000 61684 0 1 99903 97 [],[9]
8.305447 103.900000 13151 0 1 99902 98 [],[9]
8.306427 105.200000 1531 0 1 99901 99 [],[61]
8.311775 106.000000 14402 0 1 99900 100 [],[9]
8.335871 106.400000 9998 0 1 99899 101 [],[91]
8.341209 106.400000 31310 0 1 99898 102 [],[64]
8.343293 106.600000 9090 0 1 99897 103 [],[1606]
8.345680 107.700000 38511 0 1 99896 104 [],[31310]
8.349419 107.800000 48979 0 1 99895 105 [],[35292]
8.360335 107.800000 50399 0 1 99894 106 [],[9]
8.361022 107.900000 76582 0 1 99893 107 [],[1606]
8.386588 107.900000 35531 0 1 99892 108 [],[5120]
8.392610 108.000000 2956 0 1 99891 109 [],[9]
8.395054 111.800000 10033 0 1 99890 110 [],[9]
8.395853 113.500000 94257 0 1 99889 111 [],[955]
8.401162 113.500000 1467 0 1 99888 112 [],[202]
8.438689 114.700000 375 0 1 99887 113 [],[1685]
8.463235 117.500000 71189 0 1 99886 114 [],[375]
8.463968 117.500000 22325 0 1 99885 115 [],[91]
8.489572 117.500000 38956 0 1 99884 116 [],[91]
8.505007 117.600000 6953 0 1 99883 117 [],[955]
8.506198 119.100000 8620 0 1 99882 118 [],[77366]
8.516367 120.200000 15355 0 1 99881 119 [],[91]
8.516937 120.700000 46480 0 1 99880 120 [],[9]
8.527963 120.800000 89649 0 1 99879 121 [],[9]
8.541264 120.800000 3427 0 1 99878 122 [],[22325]
8.546586 122.000000 83555 0 1 99877 123 [],[9]
8.546711 122.000000 1698 0 1 99876 124 [],[2284]
8.559946 123.200000 78014 0 1 99875 125 [],[268]
8.567200 123.200000 32 0 1 99874 126 [],[9]
8.584413 129.600000 91144 0 1 99873 127 [],[6953]
8.602457 129.600000 156 0 1 99872 128 [],[1698,5120]
8.621571 133.900000 123 0 1 99871 129 [],[64]
8.627232 145.900000 5347 0 1 99870 130 [],[10033]
8.634633 147.300000 4465 0 1 99869 131 [],[1825]
8.635067 147.500000 69087 0 1 99868 132 [],[202]
8.647622 147.500000 63034 0 1 99867 133 [],[64]
8.647834 147.600000 80301 0 1 99866 134 [],[7348]
8.654153 147.600000 4596 0 1 99865 135 [],[9940]
8.658630 149.000000 2238 0 1 99864 136 [],[13]
8.674165 149.700000 42093 0 1 99863 137 [],[10033]
8.696839 149.800000 7935 0 1 99862 138 [],[9]
8.698229 150.400000 84451 0 1 99861 139 [],[61]
8.709917 150.400000 56481 0 1 99860 140 [],[13]
8.718803 150.400000 2086 0 1 99859 141 [],[9]
8.723147 150.800000 1477 0 1 99858 142 [],[9]
8.726667 151.400000 83844 0 1 99857 143 [],[9]
8.727766 151.500000 91310 0 1 99856 144 [],[32]
8.741588 151.500000 41347 0 1 99855 145 [],[9]
8.743216 151.500000 62554 0 1 99854 146 [],[156]
8.753941 151.600000 79887 0 1 99853 147 [],[91]
8.760598 151.600000 37046 0 1 99852 148 [],[61]
8.768928 151.700000 52052 0 1 99851 149 [],[69087]
8.781661 152.000000 2712 0 1 99850 150 [],[91]
8.798339 154.000000 3739 0 1 99849 151 [],[9]
8.801508 154.100000 13728 0 1 99848 152 [],[123]
8.802555 154.500000 63264 0 1 99847 153 [],[21000]
8.806951 154.500000 98276 0 1 99846 154 [],[91]
8.808383 154.500000 44001 0 1 99845 155 [],[7178]
8.821171 154.600000 4733 0 1 99844 156 [],[8232]
8.821798 155.500000 34709 0 1 99843 157 [],[156]
8.828615 155.600000 2 0 1 99842 158 [],[123,2284]
8.829077 194.200000 10108 0 1 99841 159 [],[32]
8.832416 194.200000 8856 0 1 99840 160 [],[123]
8.839307 195.300000 92575 0 1 99839 161 [],[67581]
8.841735 195.300000 33813 0 1 99838 162 [],[61]
8.844849 195.700000 67557 0 1 99837 163 [],[83444]
8.846410 195.900000 201 0 1 99836 164 [],[123]
8.848179 202.500000 3396 0 1 99835 165 [],[91]
8.855545 203.900000 10295 0 1 99834 166 [],[91]
8.863440 204.400000 6726 0 1 99833 167 [],[91]
8.864303 205.400000 33129 0 1 99832 168 [],[91]
8.866220 205.700000 30529 0 1 99831 169 [],[9]
8.872055 205.700000 5435 0 1 99830 170 [],[9]
8.874031 206.000000 46960 0 1 99829 171 [],[201]
8.878676 206.000000 31716 0 1 99828 172 [],[9]
8.881971 206.100000 27284 0 1 99827 173 [],[8856]
8.883025 206.200000 62504 0 1 99826 174 [],[2]
8.886553 206.200000 37562 0 1 99825 175 [],[201]
8.887194 206.400000 527 0 1 99824 176 [],[6066]
8.889973 211.800000 35871 0 1 99823 177 [],[4393]
8.896414 212.100000 49014 0 1 99822 178 [],[2]
8.898178 212.100000 66443 0 1 99821 179 [],[123]
8.902726 212.100000 54168 0 1 99820 180 [],[156]
8.908667 212.100000 10553 0 1 99819 181 [],[2]
8.916518 212.300000 96905 0 1 99818 182 [],[1606]
8.925055 212.300000 26752 0 1 99817 183 [],[8827]
8.927051 212.400000 27126 0 1 99816 184 [],[5663]
8.929379 212.700000 9711 0 1 99815 185 [],[39334]
8.931066 213.400000 65851 0 1 99814 186 [],[7935]
8.942003 213.700000 57461 0 1 99813 187 [],[201]
8.943876 213.700000 70339 0 1 99812 188 [],[13151]
8.943896 213.800000 50472 0 1 99811 189 [],[9]
8.945549 213.800000 15372 0 1 99810 190 [],[61]
8.953010 214.100000 29364 0 1 99809 191 [],[61]
8.966549 214.200000 91691 0 1 99808 192 [],[123]
8.966950 214.200000 3063 0 1 99807 193 [],[2]
8.974132 215.300000 70206 0 1 99806 194 [],[91]
8.981924 215.300000 82925 0 1 99805 195 [],[2]
8.982106 215.300000 2706 0 1 99804 196 [],[2]
8.997373 216.700000 8472 0 1 99803 197 [],[2712]
9.000955 217.200000 16610 0 1 99802 198 [],[4596]
9.006746 217.200000 6982 0 1 99801 199 [],[9]
9.015482 218.400000 14065 0 1 99800 200 [],[201]
9.021649 218.500000 2192 0 1 99799 201 [],[156]
9.040626 219.400000 19478 0 1 99798 202 [],[5120]
9.042768 219.600000 3363 0 1 99797 203 [],[4596]
9.044179 220.400000 378 0 1 99796 204 [],[61]
9.048238 225.700000 41 0 1 99795 205 [],[61,2,9]
9.051314 231.300000 33844 0 1 99794 206 [],[2]
9.055002 231.400000 4153 0 1 99793 207 [],[9]
9.055371 232.200000 2417 0 1 99792 208 [],[2]
9.059835 233.400000 11173 0 1 99791 209 [],[156]
9.060387 233.500000 27871 0 1 99790 210 [],[35292]
9.061942 233.800000 81937 0 1 99789 211 [],[202]
9.063260 233.900000 3520 0 1 99788 212 [],[2]
9.063476 234.800000 848 0 1 99787 213 [],[9]
9.069570 238.000000 4510 0 1 99786 214 [],[91]
9.072075 238.200000 23161 0 1 99785 215 [],[2]
9.075606 238.200000 36209 0 1 99784 216 [],[1606]
9.078237 238.200000 95697 0 1 99783 217 [],[6066]
9.078704 238.200000 70119 0 1 99782 218 [],[527]
9.082812 238.300000 55 0 1 99781 219 [],[2417,3063,62052,9]
9.085032 261.300000 31412 0 1 99780 220 [],[254]
9.085570 261.400000 31700 0 1 99779 221 [],[9]
9.086122 261.500000 18997 0 1 99778 222 [],[13]
9.090118 261.800000 63745 0 1 99777 223 [],[123]
9.094998 261.800000 40226 0 1 99776 224 [],[9]
9.107890 261.800000 8224 0 1 99775 225 [],[955]
9.113094 262.800000 70423 0 1 99774 226 [],[9]
9.117250 262.800000 12202 0 1 99773 227 [],[2956]
9.122268 263.900000 27518 0 1 99772 228 [],[527]
9.126679 264.100000 56426 0 1 99771 229 [],[28141]
9.130939 264.100000 22665 0 1 99770 230 [],[2]
9.131192 264.100000 85543 0 1 99769 231 [],[63034]
9.132580 264.100000 4530 0 1 99768 232 [],[9]
9.133562 264.200000 58794 0 1 99767 233 [],[33129]
9.135494 264.300000 93090 0 1 99766 234 [],[201]
9.136837 264.300000 48092 0 1 99765 235 [],[123]
9.138637 264.300000 54775 0 1 99764 236 [],[378]
9.140591 264.500000 613 0 1 99763 237 [],[9]
9.144921 266.600000 6292 0 1 99762 238 [],[13]
9.146215 267.400000 56262 0 1 99761 239 [],[13]
9.148561 267.400000 26453 0 1 99760 240 [],[1731]
9.155575 267.800000 52916 0 1 99759 241 [],[9]
9.158972 267.900000 11912 0 1 99758 242 [],[4393]
9.159361 268.600000 48716 0 1 99757 243 [],[156]
9.160828 268.700000 10408 0 1 99756 244 [],[375]
9.162286 269.200000 12589 0 1 99755 245 [],[201]
9.169525 269.300000 16874 0 1 99754 246 [],[9]
9.175497 269.700000 35998 0 1 99753 247 [],[12202]
9.176720 269.800000 43714 0 1 99752 248 [],[2]
9.178253 269.800000 63597 0 1 99751 249 [],[6982]
9.178928 269.900000 6592 0 1 99750 250 [],[9]
9.181728 270.500000 22047 0 1 99749 251 [],[64]
9.201649 270.500000 15981 0 1 99748 252 [],[2417]
9.204371 270.700000 87810 0 1 99747 253 [],[9]
9.204671 270.800000 19510 0 1 99746 254 [],[2712]
9.207232 270.800000 11160 0 1 99745 255 [],[55]
9.208247 271.100000 41826 0 1 99744 256 [],[61]
9.212431 271.100000 19490 0 1 99743 257 [],[955]
9.212445 271.300000 1842 0 1 99742 258 [],[13]
9.213497 272.400000 8473 0 1 99741 259 [],[6292]
9.218583 272.500000 2390 0 1 99740 260 [],[2,156]
9.220613 272.800000 5691 0 1 99739 261 [],[2706]
9.224205 272.900000 43754 0 1 99738 262 [],[1467]
9.227777 273.100000 21092 0 1 99737 263 [],[10408]
9.230368 273.300000 31259 0 1 99736 264 [],[26747]
9.235419 273.900000 50196 0 1 99735 265 [],[2]
9.239255 274.000000 19546 0 1 99734 266 [],[9]
9.252529 274.100000 86896 0 1 99733 267 [],[55]
9.253573 274.100000 70671 0 1 99732 268 [],[13]
9.257279 274.100000 6147 0 1 99731 269 [],[2192]
9.260056 275.200000 791 0 1 99730 270 [],[18997]
9.260480 277.000000 64111 0 1 99729 271 [],[2]
9.260961 277.000000 63429 0 1 99728 272 [],[201]
9.274159 277.000000 44807 0 1 99727 273 [],[61]
9.281952 277.100000 70399 0 1 99726 274 [],[41]
9.286495 277.100000 30307 0 1 99725 275 [],[6726,22530]
9.288387 277.300000 94446 0 1 99724 276 [],[375]
9.290050 277.300000 1114 0 1 99723 277 [],[9]
9.290105 278.000000 89462 0 1 99722 278 [],[7935]
9.290731 278.000000 23348 0 1 99721 279 [],[55]
9.291229 278.000000 54628 0 1 99720 280 [],[61]
9.299020 278.100000 18422 0 1 99719 281 [],[9]
9.303978 278.800000 48483 0 1 99718 282 [],[13]
9.306195 278.800000 17612 0 1 99717 283 [],[2]
9.306911 279.500000 288 0 1 99716 284 [],[2]
9.307736 283.500000 19363 0 1 99715 285 [],[91]
9.309237 283.700000 38484 0 1 99714 286 [],[55]
9.320512 283.700000 62883 0 1 99713 287 [],[848]
9.325435 283.800000 37878 0 1 99712 288 [],[55]
9.325654 284.000000 662 0 1 99711 289 [],[2]
9.329286 289.000000 60026 0 1 99710 290 [],[6147]
9.332245 289.100000 28794 0 1 99709 291 [],[123]
9.332875 289.200000 2017 0 1 99708 292 [],[9]
9.334555 289.900000 89294 0 1 99707 293 [],[4733]
9.335764 289.900000 1646 0 1 99706 294 [],[848]
9.340291 293.400000 6091 0 1 99705 295 [],[55]
9.342260 294.000000 10779 0 1 99704 296 [],[123,288]
9.344202 294.400000 32457 0 1 99703 297 [],[662]
9.347165 294.500000 74772 0 1 99702 298 [],[9]
9.348848 294.600000 81067 0 1 99701 299 [],[4596]
9.350456 294.700000 79547 0 1 99700 300 [],[12202]
9.352253 294.900000 81894 0 1 99699 301 [],[9090]
9.360552 294.900000 34473 0 1 99698 302 [],[2]
9.360696 295.100000 36780 0 1 99697 303 [],[8620]
9.361282 295.100000 88940 0 1 99696 304 [],[288]
9.365056 295.200000 20323 0 1 99695 305 [],[11912]
9.371586 295.200000 15111 0 1 99694 306 [],[9090]
9.374197 295.500000 76492 0 1 99693 307 [],[4733]
9.387046 295.500000 70736 0 1 99692 308 [],[288]
9.390426 295.500000 85956 0 1 99691 309 [],[662]
9.393294 295.500000 71820 0 1 99690 310 [],[64]
9.394566 295.500000 45339 0 1 99689 311 [],[2]
9.400030 295.600000 12100 0 1 99688 312 [],[91]
9.400238 296.000000 57592 0 1 99687 313 [],[9]
9.406195 296.000000 13218 0 1 99686 314 [],[6726]
9.407399 296.200000 44085 0 1 99685 315 [],[2]
9.409489 296.200000 1267 0 1 99684 316 [],[1842,7348]
9.413070 300.800000 16470 0 1 99683 317 [],[41]
9.414275 301.300000 59363 0 1 99682 318 [],[91]
9.417734 301.300000 12868 0 1 99681 319 [],[123]
9.423238 301.600000 94300 0 1 99680 320 [],[77366]
9.423987 301.600000 6128 0 1 99679 321 [],[2]
9.424454 303.000000 13850 0 1 99678 322 [],[11173]
9.424524 303.000000 73396 0 1 99677 323 [],[1825]
9.425793 303.000000 5170 0 1 99676 324 [],[2]
9.426547 303.900000 4549 0 1 99675 325 [],[9,2712]
9.429369 305.200000 31461 0 1 99674 326 [],[9]
9.432455 305.700000 46 0 1 99673 327 [],[848,22232]
9.438173 314.400000 34270 0 1 99672 328 [],[64]
9.439879 314.500000 91912 0 1 99671 329 [],[9]
9.440385 314.500000 96000 0 1 99670 330 [],[202]
9.442560 314.500000 2190 0 1 99669 331 [],[9]
9.445064 315.500000 5204 0 1 99668 332 [],[848]
9.450469 315.800000 72277 0 1 99667 333 [],[2]
9.455918 315.900000 15952 0 1 99666 334 [],[9]
9.467040 316.300000 13921 0 1 99665 335 [],[2]
9.472357 317.100000 84119 0 1 99664 336 [],[2]
9.474799 317.100000 1661 0 1 99663 337 [],[13]
9.478685 321.000000 5907 0 1 99662 338 [],[123]
9.482659 321.500000 401 0 1 99661 339 [],[2]
9.484201 323.200000 980 0 1 99660 340 [],[2]
9.487664 323.800000 9344 0 1 99659 341 [],[378]
9.488035 324.100000 68680 0 1 99658 342 [],[2]
9.490491 324.200000 37576 0 1 99657 343 [],[1825]
9.492050 324.200000 28184 0 1 99656 344 [],[23614]
9.496583 324.400000 28926 0 1 99655 345 [],[5170]
9.508129 324.500000 56160 0 1 99654 346 [],[16874]
9.512423 324.700000 12711 0 1 99653 347 [],[8856]
9.514394 325.400000 71132 0 1 99652 348 [],[2]
9.519888 325.400000 41504 0 1 99651 349 [],[9]
9.520533 325.400000 54901 0 1 99650 350 [],[1531]
9.522906 325.400000 99841 0 1 99649 351 [],[64]
9.523176 325.400000 9641 0 1 99648 352 [],[2]
9.529358 326.100000 73412 0 1 99647 353 [],[12711]
9.535751 326.100000 39262 0 1 99646 354 [],[375]
9.537528 326.100000 933 0 1 99645 355 [],[378]
9.539559 328.100000 40372 0 1 99644 356 [],[46]
9.546188 328.100000 138 0 1 99643 357 [],[5397]
9.547821 335.200000 16890 0 1 99642 358 [],[9]
9.551341 335.300000 170 0 1 99641 359 [],[64]
9.557052 341.800000 85249 0 1 99640 360 [],[2]
9.560413 341.900000 2765 0 1 99639 361 [],[170]
9.564032 342.400000 39124 0 1 99638 362 [],[5120]
9.565226 342.500000 13563 0 1 99637 363 [],[9711]
9.572703 342.800000 5478 0 1 99636 364 [],[2]
9.573906 343.300000 64454 0 1 99635 365 [],[378]
9.575546 343.400000 76084 0 1 99634 366 [],[2]
9.578996 343.400000 3737 0 1 99633 367 [],[91]
9.583886 344.000000 24851 0 1 99632 368 [],[9641]
9.585493 344.000000 34115 0 1 99631 369 [],[375]
9.592429 344.400000 12981 0 1 99630 370 [],[61]
9.603538 345.000000 91674 0 1 99629 371 [],[1825]
9.606527 345.000000 1203 0 1 99628 372 [],[378]
9.606901 345.900000 144 0 1 99627 373 [],[2706]
9.607114 348.900000 66195 0 1 99626 374 [],[3396]
9.609945 348.900000 11452 0 1 99625 375 [],[20323,9]
9.609959 349.900000 55357 0 1 99624 376 [],[41]
9.611399 349.900000 16948 0 1 99623 377 [],[1203]
9.626093 350.100000 68779 0 1 99622 378 [],[2956]
9.627439 350.100000 25418 0 1 99621 379 [],[156]
9.628137 350.100000 89429 0 1 99620 380 [],[2]
9.628830 350.100000 96760 0 1 99619 381 [],[55]
9.642616 350.100000 61852 0 1 99618 382 [],[8620]
9.645126 350.100000 30042 0 1 99617 383 [],[933]
9.651358 350.200000 79861 0 1 99616 384 [],[9]
9.652760 350.200000 80607 0 1 99615 385 [],[144]
9.653860 350.200000 1671 0 1 99614 386 [],[46]
9.654872 351.700000 186 0 1 99613 387 [],[13]
9.663327 355.700000 47596 0 1 99612 388 [],[955]
9.663951 355.700000 10252 0 1 99611 389 [],[55]
9.664142 355.800000 25227 0 1 99610 390 [],[170]
9.665466 356.100000 20093 0 1 99609 391 [],[613]
9.665793 356.200000 98743 0 1 99608 392 [],[55]
9.668839 356.200000 99728 0 1 99607 393 [],[31461]
9.669928 356.200000 2824 0 1 99606 394 [],[2017]
9.670522 356.400000 69579 0 1 99605 395 [],[55]
9.672149 356.400000 30363 0 1 99604 396 [],[46]
9.678966 356.400000 5972 0 1 99603 397 [],[9]
9.683683 357.700000 1555 0 1 99602 398 [],[1661,527]
9.689253 360.500000 9249 0 1 99601 399 [],[35531]
9.689946 360.900000 5094 0 1 99600 400 [],[9]
9.692513 363.300000 95947 0 1 99599 401 [],[22530]
9.694240 363.300000 52586 0 1 99598 402 [],[1267]
9.694822 363.400000 14614 0 1 99597 403 [],[91]
9.697812 363.800000 98084 0 1 99596 404 [],[955]
9.703390 363.800000 14 0 1 99595 405 [],[46,8224]
9.705585 382.600000 7131 0 1 99594 406 [],[14]
9.710688 383.000000 36836 0 1 99593 407 [],[46]
9.710945 383.200000 51 0 1 99592 408 [],[2]
9.713794 385.500000 21421 0 1 99591 409 [],[156]
9.714821 385.600000 82673 0 1 99590 410 [],[2706]
9.717474 385.700000 21895 0 1 99589 411 [],[123]
9.718633 385.800000 12193 0 1 99588 412 [],[6147]
9.718730 385.900000 11830 0 1 99587 413 [],[138]
9.720339 386.200000 14006 0 1 99586 414 [],[55]
9.723194 386.400000 2792 0 1 99585 415 [],[1267]
9.723425 386.500000 51576 0 1 99584 416 [],[5972]
9.726883 386.500000 97947 0 1 99583 417 [],[14]
9.727770 386.500000 64027 0 1 99582 418 [],[54775]
9.729046 386.600000 22861 0 1 99581 419 [],[91]
9.734901 387.000000 14180 0 1 99580 420 [],[55,1661]
9.739238 387.200000 3512 0 1 99579 421 [],[9]
9.740165 387.500000 53463 0 1 99578 422 [],[14]
9.740900 387.600000 77503 0 1 99577 423 [],[56160]
9.744164 387.600000 47909 0 1 99576 424 [],[6147]
9.746240 387.700000 39999 0 1 99575 425 [],[91]
9.749954 387.800000 4651 0 1 99574 426 [],[201]
9.751318 387.800000 36677 0 1 99573 427 [],[2]
9.751406 388.000000 43711 0 1 99572 428 [],[2]
9.751896 388.000000 76944 0 1 99571 429 [],[52586]
9.753232 388.000000 67716 0 1 99570 430 [],[8472]
9.755058 388.100000 7496 0 1 99569 431 [],[13563]
9.755136 388.400000 23873 0 1 99568 432 [],[662]
9.757705 388.700000 97583 0 1 99567 433 [],[79547]
9.760760 388.700000 13288 0 1 99566 434 [],[11452]
9.766826 389.200000 30195 0 1 99565 435 [],[288]
9.768289 389.300000 8573 0 1 99564 436 [],[1825]
9.770839 389.900000 3557 0 1 99563 437 [],[13151]
9.775215 392.400000 6669 0 1 99562 438 [],[14,1685]
9.775999 393.400000 10332 0 1 99561 439 [],[2]
9.784467 393.600000 80175 0 1 99560 440 [],[51]
9.790091 393.800000 217 0 1 99559 441 [],[375,2]
9.794624 398.700000 1139 0 1 99558 442 [],[9,123]
9.800005 399.800000 4032 0 1 99557 443 [],[52586]
9.800563 400.600000 6208 0 1 99556 444 [],[34473,378]
9.801833 401.200000 98394 0 1 99555 445 [],[980]
9.802173 401.200000 5171 0 1 99554 446 [],[527]
9.803675 401.600000 57067 0 1 99553 447 [],[2]
9.807447 401.600000 27880 0 1 99552 448 [],[14]
9.807809 401.800000 2550 0 1 99551 449 [],[55,1555]
9.809784 401.800000 638 0 1 99550 450 [],[138]
9.812088 405.400000 42929 0 1 99549 451 [],[848]
9.814807 405.400000 54413 0 1 99548 452 [],[41]
9.817480 405.500000 45 0 1 99547 453 [],[8856,2]
9.821288 435.300000 50049 0 1 99546 454 [],[21000]
9.824138 435.400000 7884 0 1 99545 455 [],[848]
9.825786 436.000000 2419 0 1 99544 456 [],[3427]
9.826724 438.900000 86239 0 1 99543 457 [],[9]
9.827283 438.900000 62814 0 1 99542 458 [],[4549]
9.830736 438.900000 14957 0 1 99541 459 [],[13]
9.832674 439.000000 66260 0 1 99540 460 [],[1646]
9.833287 439.200000 63055 0 1 99539 461 [],[2]
9.838777 439.200000 84804 0 1 99538 462 [],[45]
9.839535 439.200000 72224 0 1 99537 463 [],[62554]
9.842696 439.300000 68744 0 1 99536 464 [],[662]
9.844273 439.300000 8394 0 1 99535 465 [],[64]
9.846137 439.500000 404 0 1 99534 466 [],[2]
9.849111 440.700000 4828 0 1 99533 467 [],[9147]
9.849346 444.500000 9679 0 1 99532 468 [],[1606]
9.853257 444.800000 1191 0 1 99531 469 [],[3520]
9.856925 448.700000 13009 0 1 99530 470 [],[980]
9.858849 448.700000 19440 0 1 99529 471 [],[2]
9.863278 448.700000 8425 0 1 99528 472 [],[378]
9.863901 448.700000 57976 0 1 99527 473 [],[2419]
9.869845 448.700000 21440 0 1 99526 474 [],[170]
9.869939 448.800000 14496 0 1 99525 475 [],[45]
9.870445 449.400000 15213 0 1 99524 476 [],[1267]
9.873336 449.600000 28108 0 1 99523 477 [],[55]
9.873777 449.600000 64093 0 1 99522 478 [],[9]
9.876177 449.700000 16364 0 1 99521 479 [],[28124]
9.878022 449.900000 77841 0 1 99520 480 [],[2956]
9.880427 450.000000 2649 0 1 99519 481 [],[202]
9.880683 451.400000 197 0 1 99518 482 [],[955]
9.886841 460.800000 2945 0 1 99517 483 [],[123]
9.888471 460.900000 2354 0 1 99516 484 [],[6147]
9.888683 462.100000 1717 0 1 99515 485 [],[3557]
9.893279 463.900000 72492 0 1 99514 486 [],[1191]
9.896132 463.900000 18827 0 1 99513 487 [],[2]
9.897304 464.000000 37509 0 1 99512 488 [],[9]
9.901775 464.100000 55878 0 1 99511 489 [],[2]
9.902405 464.100000 51708 0 1 99510 490 [],[16470]
9.903691 464.100000 11644 0 1 99509 491 [],[83555]
9.904684 464.900000 89442 0 1 99508 492 [],[217]
9.904911 464.900000 21599 0 1 99507 493 [],[197]
9.905271 466.000000 76265 0 1 99506 494 [],[56160]
9.906484 466.000000 72485 0 1 99505 495 [],[5094]
9.906511 466.000000 8379 0 1 99504 496 [],[217]
9.907300 466.500000 51889 0 1 99503 497 [],[1267]
9.909959 466.600000 37933 0 1 99502 498 [],[3396]
9.911751 466.700000 76497 0 1 99501 499 [],[45]
9.916484 466.800000 990 0 1 99500 500 [],[2]
9.917410 469.600000 84331 0 1 99499 501 [],[5907]
9.917990 469.700000 12426 0 1 99498 502 [],[2]
9.920947 469.800000 3289 0 1 99497 503 [],[45]
9.923224 470.200000 21657 0 1 99496 504 [],[76497,791]
9.927649 470.100000 25601 0 1 99495 505 [],[1646]
9.930815 470.100000 3574 0 1 99494 506 [],[375]
9.933251 471.100000 87199 0 1 99493 507 [],[45]
9.936430 471.100000 22587 0 1 99492 508 [],[11644]
9.936896 471.100000 3988 0 1 99491 509 [],[144]
9.937314 472.200000 98890 0 1 99490 510 [],[55]
9.939623 472.200000 3190 0 1 99489 511 [],[2956]
9.940246 472.400000 28257 0 1 99488 512 [],[11991]
9.945704 472.600000 7736 0 1 99487 513 [],[217]
9.947204 473.500000 4792 0 1 99486 514 [],[45]
9.948112 474.600000 67722 0 1 99485 515 [],[2]
9.953371 474.600000 77205 0 1 99484 516 [],[79887]
9.954622 474.700000 86 0 1 99483 517 [],[197,14]
9.956238 490.600000 20299 0 1 99482 518 [],[2]
9.958626 490.600000 21449 0 1 99481 519 [],[662]
9.960018 490.700000 7012 0 1 99480 520 [],[527]
9.960823 491.700000 53454 0 1 99479 521 [],[25227]
9.965602 491.800000 28298 0 1 99478 522 [],[9]
9.967324 491.900000 13908 0 1 99477 523 [],[3427]
9.969502 492.300000 6107 0 1 99476 524 [],[197]
9.969951 492.800000 43900 0 1 99475 525 [],[45]
9.971741 492.900000 48536 0 1 99474 526 [],[1191]
9.971943 493.000000 44765 0 1 99473 527 [],[2]
9.971999 493.000000 8380 0 1 99472 528 [],[14]
9.973530 493.500000 18150 0 1 99471 529 [],[14180]
9.976072 494.100000 28845 0 1 99470 530 [],[1467]
9.978096 494.200000 272 0 1 99469 531 [],[9]
9.978203 494.200000 4208 0 1 99468 532 [],[64]
9.981358 494.600000 34572 0 1 99467 533 [],[613]
9.981511 494.700000 2843 0 1 99466 534 [],[86]
9.985339 496.400000 4401 0 1 99465 535 [],[2649]
9.987995 496.800000 52596 0 1 99464 536 [],[4530]
9.989484 496.800000 21432 0 1 99463 537 [],[791]
9.991832 497.000000 20754 0 1 99462 538 [],[1267]
9.997337 497.600000 72517 0 1 99461 539 [],[45,1606]
9.998179 497.500000 53595 0 1 99460 540 [],[16890]
9.998883 497.600000 47245 0 1 99459 541 [],[41]
10.001192 497.600000 9314 0 1 99458 542 [],[6953]
10.001557 498.100000 8075 0 1 99457 543 [],[18150]
10.004009 499.500000 27970 0 1 99456 544 [],[254,2354]
10.004564 499.400000 85275 0 1 99455 545 [],[14]
10.004701 499.500000 9717 0 1 99454 546 [],[45]
10.004905 499.700000 52194 0 1 99453 547 [],[1717]
10.006156 499.700000 81860 0 1 99452 548 [],[201]
10.006936 499.700000 3533 0 1 99451 549 [],[378]
10.012545 500.700000 47943 0 1 99450 550 [],[9]
10.015197 500.700000 19743 0 1 99449 551 [],[2]
10.015984 501.100000 112 0 1 99448 552 [],[70119]
10.017354 511.200000 2289 0 1 99447 553 [],[2190]
10.025534 512.900000 83883 0 1 99446 554 [],[45]
10.026581 512.900000 38443 0 1 99445 555 [],[86]
10.028461 512.900000 81441 0 1 99444 556 [],[401]
10.028693 512.900000 63751 0 1 99443 557 [],[955]
10.028788 513.000000 38237 0 1 99442 558 [],[138]
10.034163 513.000000 52221 0 1 99441 559 [],[138]
10.034519 513.000000 28917 0 1 99440 560 [],[76582]
10.035205 513.700000 15104 0 1 99439 561 [],[197]
10.037515 514.000000 93216 0 1 99438 562 [],[527]
10.038571 514.000000 89495 0 1 99437 563 [],[45]
10.038620 514.000000 35816 0 1 99436 564 [],[4792]
10.038924 514.100000 71622 0 1 99435 565 [],[7131]
10.041696 514.100000 79458 0 1 99434 566 [],[2]
10.046111 514.100000 20023 0 1 99433 567 [],[64]
10.047045 514.100000 51545 0 1 99432 568 [],[76492,9249]
10.056467 514.600000 13066 0 1 99431 569 [],[4792]
10.057844 514.900000 16346 0 1 99430 570 [],[50049]
10.059458 515.600000 53339 0 1 99429 571 [],[15355]
10.062472 515.700000 14641 0 1 99428 572 [],[45]
10.066727 515.700000 17854 0 1 99427 573 [],[14]
10.068150 515.800000 48584 0 1 99426 574 [],[72492]
10.073057 516.100000 24833 0 1 99425 575 [],[123]
10.077815 516.300000 49851 0 1 99424 576 [],[1842]
10.082502 516.300000 12656 0 1 99423 577 [],[7884]
10.082687 516.600000 39121 0 1 99422 578 [],[13]
10.082940 516.700000 76451 0 1 99421 579 [],[70119]
10.083781 516.700000 16752 0 1 99420 580 [],[2]
10.084380 516.900000 26432 0 1 99419 581 [],[848]
10.087338 517.000000 41601 0 1 99418 582 [],[527]
10.093381 517.100000 46633 0 1 99417 583 [],[13077]
10.094908 517.400000 13314 0 1 99416 584 [],[91]
10.097689 517.800000 64693 0 1 99415 585 [],[91]
10.098537 517.800000 8890 0 1 99414 586 [],[112]
10.099545 518.200000 70822 0 1 99413 587 [],[28794]
10.099763 518.200000 19593 0 1 99412 588 [],[3574]
10.101008 518.500000 43724 0 1 99411 589 [],[112]
10.101643 518.800000 96389 0 1 99410 590 [],[86]
10.103043 518.900000 3688 0 1 99409 591 [],[1661]
10.105178 523.200000 96375 0 1 99408 592 [],[33129]
10.105933 523.200000 28718 0 1 99407 593 [],[1717]
10.109822 523.600000 9135 0 1 99406 594 [],[36677,9090]
10.110991 524.200000 60987 0 1 99405 595 [],[378]
10.111421 524.200000 66105 0 1 99404 596 [],[2]
10.112277 524.300000 81858 0 1 99403 597 [],[45]
10.114990 524.300000 28871 0 1 99402 598 [],[13563]
10.116123 524.400000 46207 0 1 99401 599 [],[14496]
10.116400 524.600000 25799 0 1 99400 600 [],[1661]
10.122719 524.800000 3524 0 1 99399 601 [],[35998]
10.123267 526.700000 58239 0 1 99398 602 [],[54413]
10.131404 526.800000 87327 0 1 99397 603 [],[112]
10.133781 526.900000 11837 0 1 99396 604 [],[89429]
10.134047 527.100000 35395 0 1 99395 605 [],[80175]
10.134220 527.700000 12852 0 1 99394 606 [],[2289]
10.135871 527.900000 68257 0 1 99393 607 [],[13728]
10.136149 527.900000 5185 0 1 99392 608 [],[112]
10.140250 529.800000 26749 0 1 99391 609 [],[170]
10.142077 530.200000 36630 0 1 99390 610 [],[123]
10.144975 530.200000 432 0 1 99389 611 [],[375]
10.147912 530.600000 1346 0 1 99388 612 [],[28917,186]
10.151551 532.500000 42505 0 1 99387 613 [],[2649]
10.153210 532.500000 45000 0 1 99386 614 [],[638]
10.154540 532.500000 714 0 1 99385 615 [],[9]
10.156762 533.200000 6221 0 1 99384 616 [],[1717]
10.162844 533.500000 53969 0 1 99383 617 [],[662]
10.163087 533.500000 1076 0 1 99382 618 [],[86]
10.163864 534.000000 2606 0 1 99381 619 [],[112]
10.164712 534.900000 10106 0 1 99380 620 [],[2]
10.166213 535.600000 54437 0 1 99379 621 [],[9940]
10.166907 535.700000 67917 0 1 99378 622 [],[9]
10.167824 535.700000 844 0 1 99377 623 [],[41]
10.167946 537.200000 66069 0 1 99376 624 [],[7348]
10.171169 537.200000 1217 0 1 99375 625 [],[52052]
10.176089 538.600000 49189 0 1 99374 626 [],[55]
10.181572 538.600000 47300 0 1 99373 627 [],[186]
10.183443 538.600000 11222 0 1 99372 628 [],[2]
10.184556 539.400000 68821 0 1 99371 629 [],[13563]
10.184810 539.400000 95387 0 1 99370 630 [],[12100]
10.184922 539.400000 16351 0 1 99369 631 [],[10779]
10.185797 539.500000 32136 0 1 99368 632 [],[123]
10.187436 539.800000 7502 0 1 99367 633 [],[5663]
10.191490 540.400000 70235 0 1 99366 634 [],[1717]
10.195310 540.600000 55500 0 1 99365 635 [],[1661]
10.196336 540.800000 1213 0 1 99364 636 [],[39262]
10.197426 541.800000 78691 0 1 99363 637 [],[13]
10.198398 541.800000 12135 0 1 99362 638 [],[7736]
10.201321 542.100000 60936 0 1 99361 639 [],[7884]
10.204664 542.300000 12648 0 1 99360 640 [],[2]
10.205554 542.500000 76199 0 1 99359 641 [],[201]
10.209486 542.600000 5980 0 1 99358 642 [],[791]
10.209832 542.600000 13697 0 1 99357 643 [],[13066]
10.210803 542.700000 19861 0 1 99356 644 [],[64]
10.216525 542.900000 80045 0 1 99355 645 [],[138]
10.217253 542.900000 74 0 1 99354 646 [],[272,70671,9]
10.220097 562.500000 49477 0 1 99353 647 [],[46]
10.222548 562.600000 13321 0 1 99352 648 [],[55]
10.223157 562.900000 11747 0 1 99351 649 [],[13]
10.224822 563.000000 99521 0 1 99350 650 [],[170]
10.226368 563.000000 54320 0 1 99349 651 [],[3574]
10.230039 563.100000 47307 0 1 99348 652 [],[9090]
10.231380 563.300000 5523 0 1 99347 653 [],[170]
10.231853 563.400000 58980 0 1 99346 654 [],[61]
10.232897 563.400000 11996 0 1 99345 655 [],[3063]
10.233484 564.000000 35163 0 1 99344 656 [],[5171]
10.235476 564.100000 88460 0 1 99343 657 [],[990]
10.235671 564.200000 45788 0 1 99342 658 [],[138]
10.237834 564.300000 255 0 1 99341 659 [],[791,3512,21989]
10.239556 571.500000 31094 0 1 99340 660 [],[138]
10.243570 572.100000 97541 0 1 99339 661 [],[5170]
10.244775 572.100000 7583 0 1 99338 662 [],[23161,401]
10.245494 574.500000 91425 0 1 99337 663 [],[73317]
10.246174 574.500000 1775 0 1 99336 664 [],[13]
10.247422 575.500000 60783 0 1 99335 665 [],[14]
10.250414 575.500000 27490 0 1 99334 666 [],[13]
10.250569 575.600000 98603 0 1 99333 667 [],[55]
10.253790 575.600000 7923 0 1 99332 668 [],[848]
10.258506 576.100000 26067 0 1 99331 669 [],[9344]
10.260401 576.200000 3974 0 1 99330 670 [],[55]
10.261701 576.700000 71897 0 1 99329 671 [],[86]
10.262279 576.700000 19721 0 1 99328 672 [],[1606]
10.265100 577.400000 8 0 1 99327 673 [],[61,95387]
10.265418 598.400000 50688 0 1 99326 674 [],[86]
10.267085 598.400000 32674 0 1 99325 675 [],[27871]
10.267258 598.600000 84213 0 1 99324 676 [],[14]
10.267915 598.600000 6553 0 1 99323 677 [],[74]
10.268111 598.800000 85683 0 1 99322 678 [],[2]
10.270610 598.800000 84205 0 1 99321 679 [],[45]
10.271299 598.800000 76112 0 1 99320 680 [],[217]
10.275543 598.800000 5714 0 1 99319 681 [],[89442]
10.277823 599.400000 72992 0 1 99318 682 [],[55]
10.277888 599.400000 60418 0 1 99317 683 [],[3427]
10.278162 599.400000 54724 0 1 99316 684 [],[39124]
10.278336 599.400000 82024 0 1 99315 685 [],[46]
10.279858 599.400000 11333 0 1 99314 686 [],[3557]
10.283265 599.700000 49419 0 1 99313 687 [],[45,37933]
10.286082 599.500000 32519 0 1 99312 688 [],[45]
10.288539 599.900000 44140 0 1 99311 689 [],[28871]
10.291499 600.100000 23876 0 1 99310 690 [],[14957]
10.291956 600.100000 5365 0 1 99309 691 [],[4549]
10.291986 600.500000 13943 0 1 99308 692 [],[86]
10.293472 600.800000 65642 0 1 99307 693 [],[74]
10.298539 600.800000 89230 0 1 99306 694 [],[112]
10.300067 600.800000 66689 0 1 99305 695 [],[73412]
10.301972 600.900000 1330 0 1 99304 696 [],[5714]
10.305086 601.700000 30928 0 1 99303 697 [],[9135]
10.305450 601.700000 19183 0 1 99302 698 [],[662]
10.307536 602.200000 83669 0 1 99301 699 [],[6953]
10.308533 602.300000 39617 0 1 99300 700 [],[32]
10.309272 602.400000 3353 0 1 99299 701 [],[86]
10.314565 603.300000 6470 0 1 99298 702 [],[55]
10.318276 603.900000 23602 0 1 99297 703 [],[13151]
10.318935 604.100000 20075 0 1 99296 704 [],[123]
10.319013 604.100000 12098 0 1 99295 705 [],[1825]
10.320432 605.000000 24954 0 1 99294 706 [],[45]
10.322946 605.100000 44388 0 1 99293 707 [],[30195]
10.325533 605.300000 31651 0 1 99292 708 [],[9]
10.330379 605.800000 485 0 1 99291 709 [],[67186]
10.331427 610.000000 2277 0 1 99290 710 [],[28184]
10.336170 610.200000 88997 0 1 99289 711 [],[46]
10.336312 610.200000 27834 0 1 99288 712 [],[485]
10.339461 610.200000 69010 0 1 99287 713 [],[1661]
10.341902 610.200000 7307 0 1 99286 714 [],[9]
10.343085 610.900000 749 0 1 99285 715 [],[2606]
10.345544 614.900000 8837 0 1 99284 716 [],[1267]
10.347554 615.000000 38012 0 1 99283 717 [],[45]
10.348888 615.000000 58565 0 1 99282 718 [],[202]
10.350251 615.100000 4673 0 1 99281 719 [],[6208,662]
10.350315 616.500000 84487 0 1 99280 720 [],[638]
10.353795 616.500000 1166 0 1 99279 721 [],[71820,112]
10.353980 617.000000 52794 0 1 99278 722 [],[8]
10.354777 617.000000 34271 0 1 99277 723 [],[45]
10.355352 617.000000 67725 0 1 99276 724 [],[27880]
10.356055 617.000000 91819 0 1 99275 725 [],[44388]
10.357048 617.100000 45549 0 1 99274 726 [],[5185]
10.357950 617.200000 7311 0 1 99273 727 [],[255]
10.360617 617.700000 6380 0 1 99272 728 [],[23348,67581]
10.361655 618.100000 37085 0 1 99271 729 [],[55]
10.362835 618.300000 52914 0 1 99270 730 [],[41601]
10.362870 618.400000 46917 0 1 99269 731 [],[144]
10.364237 618.400000 65369 0 1 99268 732 [],[2,18422]
10.364690 618.300000 36240 0 1 99267 733 [],[202]
10.365628 618.600000 39572 0 1 99266 734 [],[123]
10.365994 618.600000 12233 0 1 99265 735 [],[202,217]
10.370053 619.100000 90333 0 1 99264 736 [],[55]
10.374194 619.100000 31604 0 1 99263 737 [],[4828]
10.374410 619.200000 4267 0 1 99262 738 [],[123]
10.377170 620.300000 80264 0 1 99261 739 [],[51545]
10.378055 620.600000 61368 0 1 99260 740 [],[5397]
10.380742 620.600000 5246 0 1 99259 741 [],[1842]
10.380909 621.900000 44559 0 1 99258 742 [],[749]
10.381225 622.000000 9643 0 1 99257 743 [],[613]
10.382957 622.400000 78978 0 1 99256 744 [],[1717]
10.389529 622.400000 24133 0 1 99255 745 [],[138]
10.390672 622.400000 16506 0 1 99254 746 [],[45]
10.391199 622.600000 5877 0 1 99253 747 [],[74]
10.392476 623.600000 44163 0 1 99252 748 [],[1671]
10.399223 623.600000 19438 0 1 99251 749 [],[66195,45]
10.399864 623.600000 1973 0 1 99250 750 [],[61]
10.401621 624.800000 26121 0 1 99249 751 [],[55]
10.404709 624.800000 70604 0 1 99248 752 [],[4549]
10.406415 624.800000 56120 0 1 99247 753 [],[990]
10.406747 624.900000 37302 0 1 99246 754 [],[19861]
10.409164 625.200000 21 0 1 99245 755 [],[55,64,1606,5435,19721,91691]
10.409283 676.900000 24486 0 1 99244 756 [],[749]
10.409569 676.900000 80427 0 1 99243 757 [],[15111]
10.409594 676.900000 61946 0 1 99242 758 [],[21432]
10.410136 676.900000 68133 0 1 99241 759 [],[10408]
10.411015 676.900000 28697 0 1 99240 760 [],[9]
10.411429 676.900000 85043 0 1 99239 761 [],[81937]
10.413824 676.900000 7692 0 1 99238 762 [],[791]
10.415351 677.300000 64066 0 1 99237 763 [],[255]
10.415412 677.400000 34290 0 1 99236 764 [],[123]
10.417717 677.500000 56586 0 1 99235 765 [],[11991]
10.418120 677.600000 27194 0 1 99234 766 [],[8675]
10.418131 677.700000 16405 0 1 99233 767 [],[70235]
10.418527 678.000000 43523 0 1 99232 768 [],[1661]
10.419101 678.000000 1181 0 1 99231 769 [],[1698,201]
10.419706 682.200000 3698 0 1 99230 770 [],[2]
10.419945 682.200000 60652 0 1 99229 771 [],[5094]
10.422761 682.300000 74056 0 1 99228 772 [],[21]
10.423476 682.300000 36076 0 1 99227 773 [],[255]
10.424301 682.300000 136 0 1 99226 774 [],[288,21]
10.426470 688.800000 29032 0 1 99225 775 [],[3363]
10.427880 689.100000 46732 0 1 99224 776 [],[21]
10.427896 689.100000 28241 0 1 99223 777 [],[8]
10.429783 689.600000 38659 0 1 99222 778 [],[7348]
10.436441 689.700000 13783 0 1 99221 779 [],[1646]
10.437374 690.400000 94159 0 1 99220 780 [],[955]
10.437575 690.400000 5360 0 1 99219 781 [],[1531]
10.438133 690.900000 9502 0 1 99218 782 [],[2]
10.438514 691.300000 53919 0 1 99217 783 [],[3557]
10.445269 691.300000 193 0 1 99216 784 [],[55]
10.445540 699.700000 20919 0 1 99215 785 [],[46960]
10.448301 700.100000 79744 0 1 99214 786 [],[844]
10.448507 700.100000 11251 0 1 99213 787 [],[91]
10.450580 701.300000 1975 0 1 99212 788 [],[613]
10.452673 703.700000 19042 0 1 99211 789 [],[1661]
10.452848 704.400000 58636 0 1 99210 790 [],[990]
10.455139 704.800000 3890 0 1 99209 791 [],[45]
10.457309 706.700000 24719 0 1 99208 792 [],[21599]
10.458483 706.800000 98048 0 1 99207 793 [],[255]
10.459000 706.800000 29101 0 1 99206 794 [],[11996]
10.459566 707.100000 7125 0 1 99205 795 [],[6592]
10.460395 707.200000 3549 0 1 99204 796 [],[1181,1973]
10.463132 707.300000 3482 0 1 99203 797 [],[8]
10.463683 708.500000 64836 0 1 99202 798 [],[38511]
10.465159 708.500000 95533 0 1 99201 799 [],[55]
10.465228 708.600000 6639 0 1 99200 800 [],[9502]
10.467504 709.100000 1640 0 1 99199 801 [],[8827]
10.468551 712.300000 21166 0 1 99198 802 [],[86]
10.470387 712.400000 7489 0 1 99197 803 [],[64]
10.470964 713.000000 32739 0 1 99196 804 [],[28917]
10.471242 713.200000 82225 0 1 99195 805 [],[11251]
10.472119 713.300000 18276 0 1 99194 806 [],[55]
10.472515 713.700000 47776 0 1 99193 807 [],[7348]
10.474889 713.700000 41132 0 1 99192 808 [],[9]
10.475284 713.700000 23108 0 1 99191 809 [],[32]
10.478514 713.700000 41018 0 1 99190 810 [],[1975]
10.479183 713.800000 76248 0 1 99189 811 [],[21]
10.481094 713.800000 11909 0 1 99188 812 [],[2]
10.481322 714.100000 711 0 1 99187 813 [],[74772]
10.481650 716.800000 689 0 1 99186 814 [],[112,638]
10.484521 718.400000 9226 0 1 99185 815 [],[144]
10.486604 718.800000 3932 0 1 99184 816 [],[1217]
10.487932 719.100000 26455 0 1 99183 817 [],[45]
10.488618 719.200000 11123 0 1 99182 818 [],[2956]
10.489094 719.300000 87353 0 1 99181 819 [],[6639]
10.489318 719.300000 1155 0 1 99180 820 [],[5663,24486]
10.490430 720.400000 31307 0 1 99179 821 [],[2]
10.491542 720.500000 19170 0 1 99178 822 [],[4032]
10.491621 720.600000 1902 0 1 99177 823 [],[21]
10.491819 721.000000 7136 0 1 99176 824 [],[4828]
10.492811 721.400000 96309 0 1 99175 825 [],[64]
10.494113 721.400000 4430 0 1 99174 826 [],[41826]
10.496458 722.700000 38737 0 1 99173 827 [],[23873]
10.497220 722.900000 65229 0 1 99172 828 [],[8224]
10.498068 722.900000 92741 0 1 99171 829 [],[4430]
10.501699 722.900000 12005 0 1 99170 830 [],[186]
10.504115 723.400000 25336 0 1 99169 831 [],[401]
10.507827 723.400000 50152 0 1 99168 832 [],[27490]
10.509781 723.400000 18826 0 1 99167 833 [],[4828]
10.511381 723.400000 65249 0 1 99166 834 [],[1640]
10.512472 723.500000 54855 0 1 99165 835 [],[112]
10.513894 723.600000 52282 0 1 99164 836 [],[1346]
10.516383 723.700000 72241 0 1 99163 837 [],[14]
10.516422 723.900000 32206 0 1 99162 838 [],[1640]
10.516440 724.000000 22152 0 1 99161 839 [],[527]
10.517178 724.000000 84090 0 1 99160 840 [],[21]
10.519528 724.000000 98 0 1 99159 841 [],[136,844]
10.520062 741.300000 741 0 1 99158 842 [],[9]
10.520604 743.000000 93841 0 1 99157 843 [],[6107]
10.521355 743.000000 61155 0 1 99156 844 [],[375]
10.524023 743.000000 21261 0 1 99155 845 [],[21]
10.524473 743.000000 90973 0 1 99154 846 [],[6669]
10.525503 743.000000 57979 0 1 99153 847 [],[14]
10.527293 743.100000 87467 0 1 99152 848 [],[45]
10.532096 743.100000 43206 0 1 99151 849 [],[7307]
10.533907 743.200000 57559 0 1 99150 850 [],[2]
10.534117 743.200000 49210 0 1 99149 851 [],[201]
10.537075 743.200000 21195 0 1 99148 852 [],[749]
10.539063 743.500000 36506 0 1 99147 853 [],[14]
10.539093 743.500000 13545 0 1 99146 854 [],[662]
10.543330 744.600000 72846 0 1 99145 855 [],[18422]
10.545752 744.600000 2973 0 1 99144 856 [],[9]
10.549721 745.900000 8384 0 1 99143 857 [],[288]
10.552454 746.300000 79905 0 1 99142 858 [],[45]
10.553342 746.300000 9886 0 1 99141 859 [],[3289]
10.555428 746.400000 42664 0 1 99140 860 [],[64]
10.557887 746.500000 28436 0 1 99139 861 [],[6639]
10.558150 746.600000 6763 0 1 99138 862 [],[21]
10.559296 746.800000 59932 0 1 99137 863 [],[9]
10.559781 746.800000 10599 0 1 99136 864 [],[9]
10.560737 747.300000 54353 0 1 99135 865 [],[21]
10.561239 747.300000 6369 0 1 99134 866 [],[288]
10.569458 748.400000 32347 0 1 99133 867 [],[53919,9344]
10.570136 748.500000 14893 0 1 99132 868 [],[3688]
10.571072 748.900000 3916 0 1 99131 869 [],[55]
10.571831 749.200000 51621 0 1 99130 870 [],[749]
10.572239 749.400000 3458 0 1 99129 871 [],[2,8]
10.573221 750.500000 7205 0 1 99128 872 [],[2]
10.573339 751.000000 93325 0 1 99127 873 [],[112]
10.574693 751.000000 6509 0 1 99126 874 [],[9]
10.575396 751.600000 19286 0 1 99125 875 [],[5094]
10.575425 751.700000 8123 0 1 99124 876 [],[63745]
10.575756 752.300000 51853 0 1 99123 877 [],[202]
10.579739 752.300000 55873 0 1 99122 878 [],[21]
10.581116 752.400000 11891 0 1 99121 879 [],[791,1842]
10.582716 752.200000 28937 0 1 99120 880 [],[45]
10.585164 752.800000 9619 0 1 99119 881 [],[45]
10.585443 753.900000 871 0 1 99118 882 [],[2]
10.587562 754.700000 1899 0 1 99117 883 [],[14]
10.589773 755.400000 496 0 1 99116 884 [],[9]
10.590524 757.200000 20900 0 1 99115 885 [],[1267]
10.590614 757.600000 48042 0 1 99114 886 [],[55]
10.590849 757.700000 81108 0 1 99113 887 [],[1640]
10.591109 757.700000 19328 0 1 99112 888 [],[74,5185]
10.591390 758.200000 4537 0 1 99111 889 [],[9998]
10.594178 759.200000 40855 0 1 99110 890 [],[8856]
10.596176 759.300000 4789 0 1 99109 891 [],[86]
10.598727 759.900000 3449 0 1 99108 892 [],[197]
10.600151 761.700000 20702 0 1 99107 893 [],[2]
10.601485 761.700000 1384 0 1 99106 894 [],[749]
10.602261 762.000000 58646 0 1 99105 895 [],[86]
10.606382 762.000000 17902 0 1 99104 896 [],[5246]
10.608575 762.200000 41334 0 1 99103 897 [],[9619]
10.609154 762.200000 45930 0 1 99102 898 [],[31259]
10.610013 762.300000 187 0 1 99101 899 [],[21,61]
10.610087 763.100000 73534 0 1 99100 900 [],[12711]
10.610544 763.100000 44980 0 1 99099 901 [],[55]
10.612970 763.200000 12075 0 1 99098 902 [],[662]
10.614002 763.200000 39614 0 1 99097 903 [],[1267]
10.616867 763.200000 38268 0 1 99096 904 [],[86]
10.617602 763.300000 16661 0 1 99095 905 [],[25601]
10.617858 763.600000 55347 0 1 99094 906 [],[74]
10.618450 763.600000 41265 0 1 99093 907 [],[2190]
10.623210 763.700000 21735 0 1 99092 908 [],[4430]
10.623680 763.900000 879 0 1 99091 909 [],[3363]
10.624194 766.500000 99930 0 1 99090 910 [],[24719]
10.626713 766.500000 11245 0 1 99089 911 [],[4828]
10.626750 766.900000 13116 0 1 99088 912 [],[4401]
10.628901 767.500000 19520 0 1 99087 913 [],[288]
10.629429 767.800000 11517 0 1 99086 914 [],[54855]
10.630797 768.900000 12802 0 1 99085 915 [],[48584]
10.631347 769.900000 91576 0 1 99084 916 [],[9]
10.632055 769.900000 88051 0 1 99083 917 [],[80175]
10.632312 769.900000 35 0 1 99082 918 [],[1076,1191,1477,16346,36506,61946]
10.635810 821.400000 449 0 1 99081 919 [],[61]
10.638602 825.000000 86556 0 1 99080 920 [],[2]
10.638803 825.000000 55773 0 1 99079 921 [],[61]
10.639161 825.000000 44593 0 1 99078 922 [],[170]
10.639946 825.100000 71573 0 1 99077 923 [],[9]
10.640989 825.100000 2518 0 1 99076 924 [],[197]
10.642217 825.200000 99004 0 1 99075 925 [],[86]
10.642586 825.200000 774 0 1 99074 926 [],[202]
10.643221 825.900000 4103 0 1 99073 927 [],[35]
10.644612 826.600000 71871 0 1 99072 928 [],[46]
10.645907 826.600000 7213 0 1 99071 929 [],[1902]
10.647471 826.700000 3635 0 1 99070 930 [],[186]
10.648185 826.800000 72886 0 1 99069 931 [],[74]
10.648690 826.800000 67075 0 1 99068 932 [],[2843]
10.650088 826.900000 98122 0 1 99067 933 [],[2]
10.650565 826.900000 2542 0 1 99066 934 [],[14]
10.651004 829.100000 36933 0 1 99065 935 [],[8]
10.652329 829.100000 33838 0 1 99064 936 [],[11452]
10.653717 829.100000 70304 0 1 99063 937 [],[21]
10.654429 829.200000 69637 0 1 99062 938 [],[8075]
10.658382 829.300000 6215 0 1 99061 939 [],[1606]
10.660351 829.900000 67992 0 1 99060 940 [],[8]
10.660870 829.900000 750 0 1 99059 941 [],[689]
10.661557 830.500000 26449 0 1 99058 942 [],[35]
10.662567 830.700000 65881 0 1 99057 943 [],[54775]
10.663659 830.700000 11146 0 1 99056 944 [],[5365]
10.664786 830.800000 9794 0 1 99055 945 [],[1139]
10.664888 831.000000 436 0 1 99054 946 [],[13545]
10.665788 838.700000 67501 0 1 99053 947 [],[1191,8380]
10.665955 838.600000 81282 0 1 99052 948 [],[2]
10.666187 838.600000 2985 0 1 99051 949 [],[449]
10.667395 838.800000 64135 0 1 99050 950 [],[6726]
10.668078 838.900000 49807 0 1 99049 951 [],[81067]
10.669937 839.000000 97338 0 1 99048 952 [],[32]
10.670250 839.100000 3298 0 1 99047 953 [],[1076]
10.672209 840.600000 72192 0 1 99046 954 [],[21]
10.672374 840.600000 6593 0 1 99045 955 [],[6369]
10.672913 840.700000 44152 0 1 99044 956 [],[9090]
10.673664 840.700000 20863 0 1 99043 957 [],[2]
10.674778 841.000000 80733 0 1 99042 958 [],[2289]
10.675245 841.000000 18548 0 1 99041 959 [],[8620]
10.679285 841.300000 52732 0 1 99040 960 [],[55]
10.679884 841.300000 36666 0 1 99039 961 [],[7307]
10.680797 841.500000 85940 0 1 99038 962 [],[638]
10.681658 841.500000 1995 0 1 99037 963 [],[8]
10.684144 843.000000 89636 0 1 99036 964 [],[53595]
10.685825 843.000000 29966 0 1 99035 965 [],[2289]
10.686211 843.300000 2744 0 1 99034 966 [],[35]
10.689316 844.700000 214 0 1 99033 967 [],[51545,123]
10.690849 846.300000 80965 0 1 99032 968 [],[35]
10.691380 846.300000 35097 0 1 99031 969 [],[32]
10.692703 846.500000 91417 0 1 99030 970 [],[5714]
10.695402 846.500000 10441 0 1 99029 971 [],[2]
10.695858 846.700000 19468 0 1 99028 972 [],[527]
10.696749 846.800000 787 0 1 99027 973 [],[45]
10.697254 847.600000 62119 0 1 99026 974 [],[36677]
10.697324 847.600000 29110 0 1 99025 975 [],[35]
10.698632 847.700000 58531 0 1 99024 976 [],[9]
10.701819 847.700000 25029 0 1 99023 977 [],[787]
10.702756 847.800000 2115 0 1 99022 978 [],[1076]
10.703100 850.000000 85838 0 1 99021 979 [],[2]
10.705466 850.000000 41235 0 1 99020 980 [],[4103]
10.706048 850.100000 8955 0 1 99019 981 [],[136]
10.706096 850.200000 1777 0 1 99018 982 [],[98]
10.707189 851.500000 1845 0 1 99017 983 [],[485]
10.709390 854.700000 18629 0 1 99016 984 [],[144]
10.712040 855.100000 26349 0 1 99015 985 [],[74]
10.713125 855.300000 13712 0 1 99014 986 [],[3482]
10.713137 855.600000 10287 0 1 99013 987 [],[217]
10.713966 855.700000 4614 0 1 99012 988 [],[51]
10.715602 856.100000 11394 0 1 99011 989 [],[55]
10.718699 856.200000 39026 0 1 99010 990 [],[186]
10.720571 856.200000 41250 0 1 99009 991 [],[45]
10.724595 856.300000 72801 0 1 99008 992 [],[288]
10.725197 856.300000 6866 0 1 99007 993 [],[980]
10.725257 857.000000 18078 0 1 99006 994 [],[55]
10.727768 857.400000 8993 0 1 99005 995 [],[2]
10.729305 857.600000 11926 0 1 99004 996 [],[2]
10.730457 857.600000 297 0 1 99003 997 [],[193]
10.731094 864.500000 73940 0 1 99002 998 [],[214]
10.732433 864.500000 34988 0 1 99001 999 [],[35]
10.732766 864.500000 2241 0 1 99000 1000 [],[2277]
