6.498124 0.200000 18987 0 1 99998 2 [],[99999]
6.843292 0.700000 14446 0 1 99997 3 [],[18987]
7.416777 2.000000 65103 0 1 99996 4 [],[18987]
8.087521 2.200000 24725 0 1 99995 5 [],[14446]
8.246854 3.800000 43325 0 1 99994 6 [],[14446]
8.554452 4.100000 3735 0 1 99993 7 [],[14446]
8.588989 4.500000 19634 0 1 99992 8 [],[18987]
8.926105 5.400000 82250 0 1 99991 9 [],[24725]
8.943173 5.500000 59172 0 1 99990 10 [],[24725]
9.386006 5.600000 48424 0 1 99989 11 [],[14446]
9.658204 5.700000 51011 0 1 99988 12 [],[14446]
9.667051 5.800000 40248 0 1 99987 13 [],[3735]
10.099966 6.000000 32537 0 1 99986 14 [],[24725]
10.292438 6.000000 13272 0 1 99985 15 [],[65103]
11.101926 7.400000 86842 0 1 99984 16 [],[24725]
11.162933 7.400000 84066 0 1 99983 17 [],[82250]
11.241354 7.400000 62642 0 1 99982 18 [],[59172]
11.559990 7.400000 77878 0 1 99981 19 [],[19634]
11.596580 7.500000 23754 0 1 99980 20 [],[19634]
11.636317 7.700000 30309 0 1 99979 21 [],[13272]
11.667795 7.800000 80822 0 1 99978 22 [],[23754]
11.870533 7.800000 58373 0 1 99977 23 [],[24725]
11.979121 7.900000 96597 0 1 99976 24 [],[14446]
12.243953 7.900000 7944 0 1 99975 25 [],[23754]
12.258415 8.500000 66002 0 1 99974 26 [],[13272]
12.332555 8.800000 30467 0 1 99973 27 [],[13272]
12.509597 8.800000 17835 0 1 99972 28 [],[43325]
12.542608 9.000000 43297 0 1 99971 29 [],[23754]
12.587938 9.000000 87593 0 1 99970 30 [],[51011]
12.592121 9.100000 77944 0 1 99969 31 [],[19634]
12.651844 9.100000 9736 0 1 99968 32 [],[7944]
12.729566 9.100000 1599 0 1 99967 33 [],[19634]
13.015070 11.500000 61062 0 1 99966 34 [],[58373]
13.174616 11.500000 29654 0 1 99965 35 [],[77878]
13.453994 12.200000 28740 0 1 99964 36 [],[13272]
13.474215 12.500000 4260 0 1 99963 37 [],[13272]
13.536738 12.900000 14189 0 1 99962 38 [],[1599]
13.709838 13.000000 113 0 1 99961 39 [],[32537]
13.711668 20.500000 27103 0 1 99960 40 [],[14446]
13.716269 21.000000 80983 0 1 99959 41 [],[113]
13.724231 21.000000 78732 0 1 99958 42 [],[30309]
13.740687 21.100000 49283 0 1 99957 43 [],[18987]
13.743324 21.100000 70132 0 1 99956 44 [],[24725]
13.768191 21.100000 8 0 1 99955 45 [],[24725]
13.776211 57.800000 18963 0 1 99954 46 [],[8]
13.792772 58.100000 68157 0 1 99953 47 [],[8]
13.815320 58.100000 40955 0 1 99952 48 [],[113]
13.835324 58.100000 58362 0 1 99951 49 [],[113]
13.865069 58.100000 95330 0 1 99950 50 [],[7944]
13.866884 58.100000 15866 0 1 99949 51 [],[8]
13.879934 58.200000 3307 0 1 99948 52 [],[8]
13.880708 58.400000 93434 0 1 99947 53 [],[29654]
13.900316 58.400000 6491 0 1 99946 54 [],[8]
13.914380 58.500000 84 0 1 99945 55 [],[8]
13.914483 69.900000 14254 0 1 99944 56 [],[8]
13.954162 70.200000 53086 0 1 99943 57 [],[8]
13.996044 70.200000 41901 0 1 99942 58 [],[84]
14.003389 70.200000 72004 0 1 99941 59 [],[113]
14.005867 70.200000 5089 0 1 99940 60 [],[8]
14.010083 70.600000 5 0 1 99939 61 [],[8]
14.013952 125.100000 8367 0 1 99938 62 [],[8]
14.046385 125.500000 8670 0 1 99937 63 [],[5]
14.048329 126.000000 23548 0 1 99936 64 [],[8]
14.053507 126.000000 29071 0 1 99935 65 [],[84]
14.058322 126.000000 31915 0 1 99934 66 [],[84]
14.066835 126.300000 31526 0 1 99933 67 [],[5]
14.092341 126.900000 34683 0 1 99932 68 [],[40955]
14.093706 127.000000 96729 0 1 99931 69 [],[5]
14.095111 127.000000 72676 0 1 99930 70 [],[5]
14.117666 127.000000 18884 0 1 99929 71 [],[4260]
14.121550 127.300000 24595 0 1 99928 72 [],[77944]
14.135193 127.500000 82194 0 1 99927 73 [],[8]
14.153886 127.600000 19973 0 1 99926 74 [],[5]
14.159561 127.800000 5585 0 1 99925 75 [],[5]
14.160534 128.400000 80835 0 1 99924 76 [],[8]
14.166577 128.500000 25994 0 1 99923 77 [],[8]
14.169531 128.700000 346 0 1 99922 78 [],[5]
14.170645 129.600000 94896 0 1 99921 79 [],[5]
14.174923 129.600000 27095 0 1 99920 80 [],[8]
14.180207 129.900000 48247 0 1 99919 81 [],[8]
14.181490 130.200000 1 0 1 99918 82 [],[5,18963]
14.191727 170.300000 69 0 1 99917 83 [],[1]
14.205218 183.100000 4211 0 1 99916 84 [],[8]
14.213296 183.200000 58273 0 1 99915 85 [],[5]
14.222213 183.300000 41234 0 1 99914 86 [],[5]
14.223239 183.400000 3 0 1 99913 87 [],[8,69,1]
14.225132 272.700000 26251 0 1 99912 88 [],[3]
14.231708 272.800000 73968 0 1 99911 89 [],[5]
14.231839 272.800000 38463 0 1 99910 90 [],[5]
14.238172 272.900000 66530 0 1 99909 91 [],[1]
14.239733 272.900000 30450 0 1 99908 92 [],[69]
14.240367 272.900000 53386 0 1 99907 93 [],[13272]
14.242402 273.000000 25715 0 1 99906 94 [],[8]
14.243240 273.100000 36408 0 1 99905 95 [],[8]
14.243564 273.400000 72153 0 1 99904 96 [],[36408]
14.244197 273.400000 1575 0 1 99903 97 [],[1599]
14.247243 276.500000 6 0 1 99902 98 [],[3,5]
14.249482 286.000000 53490 0 1 99901 99 [],[1]
14.251579 286.000000 24535 0 1 99900 100 [],[5]
14.253419 286.500000 13464 0 1 99899 101 [],[84]
14.253742 286.600000 87368 0 1 99898 102 [],[3]
14.256541 286.600000 80026 0 1 99897 103 [],[3]
14.256961 286.600000 4389 0 1 99896 104 [],[3]
14.261659 286.600000 2886 0 1 99895 105 [],[5]
14.270151 288.300000 29638 0 1 99894 106 [],[84]
14.272116 288.600000 94088 0 1 99893 107 [],[3]
14.272516 288.600000 87044 0 1 99892 108 [],[5]
14.275164 288.600000 40664 0 1 99891 109 [],[3]
14.276249 288.700000 60572 0 1 99890 110 [],[19634]
14.278006 289.000000 14044 0 1 99889 111 [],[5]
14.278034 289.400000 41919 0 1 99888 112 [],[69]
14.278437 289.400000 34751 0 1 99887 113 [],[1599]
14.282180 289.500000 444 0 1 99886 114 [],[8]
14.294269 290.200000 5562 0 1 99885 115 [],[1]
14.295617 291.400000 60873 0 1 99884 116 [],[6]
14.296547 291.400000 3078 0 1 99883 117 [],[4211]
14.302530 293.400000 108 0 1 99882 118 [],[1]
14.308764 297.200000 83719 0 1 99881 119 [],[31915]
14.309415 297.200000 82813 0 1 99880 120 [],[5]
14.314642 297.200000 19866 0 1 99879 121 [],[3]
14.317825 297.800000 78410 0 1 99878 122 [],[113]
14.320711 297.800000 26932 0 1 99877 123 [],[1]
14.325130 298.200000 81351 0 1 99876 124 [],[69]
14.331034 298.200000 33859 0 1 99875 125 [],[5]
14.336888 298.300000 75546 0 1 99874 126 [],[1575]
14.337289 298.300000 310 0 1 99873 127 [],[5562,3]
14.337665 300.900000 17682 0 1 99872 128 [],[6]
14.341125 300.900000 4293 0 1 99871 129 [],[5]
14.341805 301.600000 15953 0 1 99870 130 [],[84]
14.342422 301.600000 322 0 1 99869 131 [],[3]
14.343542 306.700000 39941 0 1 99868 132 [],[8670]
14.346608 306.700000 98661 0 1 99867 133 [],[8]
14.348003 306.700000 32283 0 1 99866 134 [],[3]
14.352211 306.900000 63845 0 1 99865 135 [],[5]
14.361301 306.900000 79099 0 1 99864 136 [],[5]
14.361533 306.900000 27340 0 1 99863 137 [],[1]
14.366023 306.900000 14079 0 1 99862 138 [],[5]
14.370586 307.200000 35668 0 1 99861 139 [],[5]
14.370806 307.200000 77117 0 1 99860 140 [],[3]
14.371281 307.300000 6318 0 1 99859 141 [],[6]
14.377373 307.800000 19561 0 1 99858 142 [],[3]
14.381275 307.900000 73933 0 1 99857 143 [],[3]
14.381871 307.900000 14007 0 1 99856 144 [],[6]
14.382163 307.900000 18889 0 1 99855 145 [],[8]
14.386974 308.100000 25894 0 1 99854 146 [],[3]
14.389307 308.300000 15002 0 1 99853 147 [],[69]
14.389566 308.400000 44979 0 1 99852 148 [],[1]
14.394377 308.800000 39424 0 1 99851 149 [],[1599]
14.397430 308.900000 4698 0 1 99850 150 [],[5]
14.399323 310.100000 87109 0 1 99849 151 [],[1]
14.399495 310.100000 68399 0 1 99848 152 [],[1599]
14.402800 310.100000 2399 0 1 99847 153 [],[1]
14.402876 310.700000 800 0 1 99846 154 [],[60572,3]
14.404456 316.000000 8014 0 1 99845 155 [],[1]
14.409623 316.400000 8637 0 1 99844 156 [],[5]
14.417387 316.900000 22701 0 1 99843 157 [],[13464]
14.418124 317.100000 1254 0 1 99842 158 [],[1]
14.425389 318.200000 40607 0 1 99841 159 [],[3]
14.426525 318.300000 14127 0 1 99840 160 [],[84]
14.442041 319.100000 72902 0 1 99839 161 [],[3]
14.442539 319.300000 17444 0 1 99838 162 [],[3]
14.445636 319.400000 82526 0 1 99837 163 [],[3]
14.446168 319.400000 92723 0 1 99836 164 [],[5]
14.447182 319.400000 57687 0 1 99835 165 [],[5562]
14.448533 319.500000 12868 0 1 99834 166 [],[108]
14.450753 319.500000 22212 0 1 99833 167 [],[5]
14.453950 319.500000 44554 0 1 99832 168 [],[1]
14.458537 319.600000 5061 0 1 99831 169 [],[310]
14.458633 319.900000 32733 0 1 99830 170 [],[1]
14.461148 320.000000 755 0 1 99829 171 [],[1]
14.462100 320.800000 8731 0 1 99828 172 [],[8]
14.463128 320.900000 6621 0 1 99827 173 [],[5]
14.467787 321.200000 2080 0 1 99826 174 [],[113]
14.476150 322.500000 73943 0 1 99825 175 [],[108]
14.476809 322.600000 6282 0 1 99824 176 [],[8367,5]
14.479879 322.800000 42122 0 1 99823 177 [],[69]
14.481661 322.800000 22623 0 1 99822 178 [],[8]
14.484234 323.400000 10026 0 1 99821 179 [],[8670]
14.484710 323.400000 14298 0 1 99820 180 [],[1]
14.485561 324.100000 82992 0 1 99819 181 [],[5]
14.485897 324.100000 50560 0 1 99818 182 [],[3]
14.489736 324.200000 90919 0 1 99817 183 [],[18884]
14.490052 324.200000 10401 0 1 99816 184 [],[3]
14.500149 324.700000 37134 0 1 99815 185 [],[5]
14.501122 324.800000 8302 0 1 99814 186 [],[1575]
14.508348 325.500000 51261 0 1 99813 187 [],[310]
14.512727 325.700000 84807 0 1 99812 188 [],[5]
14.512964 325.700000 55293 0 1 99811 189 [],[444]
14.513165 325.700000 9627 0 1 99810 190 [],[8]
14.520005 326.100000 1920 0 1 99809 191 [],[1,5]
14.521804 327.000000 8415 0 1 99808 192 [],[1]
14.523826 327.400000 54589 0 1 99807 193 [],[1]
14.525667 327.400000 6593 0 1 99806 194 [],[1]
14.527800 327.900000 49307 0 1 99805 195 [],[1]
14.529476 328.100000 2985 0 1 99804 196 [],[3]
14.531210 329.300000 77556 0 1 99803 197 [],[3]
14.532584 329.400000 94640 0 1 99802 198 [],[19973]
14.532727 329.400000 16145 0 1 99801 199 [],[5]
14.533655 329.800000 4489 0 1 99800 200 [],[4293]
14.535112 330.300000 26033 0 1 99799 201 [],[5]
14.536881 331.400000 60932 0 1 99798 202 [],[8]
14.537395 331.600000 26345 0 1 99797 203 [],[113]
14.539665 331.700000 29949 0 1 99796 204 [],[1]
14.543927 331.800000 37203 0 1 99795 205 [],[3]
14.544258 331.900000 10628 0 1 99794 206 [],[1]
14.544633 331.900000 84978 0 1 99793 207 [],[48247]
14.549320 331.900000 7584 0 1 99792 208 [],[1920]
14.550963 332.200000 38244 0 1 99791 209 [],[3]
14.551933 332.200000 11805 0 1 99790 210 [],[5]
14.553129 333.300000 48807 0 1 99789 211 [],[69]
14.556753 333.300000 3206 0 1 99788 212 [],[3]
14.558579 334.200000 21140 0 1 99787 213 [],[8]
14.558981 334.400000 28671 0 1 99786 214 [],[14298]
14.560393 334.600000 21774 0 1 99785 215 [],[755]
14.561021 334.900000 70365 0 1 99784 216 [],[8]
14.561544 334.900000 5918 0 1 99783 217 [],[6621]
14.563554 335.100000 40129 0 1 99782 218 [],[84]
14.567114 335.100000 3688 0 1 99781 219 [],[3]
14.567389 337.400000 194 0 1 99780 220 [],[8]
14.567444 343.000000 32395 0 1 99779 221 [],[310]
14.569018 343.000000 33244 0 1 99778 222 [],[5]
14.569060 343.000000 94598 0 1 99777 223 [],[3]
14.574099 343.000000 34947 0 1 99776 224 [],[6]
14.579933 343.500000 33730 0 1 99775 225 [],[1]
14.581661 343.500000 91603 0 1 99774 226 [],[1]
14.582234 343.500000 25921 0 1 99773 227 [],[5]
14.583341 343.800000 72660 0 1 99772 228 [],[8]
14.584860 343.900000 58151 0 1 99771 229 [],[3]
14.591335 344.000000 41610 0 1 99770 230 [],[3]
14.596547 344.100000 82825 0 1 99769 231 [],[3]
14.596778 344.200000 20828 0 1 99768 232 [],[1]
14.597173 344.200000 59855 0 1 99767 233 [],[8]
14.599114 344.200000 8385 0 1 99766 234 [],[84]
14.606996 345.100000 82839 0 1 99765 235 [],[3]
14.610586 345.100000 5921 0 1 99764 236 [],[69]
14.614142 347.200000 7348 0 1 99763 237 [],[3]
14.615183 347.400000 93867 0 1 99762 238 [],[6593]
14.618987 347.400000 15069 0 1 99761 239 [],[8]
14.623715 347.600000 28374 0 1 99760 240 [],[8]
14.627876 347.800000 85371 0 1 99759 241 [],[41234]
14.628626 347.800000 60559 0 1 99758 242 [],[8]
14.635091 347.800000 18655 0 1 99757 243 [],[18884]
14.635114 348.100000 83982 0 1 99756 244 [],[2985]
14.635233 348.100000 71023 0 1 99755 245 [],[1]
14.636694 348.100000 90002 0 1 99754 246 [],[14127]
14.638973 348.100000 27084 0 1 99753 247 [],[5]
14.648498 348.300000 965 0 1 99752 248 [],[755]
14.648682 348.500000 93452 0 1 99751 249 [],[194]
14.652104 348.500000 22612 0 1 99750 250 [],[8385]
14.656999 348.700000 71566 0 1 99749 251 [],[53386]
14.658631 348.800000 74700 0 1 99748 252 [],[3]
14.658935 348.900000 292 0 1 99747 253 [],[5]
14.659132 354.500000 40877 0 1 99746 254 [],[24725]
14.659669 354.600000 7830 0 1 99745 255 [],[2399]
14.663315 354.800000 8630 0 1 99744 256 [],[3]
14.667875 355.200000 12383 0 1 99743 257 [],[113]
14.672369 355.500000 33297 0 1 99742 258 [],[26932]
14.673037 355.500000 40680 0 1 99741 259 [],[5]
14.675869 355.600000 1943 0 1 99740 260 [],[8]
14.678015 355.800000 49500 0 1 99739 261 [],[3]
14.682495 355.800000 2054 0 1 99738 262 [],[6]
14.682650 357.900000 49321 0 1 99737 263 [],[99999]
14.690318 358.000000 51690 0 1 99736 264 [],[444]
14.692289 358.100000 790 0 1 99735 265 [],[8]
14.695432 361.100000 3547 0 1 99734 266 [],[11805]
14.698424 362.500000 25602 0 1 99733 267 [],[69]
14.704421 362.500000 533 0 1 99732 268 [],[37134]
14.707662 365.500000 34796 0 1 99731 269 [],[8]
14.708167 365.800000 2021 0 1 99730 270 [],[194]
14.708504 366.100000 1259 0 1 99729 271 [],[113]
14.709053 366.400000 55449 0 1 99728 272 [],[3]
14.709348 366.700000 57277 0 1 99727 273 [],[1]
14.714988 366.700000 40 0 1 99726 274 [],[3]
14.715709 370.900000 37914 0 1 99725 275 [],[5]
14.718105 370.900000 84914 0 1 99724 276 [],[5]
14.718644 370.900000 20814 0 1 99723 277 [],[3]
14.722439 371.200000 9801 0 1 99722 278 [],[5]
14.724823 371.500000 5544 0 1 99721 279 [],[1]
14.726336 372.600000 9147 0 1 99720 280 [],[3]
14.727966 372.700000 72109 0 1 99719 281 [],[3]
14.728057 372.700000 70126 0 1 99718 282 [],[14079]
14.729707 372.900000 6222 0 1 99717 283 [],[292]
14.730276 373.000000 9024 0 1 99716 284 [],[3]
14.732154 373.200000 5118 0 1 99715 285 [],[108]
14.737914 373.600000 816 0 1 99714 286 [],[194]
14.744808 376.000000 623 0 1 99713 287 [],[3]
14.744916 376.900000 60323 0 1 99712 288 [],[69]
14.747990 377.300000 97898 0 1 99711 289 [],[84]
14.749453 377.300000 27887 0 1 99710 290 [],[8]
14.753316 377.400000 18450 0 1 99709 291 [],[5]
14.760857 377.500000 14108 0 1 99708 292 [],[8]
14.761312 377.500000 71556 0 1 99707 293 [],[5]
14.765246 377.500000 40783 0 1 99706 294 [],[8]
14.767356 377.700000 97413 0 1 99705 295 [],[8]
14.772050 377.700000 383 0 1 99704 296 [],[3,5]
14.772876 380.700000 29740 0 1 99703 297 [],[22623]
14.774344 380.700000 76742 0 1 99702 298 [],[108]
14.774406 380.700000 136 0 1 99701 299 [],[194,113]
14.774525 384.800000 18102 0 1 99700 300 [],[1]
14.778439 385.300000 296 0 1 99699 301 [],[78410]
14.780565 390.600000 30812 0 1 99698 302 [],[533]
14.781204 390.600000 13611 0 1 99697 303 [],[8302]
14.782482 390.800000 49592 0 1 99696 304 [],[113]
14.782501 390.900000 21892 0 1 99695 305 [],[5]
14.784107 391.000000 72965 0 1 99694 306 [],[5]
14.787958 391.000000 67205 0 1 99693 307 [],[87368]
14.793177 391.300000 24768 0 1 99692 308 [],[5]
14.793996 391.800000 15854 0 1 99691 309 [],[69]
14.796606 391.800000 47588 0 1 99690 310 [],[6]
14.797280 391.900000 87633 0 1 99689 311 [],[3]
14.799969 391.900000 45251 0 1 99688 312 [],[322]
14.801672 392.000000 6987 0 1 99687 313 [],[3]
14.803435 392.400000 34792 0 1 99686 314 [],[113]
14.803895 392.500000 5893 0 1 99685 315 [],[6]
14.807053 392.500000 3438 0 1 99684 316 [],[3,8]
14.809782 394.500000 6980 0 1 99683 317 [],[5]
14.811369 395.800000 69997 0 1 99682 318 [],[1575]
14.811747 396.000000 2125 0 1 99681 319 [],[5]
14.816358 399.800000 17692 0 1 99680 320 [],[8]
14.817717 399.800000 32178 0 1 99679 321 [],[113]
14.822523 400.200000 11413 0 1 99678 322 [],[3]
14.824493 400.600000 74438 0 1 99677 323 [],[21774]
14.824558 400.700000 59476 0 1 99676 324 [],[3]
14.824902 400.800000 88688 0 1 99675 325 [],[113]
14.824909 400.800000 4409 0 1 99674 326 [],[5]
14.827328 402.700000 3727 0 1 99673 327 [],[1]
14.831041 402.900000 65344 0 1 99672 328 [],[12383]
14.831909 402.900000 86966 0 1 99671 329 [],[8]
14.831943 402.900000 61307 0 1 99670 330 [],[66530]
14.836401 403.100000 8998 0 1 99669 331 [],[3]
14.841258 403.200000 40512 0 1 99668 332 [],[194]
14.841688 403.200000 41175 0 1 99667 333 [],[4698]
14.843955 403.200000 38015 0 1 99666 334 [],[5]
14.844285 403.200000 62994 0 1 99665 335 [],[3]
14.847473 403.200000 27828 0 1 99664 336 [],[3]
14.850172 403.400000 33511 0 1 99663 337 [],[5]
14.852251 403.500000 13030 0 1 99662 338 [],[8]
14.853019 403.900000 26848 0 1 99661 339 [],[1]
14.858858 404.200000 14836 0 1 99660 340 [],[1]
14.860884 404.900000 3607 0 1 99659 341 [],[8,69]
14.861189 406.200000 20232 0 1 99658 342 [],[8]
14.863101 406.200000 25636 0 1 99657 343 [],[1]
14.865291 406.600000 91014 0 1 99656 344 [],[8]
14.873109 406.600000 50604 0 1 99655 345 [],[3]
14.874072 406.600000 4633 0 1 99654 346 [],[1]
14.878691 407.900000 3812 0 1 99653 347 [],[1]
14.879296 408.500000 78208 0 1 99652 348 [],[1]
14.879384 408.600000 134 0 1 99651 349 [],[34751,3,69]
14.885650 421.500000 76319 0 1 99650 350 [],[5]
14.891038 421.500000 2616 0 1 99649 351 [],[5544]
14.891375 425.200000 11034 0 1 99648 352 [],[2616]
14.891982 426.500000 90536 0 1 99647 353 [],[3]
14.896885 426.500000 45446 0 1 99646 354 [],[3]
14.901358 426.800000 39294 0 1 99645 355 [],[1,24768]
14.901583 426.800000 10684 0 1 99644 356 [],[5]
14.903521 427.500000 20281 0 1 99643 357 [],[1]
14.904256 427.600000 54802 0 1 99642 358 [],[25994]
14.904696 427.600000 12284 0 1 99641 359 [],[3]
14.906094 428.000000 10904 0 1 99640 360 [],[134]
14.910153 428.500000 82545 0 1 99639 361 [],[3]
14.910745 428.600000 31 0 1 99638 362 [],[17682]
14.913060 438.500000 21973 0 1 99637 363 [],[1]
14.913260 438.500000 35012 0 1 99636 364 [],[5]
14.916421 438.500000 83366 0 1 99635 365 [],[3]
14.917049 438.600000 3523 0 1 99634 366 [],[7584]
14.925601 440.200000 63261 0 1 99633 367 [],[5]
14.934458 440.200000 53802 0 1 99632 368 [],[136]
14.941374 440.200000 33234 0 1 99631 369 [],[26033]
14.941452 440.200000 713 0 1 99630 370 [],[194]
14.952066 441.100000 28922 0 1 99629 371 [],[5]
14.952154 441.400000 21477 0 1 99628 372 [],[134]
14.952438 442.200000 45884 0 1 99627 373 [],[3]
14.955234 442.400000 99409 0 1 99626 374 [],[28740]
14.955511 442.400000 96526 0 1 99625 375 [],[5]
14.959052 442.400000 42765 0 1 99624 376 [],[10401]
14.960804 442.400000 40851 0 1 99623 377 [],[5]
14.961725 442.400000 38145 0 1 99622 378 [],[28374]
14.962722 442.600000 14563 0 1 99621 379 [],[3]
14.969233 442.800000 2540 0 1 99620 380 [],[292]
14.970917 443.000000 54090 0 1 99619 381 [],[8]
14.972509 443.000000 58113 0 1 99618 382 [],[5]
14.973159 443.000000 2537 0 1 99617 383 [],[2054]
14.973674 444.600000 60163 0 1 99616 384 [],[322]
14.974770 444.600000 34935 0 1 99615 385 [],[6,800]
14.979792 444.600000 29469 0 1 99614 386 [],[292]
14.980663 444.700000 69349 0 1 99613 387 [],[136]
14.981798 444.900000 73664 0 1 99612 388 [],[2125]
14.982136 444.900000 88526 0 1 99611 389 [],[6282]
14.982562 445.000000 63446 0 1 99610 390 [],[8]
14.982960 445.000000 3123 0 1 99609 391 [],[5]
14.983669 445.000000 67152 0 1 99608 392 [],[5]
14.985375 445.000000 11999 0 1 99607 393 [],[98661]
14.986311 445.700000 5226 0 1 99606 394 [],[48247]
14.991586 446.700000 50271 0 1 99605 395 [],[5]
14.993055 446.800000 32972 0 1 99604 396 [],[82813]
14.996689 446.900000 16841 0 1 99603 397 [],[40512,296]
15.001047 447.100000 82221 0 1 99602 398 [],[1]
15.001716 447.100000 57149 0 1 99601 399 [],[3]
15.003123 447.300000 4705 0 1 99600 400 [],[134]
