4.338744 0.200000 28727 0 1 99998 2 [],[99999]
4.445147 0.500000 2617 0 1 99997 3 [],[28727]
4.538629 2.200000 19 0 1 99996 4 [],[2617]
4.543265 15.800000 7074 0 1 99995 5 [],[19]
4.566483 16.300000 89322 0 1 99994 6 [],[19]
4.571001 16.300000 42201 0 1 99993 7 [],[19]
4.571825 16.500000 55557 0 1 99992 8 [],[19]
4.601901 16.500000 1267 0 1 99991 9 [],[19]
4.627694 17.100000 27498 0 1 99990 10 [],[19]
4.712252 17.200000 105 0 1 99989 11 [],[19]
4.713909 22.700000 47070 0 1 99988 12 [],[19]
4.715675 22.700000 23583 0 1 99987 13 [],[105]
4.760746 22.800000 7921 0 1 99986 14 [],[105]
4.768314 23.600000 74911 0 1 99985 15 [],[19]
4.787882 23.600000 5793 0 1 99984 16 [],[19]
4.836483 24.400000 64114 0 1 99983 17 [],[19]
4.869835 24.400000 71203 0 1 99982 18 [],[19]
4.941833 24.500000 1441 0 1 99981 19 [],[19]
4.965926 24.800000 6306 0 1 99980 20 [],[19]
4.998168 24.900000 36159 0 1 99979 21 [],[2617]
5.077436 24.900000 7336 0 1 99978 22 [],[19]
5.091263 24.900000 8399 0 1 99977 23 [],[27498]
5.121266 27.700000 32788 0 1 99976 24 [],[19]
5.175644 27.700000 24847 0 1 99975 25 [],[7921]
5.178834 27.800000 53947 0 1 99974 26 [],[19]
5.208533 27.900000 92473 0 1 99973 27 [],[19]
5.210457 27.900000 15073 0 1 99972 28 [],[19]
5.367083 27.900000 94343 0 1 99971 29 [],[8399]
5.429089 27.900000 154 0 1 99970 30 [],[19]
5.458931 30.200000 13412 0 1 99969 31 [],[8399]
5.505110 30.400000 57438 0 1 99968 32 [],[19]
5.518276 30.400000 2114 0 1 99967 33 [],[19]
5.570371 30.500000 34138 0 1 99966 34 [],[105]
5.607831 30.600000 99697 0 1 99965 35 [],[19]
5.611769 30.600000 6076 0 1 99964 36 [],[105]
5.678981 31.200000 45486 0 1 99963 37 [],[154]
5.708937 31.600000 19530 0 1 99962 38 [],[19]
5.714743 31.800000 6154 0 1 99961 39 [],[105]
5.745335 32.400000 44448 0 1 99960 40 [],[19]
5.814812 32.500000 9373 0 1 99959 41 [],[19530]
5.834871 33.900000 36158 0 1 99958 42 [],[19]
5.842211 33.900000 38770 0 1 99957 43 [],[74911]
5.845513 34.000000 535 0 1 99956 44 [],[5793]
5.924537 37.500000 3195 0 1 99955 45 [],[2617]
5.974968 37.500000 5636 0 1 99954 46 [],[19]
6.026195 38.600000 27527 0 1 99953 47 [],[19]
6.062962 38.700000 2423 0 1 99952 48 [],[154]
6.093148 38.900000 58546 0 1 99951 49 [],[19]
6.113039 38.900000 97543 0 1 99950 50 [],[154]
6.119823 38.900000 74153 0 1 99949 51 [],[19]
6.148810 39.000000 59821 0 1 99948 52 [],[19]
6.152975 39.100000 36072 0 1 99947 53 [],[5636]
6.158641 39.200000 29865 0 1 99946 54 [],[1267]
6.182180 39.200000 75903 0 1 99945 55 [],[19]
6.183909 39.200000 75837 0 1 99944 56 [],[27527]
6.238321 39.200000 60817 0 1 99943 57 [],[99999]
6.297127 39.400000 26108 0 1 99942 58 [],[154]
6.317323 39.400000 63011 0 1 99941 59 [],[2423]
6.319844 39.400000 61284 0 1 99940 60 [],[105]
6.323006 39.400000 10532 0 1 99939 61 [],[2617]
6.325862 39.600000 87723 0 1 99938 62 [],[53947]
6.338388 39.600000 10799 0 1 99937 63 [],[19]
6.357099 40.200000 10844 0 1 99936 64 [],[154]
6.365935 40.800000 91904 0 1 99935 65 [],[10799]
6.401888 40.800000 1688 0 1 99934 66 [],[2617]
6.409745 42.300000 39608 0 1 99933 67 [],[5793]
6.429619 42.500000 32131 0 1 99932 68 [],[19]
6.499078 42.600000 78958 0 1 99931 69 [],[1688]
6.507832 42.600000 23796 0 1 99930 70 [],[154]
6.526894 42.800000 93067 0 1 99929 71 [],[1688]
6.597628 42.800000 80319 0 1 99928 72 [],[24847]
6.601000 42.800000 22244 0 1 99927 73 [],[19]
6.602853 42.800000 99598 0 1 99926 74 [],[9373]
6.611518 42.800000 66693 0 1 99925 75 [],[19]
6.646042 42.800000 69409 0 1 99924 76 [],[9373]
6.649327 42.800000 1638 0 1 99923 77 [],[19]
6.702613 44.200000 50213 0 1 99922 78 [],[19]
6.773007 44.300000 56011 0 1 99921 79 [],[19]
6.812525 44.300000 66449 0 1 99920 80 [],[8399]
6.825449 44.300000 39235 0 1 99919 81 [],[19]
6.827604 44.300000 1571 0 1 99918 82 [],[60817]
6.856811 48.200000 56375 0 1 99917 83 [],[154]
6.867165 48.200000 25788 0 1 99916 84 [],[8399]
6.889485 48.200000 986 0 1 99915 85 [],[66449]
6.891230 51.400000 949 0 1 99914 86 [],[2114]
6.893008 56.700000 6303 0 1 99913 87 [],[42201]
6.908112 58.300000 75731 0 1 99912 88 [],[2617]
6.908227 58.300000 23550 0 1 99911 89 [],[19]
6.926086 58.600000 34827 0 1 99910 90 [],[1441]
6.928978 58.900000 3609 0 1 99909 91 [],[55557]
6.946404 59.400000 9225 0 1 99908 92 [],[949]
7.012021 59.600000 6546 0 1 99907 93 [],[986]
7.015578 60.000000 797 0 1 99906 94 [],[23796]
7.127525 67.600000 83899 0 1 99905 95 [],[6546]
7.130684 67.600000 19977 0 1 99904 96 [],[105]
7.175206 67.600000 52045 0 1 99903 97 [],[6306]
7.186585 67.600000 22819 0 1 99902 98 [],[1571]
7.193324 68.000000 2161 0 1 99901 99 [],[986]
7.202175 68.600000 32515 0 1 99900 100 [],[1638]
7.209249 69.000000 12755 0 1 99899 101 [],[6154]
7.209864 69.100000 5096 0 1 99898 102 [],[1571]
7.214264 69.100000 600 0 1 99897 103 [],[1571]
7.221523 74.900000 2459 0 1 99896 104 [],[949]
7.234297 74.900000 22239 0 1 99895 105 [],[797]
7.260414 75.000000 2120 0 1 99894 106 [],[7921]
7.264112 77.500000 10682 0 1 99893 107 [],[797]
7.275581 77.800000 49148 0 1 99892 108 [],[9373]
7.295564 77.900000 42583 0 1 99891 109 [],[34827]
7.361553 77.900000 5259 0 1 99890 110 [],[1638]
7.372366 79.100000 947 0 1 99889 111 [],[63011]
7.377251 79.800000 49696 0 1 99888 112 [],[154]
7.415241 80.200000 19276 0 1 99887 113 [],[949]
7.435981 80.200000 826 0 1 99886 114 [],[19]
7.448033 82.500000 73200 0 1 99885 115 [],[154]
7.450565 82.600000 18525 0 1 99884 116 [],[19]
7.452941 82.600000 25872 0 1 99883 117 [],[19]
7.456638 82.700000 65918 0 1 99882 118 [],[6076]
7.462709 82.700000 99982 0 1 99881 119 [],[8399]
7.473240 82.700000 62238 0 1 99880 120 [],[535]
7.485806 82.700000 17003 0 1 99879 121 [],[19]
7.517013 83.100000 12050 0 1 99878 122 [],[10844]
7.519329 83.500000 12342 0 1 99877 123 [],[600,1688]
7.559798 83.800000 33639 0 1 99876 124 [],[2161]
7.569764 84.000000 61739 0 1 99875 125 [],[19]
7.582174 84.000000 67394 0 1 99874 126 [],[22819]
7.584220 84.000000 60505 0 1 99873 127 [],[535]
7.617900 84.000000 94929 0 1 99872 128 [],[19]
7.621032 84.000000 31531 0 1 99871 129 [],[6154]
7.623011 84.300000 17406 0 1 99870 130 [],[10799]
7.650049 84.500000 31833 0 1 99869 131 [],[5259]
7.663369 84.500000 23996 0 1 99868 132 [],[7074]
7.688453 84.700000 19251 0 1 99867 133 [],[8399]
7.689817 84.900000 61116 0 1 99866 134 [],[19]
7.690245 85.000000 328 0 1 99865 135 [],[19]
7.696599 89.000000 7617 0 1 99864 136 [],[19]
7.700383 89.300000 30839 0 1 99863 137 [],[600]
7.731421 89.400000 4908 0 1 99862 138 [],[17406]
7.739571 90.800000 59702 0 1 99861 139 [],[1638]
7.765918 90.800000 76259 0 1 99860 140 [],[10532]
7.768063 90.800000 43641 0 1 99859 141 [],[19]
7.776449 90.800000 72401 0 1 99858 142 [],[19]
7.780798 90.800000 503 0 1 99857 143 [],[91904]
7.783171 93.600000 53050 0 1 99856 144 [],[6303]
7.814845 93.700000 6538 0 1 99855 145 [],[1267]
7.828384 93.800000 39317 0 1 99854 146 [],[328]
7.846234 94.000000 88486 0 1 99853 147 [],[1688]
7.864957 94.000000 43026 0 1 99852 148 [],[61116]
7.866193 94.400000 30223 0 1 99851 149 [],[7921]
7.870281 94.400000 24308 0 1 99850 150 [],[2617]
7.878818 94.500000 58509 0 1 99849 151 [],[23550]
7.890041 94.500000 54919 0 1 99848 152 [],[797]
7.897283 94.700000 71699 0 1 99847 153 [],[5259]
7.899151 94.700000 43384 0 1 99846 154 [],[949]
7.934253 94.700000 23814 0 1 99845 155 [],[88486]
7.949196 95.000000 63095 0 1 99844 156 [],[5259]
7.956961 95.200000 3199 0 1 99843 157 [],[36158]
7.959232 96.400000 21542 0 1 99842 158 [],[12755]
7.974328 96.500000 72957 0 1 99841 159 [],[600]
7.993276 96.600000 38675 0 1 99840 160 [],[1571]
8.002971 96.800000 97287 0 1 99839 161 [],[986]
8.007165 96.800000 40212 0 1 99838 162 [],[1571]
8.017530 96.800000 20179 0 1 99837 163 [],[2120]
8.019651 96.900000 17311 0 1 99836 164 [],[535]
8.031108 97.300000 65992 0 1 99835 165 [],[6303]
8.050208 97.400000 1333 0 1 99834 166 [],[797]
8.059284 101.000000 82654 0 1 99833 167 [],[54919]
8.066097 101.000000 83734 0 1 99832 168 [],[797]
8.082227 101.000000 2749 0 1 99831 169 [],[328]
8.093587 101.600000 25126 0 1 99830 170 [],[10844]
8.096079 101.700000 3168 0 1 99829 171 [],[328]
8.112489 103.700000 92306 0 1 99828 172 [],[600]
8.114314 103.700000 31901 0 1 99827 173 [],[23996]
8.117382 103.900000 96435 0 1 99826 174 [],[34827]
8.134508 104.000000 53271 0 1 99825 175 [],[5259]
8.150996 104.100000 12566 0 1 99824 176 [],[2120]
8.182860 104.300000 7272 0 1 99823 177 [],[105]
8.210557 104.900000 15350 0 1 99822 178 [],[5636]
8.227609 106.600000 2277 0 1 99821 179 [],[949]
8.228743 108.700000 85332 0 1 99820 180 [],[949]
8.243043 108.700000 9091 0 1 99819 181 [],[600]
8.245010 109.300000 4452 0 1 99818 182 [],[12566]
8.252820 110.400000 22363 0 1 99817 183 [],[19]
8.268787 111.000000 20682 0 1 99816 184 [],[1571]
8.272898 111.000000 2939 0 1 99815 185 [],[19]
8.275634 111.100000 66875 0 1 99814 186 [],[503]
8.277592 111.100000 54753 0 1 99813 187 [],[2749]
8.280237 111.200000 14094 0 1 99812 188 [],[1333]
8.288899 111.400000 2878 0 1 99811 189 [],[2120]
8.293624 112.700000 36872 0 1 99810 190 [],[797]
8.311035 112.700000 3759 0 1 99809 191 [],[105]
8.327750 112.700000 28190 0 1 99808 192 [],[17003]
8.355712 112.800000 18830 0 1 99807 193 [],[600]
8.385014 113.000000 61676 0 1 99806 194 [],[45486]
8.403774 113.000000 68997 0 1 99805 195 [],[92306]
8.411582 113.100000 6121 0 1 99804 196 [],[986]
8.419962 113.400000 7385 0 1 99803 197 [],[23814]
8.421126 114.100000 50689 0 1 99802 198 [],[65918]
8.434586 114.300000 62548 0 1 99801 199 [],[2114]
8.435671 114.300000 33163 0 1 99800 200 [],[12566]
8.436077 114.300000 987 0 1 99799 201 [],[19]
8.441550 116.300000 72498 0 1 99798 202 [],[38675]
8.444281 116.400000 48150 0 1 99797 203 [],[797]
8.447359 116.500000 4667 0 1 99796 204 [],[328]
8.455214 118.400000 23263 0 1 99795 205 [],[38770]
8.457249 118.700000 25288 0 1 99794 206 [],[22363]
8.471192 118.800000 428 0 1 99793 207 [],[105]
8.476177 121.200000 30684 0 1 99792 208 [],[105]
8.480925 121.200000 30457 0 1 99791 209 [],[797]
8.481891 121.200000 16042 0 1 99790 210 [],[1638]
8.483936 121.400000 59401 0 1 99789 211 [],[19]
8.484987 121.500000 27864 0 1 99788 212 [],[6303]
8.486300 121.500000 498 0 1 99787 213 [],[24847]
8.501905 126.400000 41912 0 1 99786 214 [],[498]
8.507952 126.500000 48919 0 1 99785 215 [],[19]
8.510806 126.600000 39296 0 1 99784 216 [],[503]
8.511435 126.700000 2928 0 1 99783 217 [],[949]
8.515172 129.100000 10052 0 1 99782 218 [],[6303]
8.519963 129.400000 488 0 1 99781 219 [],[498,503]
8.522333 141.300000 19851 0 1 99780 220 [],[5259]
8.530742 141.600000 7561 0 1 99779 221 [],[949]
8.531951 143.000000 19966 0 1 99778 222 [],[488]
8.537218 143.500000 19702 0 1 99777 223 [],[105]
8.538398 143.500000 7255 0 1 99776 224 [],[4908]
8.540076 143.800000 94070 0 1 99775 225 [],[498]
8.543415 143.800000 93701 0 1 99774 226 [],[17311]
8.544394 143.800000 41234 0 1 99773 227 [],[488]
8.555792 143.900000 2951 0 1 99772 228 [],[2928]
8.555839 145.300000 18362 0 1 99771 229 [],[1571]
8.556487 145.500000 10306 0 1 99770 230 [],[949]
8.556780 145.600000 80983 0 1 99769 231 [],[17311]
8.576525 145.600000 7541 0 1 99768 232 [],[797]
8.583751 145.800000 67344 0 1 99767 233 [],[2928]
8.595060 145.900000 36672 0 1 99766 234 [],[10052]
8.599556 146.000000 57754 0 1 99765 235 [],[15350]
8.611061 146.200000 89446 0 1 99764 236 [],[2617]
8.611665 146.200000 54755 0 1 99763 237 [],[498]
8.611971 146.400000 27083 0 1 99762 238 [],[488]
8.617764 146.600000 35430 0 1 99761 239 [],[154]
8.624726 146.600000 4362 0 1 99760 240 [],[488]
8.632625 147.200000 55993 0 1 99759 241 [],[105]
8.637384 147.500000 72773 0 1 99758 242 [],[12342]
8.650404 147.500000 61232 0 1 99757 243 [],[498]
8.663999 147.500000 40003 0 1 99756 244 [],[498]
8.665201 147.600000 15827 0 1 99755 245 [],[4452]
8.674550 147.800000 50185 0 1 99754 246 [],[154]
8.679633 147.900000 29373 0 1 99753 247 [],[498]
8.682256 148.200000 74040 0 1 99752 248 [],[10052]
8.682983 148.200000 14155 0 1 99751 249 [],[600]
8.689681 148.400000 62026 0 1 99750 250 [],[43026]
8.711160 148.500000 87378 0 1 99749 251 [],[1333]
8.720006 148.500000 30043 0 1 99748 252 [],[7272]
8.722954 148.700000 96135 0 1 99747 253 [],[986]
8.731538 148.700000 50744 0 1 99746 254 [],[797]
8.734294 148.700000 99887 0 1 99745 255 [],[488]
8.742477 148.700000 9986 0 1 99744 256 [],[19]
8.759205 148.900000 45950 0 1 99743 257 [],[19]
8.761657 148.900000 22123 0 1 99742 258 [],[22239]
8.766535 149.200000 79951 0 1 99741 259 [],[986]
8.780759 149.200000 61627 0 1 99740 260 [],[7617]
8.789542 149.400000 89876 0 1 99739 261 [],[3199]
8.807029 149.400000 4878 0 1 99738 262 [],[154]
8.824889 150.200000 19998 0 1 99737 263 [],[949]
8.828641 150.300000 99970 0 1 99736 264 [],[4667]
8.828719 150.300000 2296 0 1 99735 265 [],[105]
8.850378 151.100000 18779 0 1 99734 266 [],[19]
8.850821 151.200000 83490 0 1 99733 267 [],[797]
8.855682 151.200000 55601 0 1 99732 268 [],[1571]
8.856720 151.200000 4404 0 1 99731 269 [],[503]
8.859847 151.400000 45602 0 1 99730 270 [],[61232]
8.861436 151.700000 35823 0 1 99729 271 [],[83899]
8.868382 151.800000 3140 0 1 99728 272 [],[66875,72773,1571]
8.873479 152.200000 2592 0 1 99727 273 [],[28727]
8.876361 153.000000 64028 0 1 99726 274 [],[45486]
8.889416 153.000000 387 0 1 99725 275 [],[31833]
8.915510 157.800000 78696 0 1 99724 276 [],[797]
8.920257 157.800000 52332 0 1 99723 277 [],[949]
8.924362 158.100000 16966 0 1 99722 278 [],[986]
8.926124 158.100000 17007 0 1 99721 279 [],[947]
8.926880 158.400000 45716 0 1 99720 280 [],[488]
8.942230 158.500000 99416 0 1 99719 281 [],[10799]
8.944569 158.500000 39133 0 1 99718 282 [],[19]
8.949425 158.600000 93243 0 1 99717 283 [],[39133]
8.952410 158.600000 30 0 1 99716 284 [],[7617]
8.957155 176.600000 98915 0 1 99715 285 [],[19]
8.964033 176.600000 17618 0 1 99714 286 [],[797]
8.974403 176.700000 52641 0 1 99713 287 [],[105]
8.979505 176.700000 18038 0 1 99712 288 [],[488]
8.988986 177.000000 49661 0 1 99711 289 [],[14155]
8.989223 177.000000 68605 0 1 99710 290 [],[328]
9.000057 177.000000 38998 0 1 99709 291 [],[797]
9.003900 177.300000 86858 0 1 99708 292 [],[49696]
9.019579 177.300000 28080 0 1 99707 293 [],[10682,19530]
9.024922 177.100000 43986 0 1 99706 294 [],[30]
9.028630 177.100000 68877 0 1 99705 295 [],[43026]
9.031772 177.200000 52234 0 1 99704 296 [],[797]
9.040157 177.500000 95440 0 1 99703 297 [],[987]
9.045624 177.500000 185 0 1 99702 298 [],[535,986]
9.047633 181.900000 12101 0 1 99701 299 [],[55601]
9.054113 183.000000 8435 0 1 99700 300 [],[987]
9.054730 183.900000 23523 0 1 99699 301 [],[30]
9.056152 183.900000 67875 0 1 99698 302 [],[30]
9.063366 183.900000 82132 0 1 99697 303 [],[2592]
9.063541 183.900000 22334 0 1 99696 304 [],[12050]
9.065004 184.600000 1442 0 1 99695 305 [],[30]
9.085660 185.100000 44230 0 1 99694 306 [],[99970]
9.093865 185.700000 37187 0 1 99693 307 [],[4878]
9.094325 185.800000 48646 0 1 99692 308 [],[498]
9.094815 185.800000 253 0 1 99691 309 [],[1638,7561]
9.107370 197.500000 7188 0 1 99690 310 [],[41234,2928]
9.117503 198.700000 8566 0 1 99689 311 [],[50689]
9.120565 199.200000 37250 0 1 99688 312 [],[600]
9.125819 199.200000 91159 0 1 99687 313 [],[1688]
9.127461 199.200000 87663 0 1 99686 314 [],[74153]
9.136420 199.200000 11135 0 1 99685 315 [],[253]
9.141785 199.300000 45144 0 1 99684 316 [],[253]
9.143341 199.500000 3832 0 1 99683 317 [],[1333]
9.145382 200.700000 22498 0 1 99682 318 [],[387]
9.152702 201.100000 3463 0 1 99681 319 [],[30]
9.154881 201.300000 5795 0 1 99680 320 [],[28190]
9.155836 201.900000 87618 0 1 99679 321 [],[2120]
9.155946 201.900000 63608 0 1 99678 322 [],[54755]
9.164607 201.900000 28808 0 1 99677 323 [],[30]
9.174864 202.100000 2737 0 1 99676 324 [],[600]
9.177353 204.300000 1535 0 1 99675 325 [],[30]
9.182108 204.800000 8410 0 1 99674 326 [],[797]
9.188177 205.100000 59375 0 1 99673 327 [],[22239]
9.188297 205.100000 78051 0 1 99672 328 [],[498]
9.193263 205.100000 70606 0 1 99671 329 [],[535]
9.225148 205.200000 5279 0 1 99670 330 [],[30]
9.236019 206.200000 62546 0 1 99669 331 [],[488]
9.237121 206.200000 6881 0 1 99668 332 [],[48150]
9.254437 207.900000 17687 0 1 99667 333 [],[4362]
9.268031 208.500000 40128 0 1 99666 334 [],[19]
9.268561 208.600000 436 0 1 99665 335 [],[17687]
9.269452 211.700000 11304 0 1 99664 336 [],[59821]
9.269700 212.200000 1414 0 1 99663 337 [],[797]
9.272791 213.100000 11621 0 1 99662 338 [],[387]
9.295700 213.300000 46358 0 1 99661 339 [],[62026]
9.306189 213.400000 25711 0 1 99660 340 [],[503]
9.312386 213.400000 97042 0 1 99659 341 [],[19251]
9.328189 213.400000 26109 0 1 99658 342 [],[498]
9.328539 213.700000 648 0 1 99657 343 [],[22498]
9.338946 215.400000 12905 0 1 99656 344 [],[56375]
9.352813 215.800000 13470 0 1 99655 345 [],[30]
9.357560 215.800000 22576 0 1 99654 346 [],[949]
9.365404 215.800000 7367 0 1 99653 347 [],[4667]
9.370247 216.200000 69682 0 1 99652 348 [],[30]
9.372787 216.200000 7141 0 1 99651 349 [],[253]
9.373646 216.700000 76086 0 1 99650 350 [],[1333,2617]
9.374228 216.500000 4353 0 1 99649 351 [],[2737]
9.376728 217.200000 37870 0 1 99648 352 [],[5259]
9.383985 217.300000 97707 0 1 99647 353 [],[19]
9.412700 217.300000 38 0 1 99646 354 [],[37250]
9.412798 219.600000 80561 0 1 99645 355 [],[1571]
9.418587 219.600000 84211 0 1 99644 356 [],[387]
9.426473 219.600000 72330 0 1 99643 357 [],[387]
9.427006 219.800000 55742 0 1 99642 358 [],[60505,8399]
9.444670 219.800000 78349 0 1 99641 359 [],[23583]
9.446922 219.800000 4079 0 1 99640 360 [],[1414]
9.452628 220.500000 27754 0 1 99639 361 [],[2928]
9.453744 220.800000 26807 0 1 99638 362 [],[7188]
9.466568 220.900000 83617 0 1 99637 363 [],[4908]
9.470735 221.000000 430 0 1 99636 364 [],[30]
9.476873 223.500000 48992 0 1 99635 365 [],[328]
9.482529 223.700000 7564 0 1 99634 366 [],[21542]
9.496307 225.000000 87920 0 1 99633 367 [],[797]
9.498309 225.000000 1156 0 1 99632 368 [],[14155,72330]
9.498395 225.800000 3642 0 1 99631 369 [],[38998]
9.500222 228.800000 3080 0 1 99630 370 [],[19]
9.505466 232.800000 87041 0 1 99629 371 [],[15350]
9.505863 232.800000 2196 0 1 99628 372 [],[488]
9.512325 234.600000 1732 0 1 99627 373 [],[436]
9.517618 234.900000 58987 0 1 99626 374 [],[36072]
9.527033 235.100000 6726 0 1 99625 375 [],[30]
9.539023 235.500000 531 0 1 99624 376 [],[50185]
9.543343 237.500000 26833 0 1 99623 377 [],[32788]
9.543829 237.700000 15675 0 1 99622 378 [],[2120]
9.545626 237.700000 99960 0 1 99621 379 [],[59821]
9.552130 237.700000 11081 0 1 99620 380 [],[10844]
9.558418 237.700000 83566 0 1 99619 381 [],[797]
9.561794 237.700000 4974 0 1 99618 382 [],[30]
9.577588 238.100000 34770 0 1 99617 383 [],[648]
9.578539 238.100000 49285 0 1 99616 384 [],[1442]
9.580776 238.100000 9640 0 1 99615 385 [],[498]
9.584086 239.000000 22982 0 1 99614 386 [],[488]
9.588365 239.300000 69981 0 1 99613 387 [],[7255]
9.589402 239.400000 31348 0 1 99612 388 [],[7561]
9.597734 239.800000 19820 0 1 99611 389 [],[105]
9.599700 240.100000 19003 0 1 99610 390 [],[600]
9.600140 240.100000 4029 0 1 99609 391 [],[428]
9.600437 240.900000 2030 0 1 99608 392 [],[253]
9.606643 242.500000 69311 0 1 99607 393 [],[1638]
9.613996 242.600000 59104 0 1 99606 394 [],[328]
9.615609 242.600000 39893 0 1 99605 395 [],[72957,2878]
9.621485 243.200000 3043 0 1 99604 396 [],[7367]
9.622517 244.800000 7203 0 1 99603 397 [],[600]
9.625293 244.800000 418 0 1 99602 398 [],[430]
9.625330 250.500000 10283 0 1 99601 399 [],[418]
9.628342 251.100000 29798 0 1 99600 400 [],[22334]
9.630816 251.300000 2221 0 1 99599 401 [],[30]
9.636014 253.400000 2489 0 1 99598 402 [],[30]
9.637329 253.500000 2583 0 1 99597 403 [],[600]
9.638496 254.100000 25440 0 1 99596 404 [],[387]
9.638780 254.200000 14551 0 1 99595 405 [],[22982]
9.640235 254.500000 9944 0 1 99594 406 [],[488]
9.644454 255.800000 54848 0 1 99593 407 [],[428]
9.646230 255.800000 18532 0 1 99592 408 [],[5279]
9.651128 255.900000 17200 0 1 99591 409 [],[986]
9.664742 256.600000 78845 0 1 99590 410 [],[73200]
9.665966 256.600000 223 0 1 99589 411 [],[20682]
9.667365 258.700000 670 0 1 99588 412 [],[12101]
9.671178 262.100000 37869 0 1 99587 413 [],[2277]
9.671724 262.100000 63726 0 1 99586 414 [],[19966]
9.672829 262.200000 97099 0 1 99585 415 [],[30]
9.676945 262.200000 23724 0 1 99584 416 [],[19966]
9.677961 262.400000 62773 0 1 99583 417 [],[5795]
9.683097 262.600000 86865 0 1 99582 418 [],[67344]
9.687838 262.600000 57026 0 1 99581 419 [],[488]
9.691672 262.600000 8685 0 1 99580 420 [],[53947]
9.694447 264.000000 21212 0 1 99579 421 [],[72401]
9.705266 264.100000 1342 0 1 99578 422 [],[19251]
9.734800 266.900000 3627 0 1 99577 423 [],[797]
9.736770 268.500000 6349 0 1 99576 424 [],[418]
9.740741 269.700000 45450 0 1 99575 425 [],[3168]
9.746997 269.700000 50768 0 1 99574 426 [],[253]
9.747908 269.700000 4302 0 1 99573 427 [],[535]
9.753578 270.000000 58773 0 1 99572 428 [],[8435]
9.756212 270.200000 16181 0 1 99571 429 [],[30]
9.757116 270.400000 48019 0 1 99570 430 [],[428]
9.757956 270.500000 18841 0 1 99569 431 [],[430]
9.761097 270.600000 91391 0 1 99568 432 [],[8685]
9.765126 270.600000 97574 0 1 99567 433 [],[531]
9.765390 270.600000 45903 0 1 99566 434 [],[9640]
9.765502 270.800000 7597 0 1 99565 435 [],[34770]
9.766885 271.500000 3331 0 1 99564 436 [],[3140]
9.768394 271.900000 15461 0 1 99563 437 [],[488]
9.771951 271.900000 59903 0 1 99562 438 [],[48919,52332]
9.773100 271.700000 91084 0 1 99561 439 [],[3168]
9.782680 271.700000 36958 0 1 99560 440 [],[6546]
9.783661 271.800000 64082 0 1 99559 441 [],[27498]
9.784408 271.800000 24413 0 1 99558 442 [],[105]
9.789231 273.300000 77706 0 1 99557 443 [],[2749]
9.794950 273.500000 9975 0 1 99556 444 [],[670]
9.795174 273.500000 18652 0 1 99555 445 [],[418]
9.798261 273.500000 400 0 1 99554 446 [],[797]
9.799954 283.700000 44272 0 1 99553 447 [],[41234]
9.803203 283.700000 59962 0 1 99552 448 [],[488]
9.804254 284.100000 30550 0 1 99551 449 [],[3080]
9.804665 284.500000 33151 0 1 99550 450 [],[105]
9.808977 284.500000 97109 0 1 99549 451 [],[1333]
9.816401 284.500000 48220 0 1 99548 452 [],[826]
9.819486 284.500000 1705 0 1 99547 453 [],[488]
9.824832 285.100000 72718 0 1 99546 454 [],[45144]
9.827507 285.100000 1623 0 1 99545 455 [],[418]
9.827714 285.900000 10408 0 1 99544 456 [],[27754]
9.831006 286.900000 4742 0 1 99543 457 [],[38]
9.832627 287.600000 858 0 1 99542 458 [],[19]
9.833042 290.100000 42388 0 1 99541 459 [],[488]
9.840396 290.300000 10158 0 1 99540 460 [],[400]
9.841806 291.400000 90394 0 1 99539 461 [],[38]
9.842673 291.400000 19301 0 1 99538 462 [],[42388]
9.844771 291.600000 25855 0 1 99537 463 [],[949]
9.850636 291.700000 2647 0 1 99536 464 [],[18830]
9.852982 295.200000 21101 0 1 99535 465 [],[400]
9.854803 296.600000 15026 0 1 99534 466 [],[2928]
9.854933 296.700000 84555 0 1 99533 467 [],[24413]
9.856696 296.700000 2900 0 1 99532 468 [],[1414]
9.856960 297.500000 46579 0 1 99531 469 [],[328]
9.858440 297.600000 36930 0 1 99530 470 [],[2296]
9.860814 297.800000 9440 0 1 99529 471 [],[185]
9.862911 297.900000 1096 0 1 99528 472 [],[9373]
9.870694 299.700000 84939 0 1 99527 473 [],[54919]
9.872234 299.800000 50117 0 1 99526 474 [],[24413]
9.873832 299.900000 22842 0 1 99525 475 [],[797]
9.878381 300.100000 92652 0 1 99524 476 [],[4029]
9.879063 300.200000 7946 0 1 99523 477 [],[14551,1342]
9.880819 301.700000 9 0 1 99522 478 [],[19,1156,5259,44448]
9.882689 321.700000 82931 0 1 99521 479 [],[9]
9.882828 321.900000 55718 0 1 99520 480 [],[3331]
9.893851 322.000000 878 0 1 99519 481 [],[1571]
9.895383 326.100000 46030 0 1 99518 482 [],[7385]
9.896941 326.200000 6581 0 1 99517 483 [],[3043]
9.898747 326.700000 15749 0 1 99516 484 [],[3642]
9.904633 327.000000 20439 0 1 99515 485 [],[2647]
9.906116 327.400000 63682 0 1 99514 486 [],[12101]
9.911926 327.500000 52954 0 1 99513 487 [],[600]
9.912244 327.600000 14850 0 1 99512 488 [],[19966]
9.923160 328.300000 8178 0 1 99511 489 [],[488]
9.925461 328.400000 85330 0 1 99510 490 [],[2221]
9.930217 328.500000 55110 0 1 99509 491 [],[2196]
9.930908 328.500000 52320 0 1 99508 492 [],[22363]
9.940425 328.700000 73402 0 1 99507 493 [],[7921]
9.942317 328.700000 4842 0 1 99506 494 [],[11135]
9.944771 329.400000 61762 0 1 99505 495 [],[7255]
9.949712 329.400000 4601 0 1 99504 496 [],[531]
9.952137 329.800000 2170 0 1 99503 497 [],[30]
9.953815 330.400000 16996 0 1 99502 498 [],[52954]
9.958440 330.800000 6853 0 1 99501 499 [],[488]
9.960469 331.700000 28896 0 1 99500 500 [],[19]
9.969262 331.900000 49091 0 1 99499 501 [],[436]
9.969974 332.200000 15601 0 1 99498 502 [],[29373]
9.970522 332.500000 5125 0 1 99497 503 [],[253]
9.980816 333.800000 40439 0 1 99496 504 [],[986]
9.984412 333.800000 60635 0 1 99495 505 [],[436]
9.991600 334.000000 10681 0 1 99494 506 [],[2120]
9.996148 334.000000 34333 0 1 99493 507 [],[797]
9.996895 334.200000 32290 0 1 99492 508 [],[49285]
9.998703 334.300000 14362 0 1 99491 509 [],[1638]
10.007942 334.500000 782 0 1 99490 510 [],[9]
10.008713 335.700000 34925 0 1 99489 511 [],[4878]
10.011257 335.900000 25492 0 1 99488 512 [],[8399]
10.011371 336.000000 29157 0 1 99487 513 [],[3642]
10.013536 336.200000 57728 0 1 99486 514 [],[21101]
10.013603 336.300000 68041 0 1 99485 515 [],[488,600]
10.013691 336.100000 44187 0 1 99484 516 [],[30]
10.015138 336.300000 8470 0 1 99483 517 [],[488]
10.015848 336.300000 1111 0 1 99482 518 [],[9]
10.018543 337.100000 49343 0 1 99481 519 [],[400]
10.026558 337.300000 71769 0 1 99480 520 [],[1156]
10.031690 337.300000 87910 0 1 99479 521 [],[52234]
10.033024 337.300000 3948 0 1 99478 522 [],[2423]
10.034432 337.400000 3322 0 1 99477 523 [],[488]
10.036826 338.700000 6278 0 1 99476 524 [],[73200]
10.041616 338.800000 15892 0 1 99475 525 [],[9225]
10.043702 339.800000 80745 0 1 99474 526 [],[54755]
10.047719 339.800000 48183 0 1 99473 527 [],[7074]
10.054345 340.100000 15551 0 1 99472 528 [],[949]
10.054366 340.300000 99692 0 1 99471 529 [],[6881]
10.055048 340.300000 40279 0 1 99470 530 [],[2221]
10.057797 340.300000 11855 0 1 99469 531 [],[949]
10.062040 341.000000 63995 0 1 99468 532 [],[38]
10.063166 341.000000 15476 0 1 99467 533 [],[2196]
10.068101 341.000000 10451 0 1 99466 534 [],[949]
10.068715 341.100000 3931 0 1 99465 535 [],[797]
10.076662 342.400000 60748 0 1 99464 536 [],[253]
10.078861 342.400000 57580 0 1 99463 537 [],[41912]
10.080090 342.400000 72874 0 1 99462 538 [],[488]
10.080400 342.500000 5835 0 1 99461 539 [],[38]
10.082528 343.100000 61186 0 1 99460 540 [],[3642]
10.087578 343.200000 41006 0 1 99459 541 [],[797]
10.090001 343.400000 99463 0 1 99458 542 [],[1535]
10.092957 343.400000 50625 0 1 99457 543 [],[30,19851]
10.102672 343.200000 4037 0 1 99456 544 [],[2277]
10.102932 344.100000 81025 0 1 99455 545 [],[61186]
10.110227 344.100000 52356 0 1 99454 546 [],[4667]
10.110615 344.100000 6141 0 1 99453 547 [],[63995]
10.110739 346.500000 23613 0 1 99452 548 [],[99887]
10.111152 347.200000 326 0 1 99451 549 [],[949,9]
10.123325 351.700000 8852 0 1 99450 550 [],[7141]
10.126964 352.400000 69516 0 1 99449 551 [],[878]
10.127064 352.400000 98242 0 1 99448 552 [],[6141]
10.128916 352.400000 3528 0 1 99447 553 [],[30]
10.129116 352.700000 69651 0 1 99446 554 [],[30]
10.131443 352.700000 66898 0 1 99445 555 [],[498]
10.135119 352.700000 65969 0 1 99444 556 [],[66898,30]
10.139360 352.600000 66049 0 1 99443 557 [],[3931]
10.146722 352.600000 39145 0 1 99442 558 [],[9]
10.152231 352.800000 27680 0 1 99441 559 [],[1333]
10.154509 352.900000 61246 0 1 99440 560 [],[105]
10.157908 352.900000 10630 0 1 99439 561 [],[49148]
10.162361 354.400000 42301 0 1 99438 562 [],[4742]
10.165159 354.400000 51 0 1 99437 563 [],[428]
10.165639 370.900000 64577 0 1 99436 564 [],[535]
10.168473 370.900000 31700 0 1 99435 565 [],[25492]
10.170158 371.700000 6244 0 1 99434 566 [],[6853]
10.173111 372.800000 83135 0 1 99433 567 [],[2928]
10.175735 372.800000 62953 0 1 99432 568 [],[9]
10.177353 373.000000 85207 0 1 99431 569 [],[2928]
10.180031 373.000000 50143 0 1 99430 570 [],[498]
10.192851 373.000000 23360 0 1 99429 571 [],[949]
10.201317 373.900000 63342 0 1 99428 572 [],[430]
10.201985 373.900000 46971 0 1 99427 573 [],[223]
10.202342 373.900000 13806 0 1 99426 574 [],[19851]
10.203024 374.000000 29856 0 1 99425 575 [],[80319]
10.203567 374.500000 44124 0 1 99424 576 [],[7564]
10.204701 374.600000 1315 0 1 99423 577 [],[51]
10.205561 377.200000 91353 0 1 99422 578 [],[19]
10.210131 377.200000 1439 0 1 99421 579 [],[30,797]
10.210630 377.100000 43 0 1 99420 580 [],[2221,3322,22576,74040]
10.213968 405.000000 44623 0 1 99419 581 [],[43]
10.223548 405.100000 80979 0 1 99418 582 [],[51]
10.226655 405.100000 40150 0 1 99417 583 [],[2928]
10.234855 405.200000 79285 0 1 99416 584 [],[9640]
10.239459 405.300000 10909 0 1 99415 585 [],[51]
10.243368 405.300000 97765 0 1 99414 586 [],[6349]
10.252544 405.300000 31 0 1 99413 587 [],[503,10158]
10.257390 420.900000 13253 0 1 99412 588 [],[10844]
10.257422 421.200000 52050 0 1 99411 589 [],[488]
10.260496 421.300000 30971 0 1 99410 590 [],[39145]
10.260537 421.700000 3359 0 1 99409 591 [],[3043]
10.267903 423.200000 28313 0 1 99408 592 [],[30]
10.268033 423.400000 97994 0 1 99407 593 [],[14850]
10.269517 423.400000 32160 0 1 99406 594 [],[253]
10.270997 423.500000 39115 0 1 99405 595 [],[987]
10.277052 423.600000 1754 0 1 99404 596 [],[50213]
10.283240 424.800000 36903 0 1 99403 597 [],[1571]
10.290391 424.900000 85718 0 1 99402 598 [],[43]
10.290525 424.900000 49327 0 1 99401 599 [],[2928]
10.290942 425.000000 40470 0 1 99400 600 [],[387]
10.291127 425.000000 32058 0 1 99399 601 [],[4452]
10.295312 425.000000 37414 0 1 99398 602 [],[9373]
10.295897 425.100000 20021 0 1 99397 603 [],[797]
10.296919 425.300000 48200 0 1 99396 604 [],[3043]
10.303240 425.500000 31561 0 1 99395 605 [],[1333]
10.303576 425.500000 47711 0 1 99394 606 [],[7597]
10.308441 425.600000 7093 0 1 99393 607 [],[986]
10.313295 425.600000 107 0 1 99392 608 [],[30]
10.313768 427.000000 19192 0 1 99391 609 [],[436]
10.314773 427.100000 21955 0 1 99390 610 [],[30]
10.316446 427.100000 14277 0 1 99389 611 [],[223]
10.316667 427.200000 70994 0 1 99388 612 [],[7946]
10.318454 427.300000 54366 0 1 99387 613 [],[21101]
10.319380 427.300000 5964 0 1 99386 614 [],[31]
10.319678 428.300000 22992 0 1 99385 615 [],[600]
10.320418 428.400000 11979 0 1 99384 616 [],[8435]
10.322173 428.900000 2334 0 1 99383 617 [],[84555]
10.323678 430.800000 62584 0 1 99382 618 [],[45144]
10.325324 430.800000 28157 0 1 99381 619 [],[1571]
10.326501 431.200000 14745 0 1 99380 620 [],[51]
10.329185 431.500000 81198 0 1 99379 621 [],[105]
10.330488 431.500000 56127 0 1 99378 622 [],[31]
10.332707 431.500000 19893 0 1 99377 623 [],[10451]
10.334063 432.900000 81467 0 1 99376 624 [],[2647]
10.334182 432.900000 11258 0 1 99375 625 [],[9]
10.335505 433.000000 30856 0 1 99374 626 [],[2296]
10.335999 433.600000 2340 0 1 99373 627 [],[400]
10.336096 434.000000 28622 0 1 99372 628 [],[9]
10.338118 434.100000 61102 0 1 99371 629 [],[40003]
10.343463 434.200000 494 0 1 99370 630 [],[9]
10.344092 435.900000 24559 0 1 99369 631 [],[44124]
10.346073 436.400000 10119 0 1 99368 632 [],[22244]
10.351235 437.500000 22789 0 1 99367 633 [],[9]
10.353484 437.700000 4189 0 1 99366 634 [],[68997]
10.354305 438.700000 49757 0 1 99365 635 [],[28157]
10.355484 438.800000 10709 0 1 99364 636 [],[43]
10.355945 441.000000 33406 0 1 99363 637 [],[9]
10.358159 441.000000 14625 0 1 99362 638 [],[27680]
10.358609 441.300000 75119 0 1 99361 639 [],[43]
10.364247 441.400000 20999 0 1 99360 640 [],[826]
10.366784 441.500000 93729 0 1 99359 641 [],[878]
10.369173 441.500000 3162 0 1 99358 642 [],[987]
10.378716 442.800000 10543 0 1 99357 643 [],[387]
10.379277 443.200000 33796 0 1 99356 644 [],[2277]
10.379815 443.500000 13831 0 1 99355 645 [],[38770]
10.383080 443.900000 18630 0 1 99354 646 [],[400]
10.390423 444.300000 46261 0 1 99353 647 [],[51]
10.391942 444.300000 6482 0 1 99352 648 [],[27527]
10.394795 444.400000 50619 0 1 99351 649 [],[28808]
10.399826 444.600000 54482 0 1 99350 650 [],[1571]
10.401031 444.600000 72102 0 1 99349 651 [],[387]
10.403484 444.600000 2675 0 1 99348 652 [],[51]
10.403690 444.900000 424 0 1 99347 653 [],[28622,31]
10.403886 447.300000 131 0 1 99346 654 [],[19]
10.404941 459.000000 34207 0 1 99345 655 [],[535]
10.408137 459.000000 57520 0 1 99344 656 [],[29157]
10.409366 459.000000 48498 0 1 99343 657 [],[326]
10.410915 459.000000 34487 0 1 99342 658 [],[4029]
10.416318 459.100000 21896 0 1 99341 659 [],[185]
10.416895 459.300000 3226 0 1 99340 660 [],[2928]
10.417618 460.700000 97493 0 1 99339 661 [],[51]
10.419319 460.700000 29278 0 1 99338 662 [],[2951]
10.419611 460.800000 3767 0 1 99337 663 [],[400]
10.426862 462.100000 80176 0 1 99336 664 [],[131]
10.428057 462.200000 63262 0 1 99335 665 [],[797]
10.428397 462.300000 13135 0 1 99334 666 [],[488]
10.433766 462.500000 98404 0 1 99333 667 [],[20439]
10.436597 462.500000 44562 0 1 99332 668 [],[31700]
10.438437 462.700000 87187 0 1 99331 669 [],[1315]
10.440717 462.700000 37428 0 1 99330 670 [],[131]
10.442787 462.900000 51666 0 1 99329 671 [],[10283]
10.443768 463.000000 333 0 1 99328 672 [],[13412]
10.445617 470.700000 81162 0 1 99327 673 [],[9944]
10.445961 470.700000 37053 0 1 99326 674 [],[3080]
10.447224 471.000000 37403 0 1 99325 675 [],[400]
10.448666 471.100000 42 0 1 99324 676 [],[107,648,12050]
10.451510 484.100000 34837 0 1 99323 677 [],[55993]
10.453729 484.400000 57128 0 1 99322 678 [],[3199]
10.456541 484.400000 70442 0 1 99321 679 [],[18830]
10.456605 484.400000 22272 0 1 99320 680 [],[797]
10.458020 484.500000 73806 0 1 99319 681 [],[42]
10.467221 484.500000 26190 0 1 99318 682 [],[42,10158]
10.468508 484.600000 96393 0 1 99317 683 [],[7561]
10.469032 484.600000 68915 0 1 99316 684 [],[50213]
10.470748 484.800000 11904 0 1 99315 685 [],[13470]
10.472698 485.800000 263 0 1 99314 686 [],[947]
10.473193 486.100000 196 0 1 99313 687 [],[26833]
10.474925 491.400000 29181 0 1 99312 688 [],[7564]
10.477752 491.500000 79906 0 1 99311 689 [],[418]
10.477850 491.500000 24103 0 1 99310 690 [],[400]
10.478789 491.600000 66423 0 1 99309 691 [],[43]
10.481531 491.600000 173 0 1 99308 692 [],[333]
10.482503 497.500000 88755 0 1 99307 693 [],[43]
10.484590 497.500000 79766 0 1 99306 694 [],[97287]
10.484730 497.600000 65626 0 1 99305 695 [],[30]
10.485365 497.700000 1905 0 1 99304 696 [],[51]
10.487075 498.700000 24779 0 1 99303 697 [],[43]
10.490633 498.700000 72755 0 1 99302 698 [],[1333]
10.491499 498.800000 49095 0 1 99301 699 [],[2120]
10.492312 499.100000 53294 0 1 99300 700 [],[223]
10.493873 499.100000 44495 0 1 99299 701 [],[30]
10.496365 499.200000 215 0 1 99298 702 [],[6546]
10.497619 502.400000 34361 0 1 99297 703 [],[26109]
10.497641 502.400000 3026 0 1 99296 704 [],[7541]
10.498294 504.200000 2738 0 1 99295 705 [],[7272]
10.507180 505.300000 2112 0 1 99294 706 [],[400]
10.508038 506.500000 157 0 1 99293 707 [],[947,6349,22272]
10.508801 509.900000 13707 0 1 99292 708 [],[51]
10.510495 509.900000 212 0 1 99291 709 [],[8399]
10.511819 513.100000 47202 0 1 99290 710 [],[400]
10.512988 513.200000 466 0 1 99289 711 [],[19]
10.521146 514.500000 74923 0 1 99288 712 [],[7561]
10.522020 514.500000 17529 0 1 99287 713 [],[949]
10.522893 514.800000 35016 0 1 99286 714 [],[498]
10.523466 514.800000 12996 0 1 99285 715 [],[42]
10.528787 515.200000 86746 0 1 99284 716 [],[13135]
10.529031 515.200000 13749 0 1 99283 717 [],[42]
10.529118 515.800000 34627 0 1 99282 718 [],[70442]
10.530240 516.100000 16649 0 1 99281 719 [],[99598]
10.531547 516.500000 44692 0 1 99280 720 [],[173]
10.533587 516.500000 95983 0 1 99279 721 [],[43]
10.538012 516.500000 4122 0 1 99278 722 [],[98404]
10.538191 517.700000 5459 0 1 99277 723 [],[32290,9]
10.539788 518.200000 43358 0 1 99276 724 [],[1111]
10.540366 518.300000 90095 0 1 99275 725 [],[333]
10.541781 518.400000 5627 0 1 99274 726 [],[387]
10.541848 518.700000 17203 0 1 99273 727 [],[3832]
10.543547 518.900000 22002 0 1 99272 728 [],[19893]
10.543996 518.900000 5910 0 1 99271 729 [],[7597]
10.545204 520.000000 54383 0 1 99270 730 [],[31]
10.546255 520.100000 69176 0 1 99269 731 [],[949]
10.546570 520.100000 74918 0 1 99268 732 [],[14094]
10.556972 520.100000 49368 0 1 99267 733 [],[400]
10.557753 520.400000 738 0 1 99266 734 [],[43,131]
10.558823 522.800000 14013 0 1 99265 735 [],[15350,196,503]
10.558830 522.900000 249 0 1 99264 736 [],[157]
10.563204 525.100000 88799 0 1 99263 737 [],[42388]
10.564658 525.100000 56543 0 1 99262 738 [],[42]
10.568777 525.300000 13402 0 1 99261 739 [],[2928]
10.568959 525.600000 8952 0 1 99260 740 [],[3627]
10.568993 526.800000 6078 0 1 99259 741 [],[105]
10.572073 526.900000 96561 0 1 99258 742 [],[6881]
10.574168 526.900000 87829 0 1 99257 743 [],[670]
10.579401 526.900000 34833 0 1 99256 744 [],[42]
10.581759 527.400000 35128 0 1 99255 745 [],[22819]
10.584664 527.400000 5843 0 1 99254 746 [],[2196]
10.586110 528.400000 33181 0 1 99253 747 [],[6349]
10.588032 528.400000 67 0 1 99252 748 [],[31]
10.590323 532.000000 52662 0 1 99251 749 [],[3168]
10.591759 532.000000 92356 0 1 99250 750 [],[29181]
10.592836 532.000000 47600 0 1 99249 751 [],[1342]
10.595200 532.000000 8479 0 1 99248 752 [],[1333]
10.595211 533.500000 23897 0 1 99247 753 [],[6349]
10.595464 533.700000 27752 0 1 99246 754 [],[51]
10.596738 533.800000 304 0 1 99245 755 [],[498,1688]
10.599817 542.800000 179 0 1 99244 756 [],[7385]
10.601616 547.300000 88896 0 1 99243 757 [],[196]
10.603826 547.300000 32241 0 1 99242 758 [],[54848]
10.606370 547.400000 10687 0 1 99241 759 [],[43]
10.608488 548.700000 18392 0 1 99240 760 [],[1688]
10.609424 548.700000 1725 0 1 99239 761 [],[73806]
10.610359 550.000000 91487 0 1 99238 762 [],[2951]
10.612280 550.000000 4731 0 1 99237 763 [],[31]
10.615147 550.800000 5978 0 1 99236 764 [],[2617]
10.615376 551.100000 2417 0 1 99235 765 [],[43]
10.616078 552.300000 89043 0 1 99234 766 [],[826]
10.617387 552.400000 76879 0 1 99233 767 [],[7074]
10.617813 552.400000 8990 0 1 99232 768 [],[949]
10.621749 553.100000 83514 0 1 99231 769 [],[42]
10.624185 553.100000 16410 0 1 99230 770 [],[11855]
10.624317 553.300000 82374 0 1 99229 771 [],[6141]
10.628950 553.300000 70708 0 1 99228 772 [],[3226]
10.628968 553.300000 83430 0 1 99227 773 [],[5125]
10.629239 553.300000 715 0 1 99226 774 [],[54383]
10.631991 554.000000 50717 0 1 99225 775 [],[51]
10.634154 554.100000 10873 0 1 99224 776 [],[97707]
10.637103 555.400000 43365 0 1 99223 777 [],[11904,19251]
10.637318 555.200000 34154 0 1 99222 778 [],[253]
10.638306 555.200000 11949 0 1 99221 779 [],[25711]
10.640072 555.400000 69898 0 1 99220 780 [],[18630]
10.640774 555.400000 7423 0 1 99219 781 [],[33163]
10.642002 556.900000 60375 0 1 99218 782 [],[2647]
10.644540 557.000000 33197 0 1 99217 783 [],[31700]
10.648790 557.400000 49446 0 1 99216 784 [],[39893]
10.652687 557.400000 77638 0 1 99215 785 [],[2647]
10.654953 557.500000 1762 0 1 99214 786 [],[5835]
10.655189 558.800000 37292 0 1 99213 787 [],[42]
10.655227 558.900000 19990 0 1 99212 788 [],[10687]
10.656638 558.900000 81027 0 1 99211 789 [],[3322]
10.657949 558.900000 17519 0 1 99210 790 [],[98242]
10.662358 559.000000 36637 0 1 99209 791 [],[326]
10.663241 559.100000 62893 0 1 99208 792 [],[67875]
10.663463 559.200000 47156 0 1 99207 793 [],[43]
10.664731 559.400000 86283 0 1 99206 794 [],[19893]
10.665975 559.400000 44901 0 1 99205 795 [],[28190]
10.667128 559.400000 50157 0 1 99204 796 [],[45716]
10.668444 559.400000 31500 0 1 99203 797 [],[2030]
10.668729 559.600000 71891 0 1 99202 798 [],[1342]
10.669245 559.600000 188 0 1 99201 799 [],[212,131]
10.671498 560.600000 87415 0 1 99200 800 [],[3199]
10.673044 560.600000 3247 0 1 99199 801 [],[304]
10.675109 560.800000 19960 0 1 99198 802 [],[2277]
10.675471 560.900000 30708 0 1 99197 803 [],[32241,1342]
10.675731 561.000000 14354 0 1 99196 804 [],[326]
10.679158 561.600000 66828 0 1 99195 805 [],[2221]
10.680652 561.700000 8522 0 1 99194 806 [],[1638]
10.681975 562.200000 58062 0 1 99193 807 [],[9]
10.683335 562.200000 12711 0 1 99192 808 [],[670]
10.683694 562.400000 10985 0 1 99191 809 [],[16996]
10.685542 562.600000 78555 0 1 99190 810 [],[43026]
10.690774 562.600000 16488 0 1 99189 811 [],[304]
10.690787 562.700000 14800 0 1 99188 812 [],[466]
10.694043 563.300000 1956 0 1 99187 813 [],[333]
10.694774 564.200000 584 0 1 99186 814 [],[17519]
10.695061 566.900000 90008 0 1 99185 815 [],[304]
10.695660 566.900000 138 0 1 99184 816 [],[1096]
10.696336 579.900000 3345 0 1 99183 817 [],[1096]
10.698501 580.100000 3103 0 1 99182 818 [],[88755]
10.699162 582.100000 9224 0 1 99181 819 [],[43]
10.700919 583.200000 6799 0 1 99180 820 [],[138]
10.701852 583.500000 80657 0 1 99179 821 [],[22842]
10.703495 583.500000 44171 0 1 99178 822 [],[430]
10.703930 583.600000 7429 0 1 99177 823 [],[1571]
10.705157 584.300000 47982 0 1 99176 824 [],[738]
10.707727 584.300000 43884 0 1 99175 825 [],[10158]
10.710063 584.400000 49788 0 1 99174 826 [],[797]
10.712346 584.500000 3444 0 1 99173 827 [],[138]
10.714284 584.800000 87949 0 1 99172 828 [],[185]
10.715067 584.800000 59523 0 1 99171 829 [],[418]
10.715108 585.000000 61585 0 1 99170 830 [],[418]
10.715481 585.300000 12953 0 1 99169 831 [],[1571]
10.716530 585.700000 37822 0 1 99168 832 [],[31]
10.716928 585.700000 54537 0 1 99167 833 [],[50619]
10.717486 585.800000 51833 0 1 99166 834 [],[42]
10.717617 585.900000 68468 0 1 99165 835 [],[38]
10.718986 585.900000 53365 0 1 99164 836 [],[34925]
10.722651 585.900000 14941 0 1 99163 837 [],[6141]
10.725689 585.900000 71856 0 1 99162 838 [],[531]
10.728165 586.000000 38873 0 1 99161 839 [],[488]
10.731366 586.400000 17393 0 1 99160 840 [],[29856,418]
10.732646 586.700000 90089 0 1 99159 841 [],[131]
10.732792 586.700000 87659 0 1 99158 842 [],[31901]
10.733868 586.700000 78531 0 1 99157 843 [],[42]
10.736209 586.800000 63386 0 1 99156 844 [],[8399]
10.740320 586.800000 5185 0 1 99155 845 [],[3103]
10.741085 587.100000 55549 0 1 99154 846 [],[9]
10.741558 587.200000 2942 0 1 99153 847 [],[19]
10.744818 589.000000 70665 0 1 99152 848 [],[3642]
10.747124 589.000000 83259 0 1 99151 849 [],[105]
10.748061 589.000000 12213 0 1 99150 850 [],[138]
10.748210 589.700000 1168 0 1 99149 851 [],[4362,57520]
10.749282 591.200000 13694 0 1 99148 852 [],[782]
10.749859 591.600000 81445 0 1 99147 853 [],[131]
10.754227 591.700000 19283 0 1 99146 854 [],[3026]
10.755854 591.700000 29812 0 1 99145 855 [],[6303]
10.757488 591.700000 99046 0 1 99144 856 [],[15827]
10.759932 591.700000 73213 0 1 99143 857 [],[19]
10.760485 591.700000 21880 0 1 99142 858 [],[12711]
10.760830 591.700000 705 0 1 99141 859 [],[42]
10.762912 593.400000 27884 0 1 99140 860 [],[6121]
10.763262 593.400000 47978 0 1 99139 861 [],[43]
10.764816 593.400000 82440 0 1 99138 862 [],[138]
10.765262 593.400000 7392 0 1 99137 863 [],[3359]
10.768519 593.500000 45642 0 1 99136 864 [],[16181]
10.772632 593.600000 61782 0 1 99135 865 [],[333]
10.773711 593.800000 3462 0 1 99134 866 [],[986,2749]
10.774818 595.300000 124 0 1 99133 867 [],[2592,12953]
10.775027 609.800000 48248 0 1 99132 868 [],[30]
10.776262 609.800000 93055 0 1 99131 869 [],[4362]
10.776683 609.800000 5399 0 1 99130 870 [],[9]
10.778846 610.500000 15682 0 1 99129 871 [],[13749]
10.787231 611.100000 4767 0 1 99128 872 [],[131]
10.788337 611.800000 91933 0 1 99127 873 [],[6349]
10.789371 611.800000 55609 0 1 99126 874 [],[131]
10.793111 611.800000 9348 0 1 99125 875 [],[31348,124]
10.795839 612.000000 95494 0 1 99124 876 [],[59523]
10.796991 612.000000 4267 0 1 99123 877 [],[333]
10.797888 612.200000 8311 0 1 99122 878 [],[9224]
10.798149 613.700000 78735 0 1 99121 879 [],[584]
10.799504 613.700000 34459 0 1 99120 880 [],[6349]
10.799527 613.800000 16283 0 1 99119 881 [],[52045]
10.800321 614.400000 10513 0 1 99118 882 [],[436]
10.801030 614.400000 17029 0 1 99117 883 [],[10158]
10.802523 614.800000 1874 0 1 99116 884 [],[1638]
10.802581 616.300000 33840 0 1 99115 885 [],[1333]
10.807476 616.300000 2343 0 1 99114 886 [],[30]
10.807898 618.000000 33992 0 1 99113 887 [],[39235]
10.808358 618.300000 17898 0 1 99112 888 [],[9]
10.808698 618.400000 91354 0 1 99111 889 [],[3322]
10.811295 618.400000 56701 0 1 99110 890 [],[30]
10.813552 618.400000 68224 0 1 99109 891 [],[215]
10.814452 618.400000 1963 0 1 99108 892 [],[43]
10.814795 618.800000 9280 0 1 99107 893 [],[2334]
10.817415 619.300000 24118 0 1 99106 894 [],[436,1623]
10.818112 619.400000 31427 0 1 99105 895 [],[42]
10.818239 619.400000 72158 0 1 99104 896 [],[21101]
10.819086 619.400000 5307 0 1 99103 897 [],[858]
10.819527 619.800000 94207 0 1 99102 898 [],[20021]
10.819674 619.800000 4162 0 1 99101 899 [],[9]
10.819862 620.000000 99335 0 1 99100 900 [],[1333]
10.821633 620.000000 20429 0 1 99099 901 [],[4037]
10.822081 620.000000 51984 0 1 99098 902 [],[2738]
10.822142 620.100000 2864 0 1 99097 903 [],[23263,31]
10.822870 620.700000 5788 0 1 99096 904 [],[797]
10.827275 620.800000 8393 0 1 99095 905 [],[428]
10.834540 621.500000 7166 0 1 99094 906 [],[670]
10.834731 622.100000 25328 0 1 99093 907 [],[37403]
10.834960 622.300000 71259 0 1 99092 908 [],[10158]
10.835493 622.500000 53363 0 1 99091 909 [],[49095]
10.837094 622.500000 72460 0 1 99090 910 [],[600]
10.837355 622.500000 3631 0 1 99089 911 [],[328]
10.843461 623.000000 7511 0 1 99088 912 [],[43]
10.846177 623.300000 7837 0 1 99087 913 [],[9440,124]
10.847945 624.400000 44469 0 1 99086 914 [],[22819]
10.848793 624.500000 31948 0 1 99085 915 [],[400]
10.849603 624.500000 15213 0 1 99084 916 [],[42]
10.849737 624.900000 24979 0 1 99083 917 [],[53271]
10.850359 625.000000 58772 0 1 99082 918 [],[4189]
10.854601 625.000000 820 0 1 99081 919 [],[124]
10.856030 625.100000 52106 0 1 99080 920 [],[86746,3832]
10.859341 625.200000 30782 0 1 99079 921 [],[9]
10.859596 625.300000 87819 0 1 99078 922 [],[138]
10.860144 625.300000 1595 0 1 99077 923 [],[7166]
10.860561 626.900000 7866 0 1 99076 924 [],[715]
10.862630 627.000000 77429 0 1 99075 925 [],[131]
10.863477 627.000000 51239 0 1 99074 926 [],[124]
10.864460 627.200000 101 0 1 99073 927 [],[30]
10.865276 634.800000 21770 0 1 99072 928 [],[328]
10.865868 634.900000 1859 0 1 99071 929 [],[31]
10.869682 634.900000 5940 0 1 99070 930 [],[31,424]
10.870719 636.100000 361 0 1 99069 931 [],[436]
10.870740 638.800000 36948 0 1 99068 932 [],[2592]
10.871244 639.000000 3166 0 1 99067 933 [],[39608]
10.875221 640.500000 15326 0 1 99066 934 [],[1725,10709]
10.875275 640.500000 54661 0 1 99065 935 [],[5793]
10.875403 640.500000 73556 0 1 99064 936 [],[42]
10.880373 640.500000 390 0 1 99063 937 [],[15073]
10.881205 646.600000 36395 0 1 99062 938 [],[10873]
10.882047 646.600000 10361 0 1 99061 939 [],[326]
10.886037 646.900000 20878 0 1 99060 940 [],[15350]
10.887140 646.900000 39246 0 1 99059 941 [],[4029]
10.889903 646.900000 28508 0 1 99058 942 [],[30971]
10.891249 647.400000 87256 0 1 99057 943 [],[328]
10.891574 647.400000 9896 0 1 99056 944 [],[105]
10.895347 648.000000 12802 0 1 99055 945 [],[43]
10.895923 648.400000 81135 0 1 99054 946 [],[2900]
10.896514 648.400000 74973 0 1 99053 947 [],[2120]
10.896873 648.500000 32796 0 1 99052 948 [],[12996]
10.896885 649.100000 14 0 1 99051 949 [],[19,31,24979]
10.897900 671.500000 39410 0 1 99050 950 [],[44230]
10.898275 671.800000 52626 0 1 99049 951 [],[124]
10.899463 671.900000 35152 0 1 99048 952 [],[43]
10.904014 671.900000 33177 0 1 99047 953 [],[10630]
10.906922 672.200000 33283 0 1 99046 954 [],[9]
10.908546 672.600000 92261 0 1 99045 955 [],[878]
10.910473 672.600000 9361 0 1 99044 956 [],[5279]
10.911411 672.700000 63864 0 1 99043 957 [],[535]
10.912009 672.700000 5644 0 1 99042 958 [],[196,4667]
10.913733 673.000000 96764 0 1 99041 959 [],[31]
10.915975 673.000000 53769 0 1 99040 960 [],[185]
10.916090 673.000000 5352 0 1 99039 961 [],[19]
10.917545 674.000000 9914 0 1 99038 962 [],[43]
10.920590 674.100000 21372 0 1 99037 963 [],[51,124]
10.920865 674.100000 1371 0 1 99036 964 [],[600]
10.922714 674.600000 78590 0 1 99035 965 [],[30]
10.923216 674.600000 43634 0 1 99034 966 [],[253]
10.924130 674.700000 77053 0 1 99033 967 [],[185]
10.925153 675.000000 70741 0 1 99032 968 [],[8952]
10.926390 675.200000 4892 0 1 99031 969 [],[93055,157]
10.927087 675.900000 70376 0 1 99030 970 [],[418]
10.927398 675.900000 5139 0 1 99029 971 [],[2951]
10.928622 676.700000 14614 0 1 99028 972 [],[1688]
10.931752 677.000000 9526 0 1 99027 973 [],[14]
10.932532 677.300000 47 0 1 99026 974 [],[51,253,4974,10985]
10.939122 699.700000 84520 0 1 99025 975 [],[3462]
10.939684 699.700000 58387 0 1 99024 976 [],[23996]
10.941951 699.700000 20721 0 1 99023 977 [],[7166]
10.943341 699.800000 43934 0 1 99022 978 [],[9]
10.945145 699.900000 65711 0 1 99021 979 [],[43]
10.951911 700.000000 10585 0 1 99020 980 [],[31]
10.953314 700.300000 78572 0 1 99019 981 [],[30]
10.954057 700.300000 57350 0 1 99018 982 [],[67]
10.954146 700.300000 21094 0 1 99017 983 [],[400]
10.954491 701.200000 30944 0 1 99016 984 [],[51]
10.955271 701.400000 5327 0 1 99015 985 [],[215]
10.957467 702.100000 27044 0 1 99014 986 [],[157]
10.957917 702.400000 1415 0 1 99013 987 [],[47]
10.957990 704.100000 40962 0 1 99012 988 [],[600]
10.958895 704.100000 69615 0 1 99011 989 [],[494]
10.961736 704.100000 40344 0 1 99010 990 [],[488]
10.964302 704.200000 85807 0 1 99009 991 [],[42201]
10.965731 704.200000 51949 0 1 99008 992 [],[31]
10.968422 704.200000 61 0 1 99007 993 [],[6881,30]
10.970635 714.300000 25885 0 1 99006 994 [],[124]
10.970881 714.300000 9732 0 1 99005 995 [],[5352]
10.972208 715.300000 78560 0 1 99004 996 [],[2647]
10.974533 715.300000 3892 0 1 99003 997 [],[3528]
10.975452 715.800000 38253 0 1 99002 998 [],[43]
10.975916 716.100000 909 0 1 99001 999 [],[2296]
10.978351 718.400000 48805 0 1 99000 1000 [],[43,390]
